1 0.998269 0.995537 0.98505 0.970722 0.95195 0.925584 0.892356 0.852087 0.804172 0.750337 0.689512 0.625344 0.555712 0.480862 0.402131 0.313634 0.215456 
0.748584 0.383991 0.238494 0.140053 0.0808219 0.04555 0.0233687 0.0103375 0.0035 0.00085625 0.000140625 9.375e-06 0 0 0 0 0 0 
0.602347 0.184425 0.0671531 0.0169375 0.00307812 0.00038125 4.0625e-05 3.125e-06 0 0 0 0 0 0 0 0 0 0 
0.486172 0.0943813 0.0202625 0.0018875 8.4375e-05 3.125e-06 0 0 0 0 0 0 0 0 0 0 0 0 
0.38605 0.0442094 0.00500938 0.00011875 0 0 0 0 0 0 0 0 0 0 0 0 0 0 
0.298987 0.0179687 0.000815625 6.25e-06 0 0 0 0 0 0 0 0 0 0 0 0 0 0 
0.224787 0.0058875 5.3125e-05 0 0 0 0 0 0 0 0 0 0 0 0 0 0 0 
0.162359 0.00143437 9.375e-06 0 0 0 0 0 0 0 0 0 0 0 0 0 0 0 
0.112906 0.00024375 0 0 0 0 0 0 0 0 0 0 0 0 0 0 0 0 
0.0756906 2.5e-05 0 0 0 0 0 0 0 0 0 0 0 0 0 0 0 0 
0.04805 0 0 0 0 0 0 0 0 0 0 0 0 0 0 0 0 0 
0.0279656 0 0 0 0 0 0 0 0 0 0 0 0 0 0 0 0 0 
0.0148 0 0 0 0 0 0 0 0 0 0 0 0 0 0 0 0 0 
0.00722187 0 0 0 0 0 0 0 0 0 0 0 0 0 0 0 0 0 
0.0028125 0 0 0 0 0 0 0 0 0 0 0 0 0 0 0 0 0 
0.000853125 0 0 0 0 0 0 0 0 0 0 0 0 0 0 0 0 0 
0.0001375 0 0 0 0 0 0 0 0 0 0 0 0 0 0 0 0 0 
1.5625e-05 0 0 0 0 0 0 0 0 0 0 0 0 0 0 0 0 0 

1 0.997544 0.99415 0.97835 0.954681 0.923712 0.8816 0.8328 0.77055 0.703894 0.632119 0.560069 0.487962 0.417194 0.346431 0.278544 0.205844 0.138125 
0.823356 0.590106 0.422112 0.273344 0.164281 0.0964812 0.0501 0.0236625 0.00813125 0.0021375 0.00055 0.00011875 2.5e-05 6.25e-06 6.25e-06 0 0 0 
0.672881 0.323175 0.137119 0.0387187 0.0071625 0.0010125 8.125e-05 3.125e-05 6.25e-06 1.25e-05 0 0 0 0 0 0 0 0 
0.541444 0.174319 0.0454812 0.00475625 0.00023125 1.25e-05 0 0 0 0 0 0 0 0 0 0 0 0 
0.419912 0.0834562 0.0109187 0.0002875 0 6.25e-06 0 0 0 0 0 0 0 0 0 0 0 0 
0.313244 0.033375 0.00191875 6.25e-06 0 0 0 0 0 0 0 0 0 0 0 0 0 0 
0.224894 0.01095 0.00023125 0 0 0 0 0 0 0 0 0 0 0 0 0 0 0 
0.153575 0.0029 1.875e-05 0 0 0 0 0 0 0 0 0 0 0 0 0 0 0 
0.101019 0.000525 6.25e-06 0 0 0 0 0 0 0 0 0 0 0 0 0 0 0 
0.0629937 0.00011875 0 0 0 0 0 0 0 0 0 0 0 0 0 0 0 0 
0.0375687 6.25e-06 0 0 0 0 0 0 0 0 0 0 0 0 0 0 0 0 
0.0205937 0 0 0 0 0 0 0 0 0 0 0 0 0 0 0 0 0 
0.0103937 0 0 0 0 0 0 0 0 0 0 0 0 0 0 0 0 0 
0.00450625 0 0 0 0 0 0 0 0 0 0 0 0 0 0 0 0 0 
0.00159375 0 0 0 0 0 0 0 0 0 0 0 0 0 0 0 0 0 
0.00044375 0 0 0 0 0 0 0 0 0 0 0 0 0 0 0 0 0 
0.0001 0 0 0 0 0 0 0 0 0 0 0 0 0 0 0 0 0 
6.25e-06 0 0 0 0 0 0 0 0 0 0 0 0 0 0 0 0 0 

1 0.998425 0.996894 0.990625 0.982881 0.973325 0.962962 0.947119 0.927637 0.9041 0.874025 0.837625 0.794256 0.74245 0.679169 0.6034 0.505 0.363106 
0.623025 0.0420875 0.0139562 0.00616875 0.00309375 0.0016 0.00088125 0.00036875 0.000125 8.125e-05 1.25e-05 0 0 0 0 0 0 0 
0.481694 0.0107062 0.001575 0.000175 2.5e-05 0 0 0 0 0 0 0 0 0 0 0 0 0 
0.389694 0.00454375 0.0003125 6.25e-06 0 0 0 0 0 0 0 0 0 0 0 0 0 0 
0.318656 0.00198125 5e-05 0 0 0 0 0 0 0 0 0 0 0 0 0 0 0 
0.258781 0.00078125 6.25e-06 0 0 0 0 0 0 0 0 0 0 0 0 0 0 0 
0.206975 0.0003 0 0 0 0 0 0 0 0 0 0 0 0 0 0 0 0 
0.164756 7.5e-05 0 0 0 0 0 0 0 0 0 0 0 0 0 0 0 0 
0.124769 1.25e-05 0 0 0 0 0 0 0 0 0 0 0 0 0 0 0 0 
0.0928375 0 0 0 0 0 0 0 0 0 0 0 0 0 0 0 0 0 
0.0663812 0 0 0 0 0 0 0 0 0 0 0 0 0 0 0 0 0 
0.0447125 0 0 0 0 0 0 0 0 0 0 0 0 0 0 0 0 0 
0.0282125 0 0 0 0 0 0 0 0 0 0 0 0 0 0 0 0 0 
0.01615 0 0 0 0 0 0 0 0 0 0 0 0 0 0 0 0 0 
0.00799375 0 0 0 0 0 0 0 0 0 0 0 0 0 0 0 0 0 
0.002825 0 0 0 0 0 0 0 0 0 0 0 0 0 0 0 0 0 
0.00056875 0 0 0 0 0 0 0 0 0 0 0 0 0 0 0 0 0 
4.375e-05 0 0 0 0 0 0 0 0 0 0 0 0 0 0 0 0 0 

1 0.996737 0.992125 0.97035 0.9328 0.890762 0.83195 0.765787 0.687063 0.602925 0.5168 0.441962 0.367038 0.303288 0.2417 0.1887 0.136637 0.093175 
0.872262 0.747413 0.59985 0.430137 0.267363 0.1655 0.0872 0.0422875 0.01455 0.00455 0.0014125 0.000425 0.000225 5e-05 1.25e-05 0 0 0 
0.708537 0.446763 0.220412 0.07025 0.012525 0.0026625 0.0002625 7.5e-05 1.25e-05 1.25e-05 0 0 0 0 0 0 0 0 
0.56205 0.253462 0.076375 0.0111125 0.0005375 0.0001 0 0 0 0 0 0 0 0 0 0 0 0 
0.424025 0.121612 0.0184 0.000825 3.75e-05 0 0 0 0 0 0 0 0 0 0 0 0 0 
0.301087 0.0497125 0.003575 8.75e-05 0 0 0 0 0 0 0 0 0 0 0 0 0 0 
0.202387 0.01645 0.000525 0 0 0 0 0 0 0 0 0 0 0 0 0 0 0 
0.129912 0.0038875 0.0001375 1.25e-05 0 0 0 0 0 0 0 0 0 0 0 0 0 0 
0.077425 0.0009375 2.5e-05 0 0 0 0 0 0 0 0 0 0 0 0 0 0 0 
0.0446 0.0001875 0 0 0 0 0 0 0 0 0 0 0 0 0 0 0 0 
0.0241125 3.75e-05 0 0 0 0 0 0 0 0 0 0 0 0 0 0 0 0 
0.0127 0 0 0 0 0 0 0 0 0 0 0 0 0 0 0 0 0 
0.0055 0 0 0 0 0 0 0 0 0 0 0 0 0 0 0 0 0 
0.0024875 0 0 0 0 0 0 0 0 0 0 0 0 0 0 0 0 0 
0.000875 0 0 0 0 0 0 0 0 0 0 0 0 0 0 0 0 0 
0.0002375 0 0 0 0 0 0 0 0 0 0 0 0 0 0 0 0 0 
1.25e-05 0 0 0 0 0 0 0 0 0 0 0 0 0 0 0 0 0 
0 0 0 0 0 0 0 0 0 0 0 0 0 0 0 0 0 0 

1 0.9984 0.9965 0.987825 0.978987 0.966875 0.952175 0.932625 0.909125 0.87945 0.845712 0.803975 0.7546 0.6957 0.626175 0.546587 0.44725 0.315375 
0.665625 0.154825 0.0725375 0.0374625 0.0200625 0.0112875 0.0060625 0.00285 0.001075 0.00015 3.75e-05 0 0 0 0 0 0 0 
0.515875 0.0527375 0.0128 0.0026 0.0003125 1.25e-05 1.25e-05 0 0 0 0 0 0 0 0 0 0 0 
0.41505 0.0244125 0.0034875 0.0002375 3.75e-05 0 0 0 0 0 0 0 0 0 0 0 0 0 
0.3353 0.0117375 0.0007125 1.25e-05 0 0 0 0 0 0 0 0 0 0 0 0 0 0 
0.2678 0.004875 0.0001625 0 0 0 0 0 0 0 0 0 0 0 0 0 0 0 
0.212662 0.0015875 1.25e-05 0 0 0 0 0 0 0 0 0 0 0 0 0 0 0 
0.162862 0.0004 0 0 0 0 0 0 0 0 0 0 0 0 0 0 0 0 
0.123125 6.25e-05 0 0 0 0 0 0 0 0 0 0 0 0 0 0 0 0 
0.0892125 2.5e-05 0 0 0 0 0 0 0 0 0 0 0 0 0 0 0 0 
0.0618625 0 0 0 0 0 0 0 0 0 0 0 0 0 0 0 0 0 
0.0414625 0 0 0 0 0 0 0 0 0 0 0 0 0 0 0 0 0 
0.025375 0 0 0 0 0 0 0 0 0 0 0 0 0 0 0 0 0 
0.0140625 0 0 0 0 0 0 0 0 0 0 0 0 0 0 0 0 0 
0.0067 0 0 0 0 0 0 0 0 0 0 0 0 0 0 0 0 0 
0.0025375 0 0 0 0 0 0 0 0 0 0 0 0 0 0 0 0 0 
0.0005 0 0 0 0 0 0 0 0 0 0 0 0 0 0 0 0 0 
6.25e-05 0 0 0 0 0 0 0 0 0 0 0 0 0 0 0 0 0 

1 0.998587 0.99635 0.988525 0.979825 0.967837 0.95325 0.934762 0.910737 0.880725 0.844575 0.798025 0.746037 0.684012 0.610775 0.523237 0.414775 0.27565 
0.70395 0.104612 0.040475 0.018275 0.0096 0.005075 0.0028 0.0014 0.0005625 8.75e-05 2.5e-05 1.25e-05 0 0 0 0 0 0 
0.558712 0.0292375 0.0050625 0.000675 0.000125 2.5e-05 0 0 0 0 0 0 0 0 0 0 0 0 
0.45445 0.0131 0.0011875 7.5e-05 0 0 0 0 0 0 0 0 0 0 0 0 0 0 
0.372875 0.0057 0.00025 1.25e-05 0 0 0 0 0 0 0 0 0 0 0 0 0 0 
0.302487 0.0022625 1.25e-05 0 0 0 0 0 0 0 0 0 0 0 0 0 0 0 
0.241412 0.00085 1.25e-05 0 0 0 0 0 0 0 0 0 0 0 0 0 0 0 
0.188863 0.000225 0 0 0 0 0 0 0 0 0 0 0 0 0 0 0 0 
0.142387 3.75e-05 0 0 0 0 0 0 0 0 0 0 0 0 0 0 0 0 
0.105362 0 0 0 0 0 0 0 0 0 0 0 0 0 0 0 0 0 
0.07335 0 0 0 0 0 0 0 0 0 0 0 0 0 0 0 0 0 
0.0493 0 0 0 0 0 0 0 0 0 0 0 0 0 0 0 0 0 
0.0296125 0 0 0 0 0 0 0 0 0 0 0 0 0 0 0 0 0 
0.016975 0 0 0 0 0 0 0 0 0 0 0 0 0 0 0 0 0 
0.007675 0 0 0 0 0 0 0 0 0 0 0 0 0 0 0 0 0 
0.0025375 0 0 0 0 0 0 0 0 0 0 0 0 0 0 0 0 0 
0.0005125 0 0 0 0 0 0 0 0 0 0 0 0 0 0 0 0 0 
7.5e-05 0 0 0 0 0 0 0 0 0 0 0 0 0 0 0 0 0 

1 0.998662 0.997413 0.991862 0.986425 0.977775 0.967837 0.9554 0.941525 0.92295 0.899225 0.871825 0.838037 0.795787 0.745337 0.679038 0.59035 0.45165 
0.541963 0.0001125 1.25e-05 1.25e-05 0 0 0 0 0 0 0 0 0 0 0 0 0 0 
0.40625 0 0 0 0 0 0 0 0 0 0 0 0 0 0 0 0 0 
0.32405 0 0 0 0 0 0 0 0 0 0 0 0 0 0 0 0 0 
0.2624 0 0 0 0 0 0 0 0 0 0 0 0 0 0 0 0 0 
0.21345 0 0 0 0 0 0 0 0 0 0 0 0 0 0 0 0 0 
0.1703 0 0 0 0 0 0 0 0 0 0 0 0 0 0 0 0 0 
0.135812 0 0 0 0 0 0 0 0 0 0 0 0 0 0 0 0 0 
0.104862 0 0 0 0 0 0 0 0 0 0 0 0 0 0 0 0 0 
0.0793 0 0 0 0 0 0 0 0 0 0 0 0 0 0 0 0 0 
0.05735 0 0 0 0 0 0 0 0 0 0 0 0 0 0 0 0 0 
0.0403375 0 0 0 0 0 0 0 0 0 0 0 0 0 0 0 0 0 
0.0264 0 0 0 0 0 0 0 0 0 0 0 0 0 0 0 0 0 
0.0154625 0 0 0 0 0 0 0 0 0 0 0 0 0 0 0 0 0 
0.0073375 0 0 0 0 0 0 0 0 0 0 0 0 0 0 0 0 0 
0.0027375 0 0 0 0 0 0 0 0 0 0 0 0 0 0 0 0 0 
0.000675 0 0 0 0 0 0 0 0 0 0 0 0 0 0 0 0 0 
7.5e-05 0 0 0 0 0 0 0 0 0 0 0 0 0 0 0 0 0 

1 0.996425 0.990275 0.965675 0.9164 0.8685 0.7908 0.711375 0.61085 0.52245 0.424475 0.3497 0.276225 0.2215 0.169275 0.13165 0.0922 0.06365 
0.9036 0.835675 0.72275 0.563 0.35955 0.23265 0.1249 0.0647 0.0213 0.00685 0.00255 0.0009 0.000275 7.5e-05 2.5e-05 0 0 0 
0.7313 0.538525 0.292125 0.10975 0.0172 0.005175 0.00045 0.000125 5e-05 0 0 0 0 0 0 0 0 0 
0.573525 0.3191 0.10445 0.0202 0.00105 0.000175 0 0 0 0 0 0 0 0 0 0 0 0 
0.41005 0.1499 0.025775 0.002475 5e-05 0 0 0 0 0 0 0 0 0 0 0 0 0 
0.2803 0.0591 0.0058 0.00045 0 0 0 0 0 0 0 0 0 0 0 0 0 0 
0.176125 0.017975 0.00085 0.0001 0 0 0 0 0 0 0 0 0 0 0 0 0 0 
0.1028 0.0046 0.000175 0 0 0 0 0 0 0 0 0 0 0 0 0 0 0 
0.0553 0.001175 5e-05 0 0 0 0 0 0 0 0 0 0 0 0 0 0 0 
0.028325 0.000425 2.5e-05 0 0 0 0 0 0 0 0 0 0 0 0 0 0 0 
0.014125 0.000125 2.5e-05 0 0 0 0 0 0 0 0 0 0 0 0 0 0 0 
0.0064 7.5e-05 2.5e-05 0 0 0 0 0 0 0 0 0 0 0 0 0 0 0 
0.002625 0 0 0 0 0 0 0 0 0 0 0 0 0 0 0 0 0 
0.000825 0 0 0 0 0 0 0 0 0 0 0 0 0 0 0 0 0 
0.000375 0 0 0 0 0 0 0 0 0 0 0 0 0 0 0 0 0 
0.0001 0 0 0 0 0 0 0 0 0 0 0 0 0 0 0 0 0 
2.5e-05 0 0 0 0 0 0 0 0 0 0 0 0 0 0 0 0 0 
2.5e-05 0 0 0 0 0 0 0 0 0 0 0 0 0 0 0 0 0 

1 0.99815 0.995525 0.98345 0.96705 0.948 0.9197 0.887225 0.847775 0.802075 0.7533 0.69985 0.641925 0.581275 0.5167 0.44455 0.358325 0.2595 
0.7114 0.398325 0.259 0.157375 0.096625 0.057875 0.0318 0.01475 0.0052 0.001625 0.000525 0.0001 0 0 0 0 0 0 
0.54815 0.18725 0.0731 0.019125 0.0044 0.000525 5e-05 0 0 0 0 0 0 0 0 0 0 0 
0.432025 0.097675 0.0226 0.00205 7.5e-05 0 0 0 0 0 0 0 0 0 0 0 0 0 
0.335725 0.04625 0.006 0.000125 0 0 0 0 0 0 0 0 0 0 0 0 0 0 
0.257325 0.01945 0.00105 0 0 0 0 0 0 0 0 0 0 0 0 0 0 0 
0.193625 0.006525 0.000225 0 0 0 0 0 0 0 0 0 0 0 0 0 0 0 
0.139625 0.001675 2.5e-05 0 0 0 0 0 0 0 0 0 0 0 0 0 0 0 
0.097875 0.0004 0 0 0 0 0 0 0 0 0 0 0 0 0 0 0 0 
0.06625 0 0 0 0 0 0 0 0 0 0 0 0 0 0 0 0 0 
0.044175 2.5e-05 0 0 0 0 0 0 0 0 0 0 0 0 0 0 0 0 
0.02795 0 0 0 0 0 0 0 0 0 0 0 0 0 0 0 0 0 
0.01635 0 0 0 0 0 0 0 0 0 0 0 0 0 0 0 0 0 
0.008375 0 0 0 0 0 0 0 0 0 0 0 0 0 0 0 0 0 
0.003325 0 0 0 0 0 0 0 0 0 0 0 0 0 0 0 0 0 
0.001325 0 0 0 0 0 0 0 0 0 0 0 0 0 0 0 0 0 
0.000325 0 0 0 0 0 0 0 0 0 0 0 0 0 0 0 0 0 
0 0 0 0 0 0 0 0 0 0 0 0 0 0 0 0 0 0 

1 0.998175 0.995475 0.9844 0.9721 0.954325 0.932425 0.904975 0.87035 0.829675 0.7835 0.728725 0.66975 0.602475 0.5266 0.4427 0.342175 0.232275 
0.741 0.311325 0.17285 0.0958 0.054975 0.033 0.017575 0.00885 0.002975 0.000825 0.000225 5e-05 0 0 0 0 0 0 
0.583275 0.125075 0.03575 0.008275 0.00115 0.000175 7.5e-05 0 0 0 0 0 0 0 0 0 0 0 
0.468475 0.060925 0.009825 0.00105 0 0 0 0 0 0 0 0 0 0 0 0 0 0 
0.37455 0.027975 0.002 2.5e-05 0 0 0 0 0 0 0 0 0 0 0 0 0 0 
0.297125 0.01215 0.000475 2.5e-05 0 0 0 0 0 0 0 0 0 0 0 0 0 0 
0.23115 0.003975 5e-05 0 0 0 0 0 0 0 0 0 0 0 0 0 0 0 
0.176725 0.0013 0 0 0 0 0 0 0 0 0 0 0 0 0 0 0 0 
0.131525 0.0004 0 0 0 0 0 0 0 0 0 0 0 0 0 0 0 0 
0.0936 7.5e-05 0 0 0 0 0 0 0 0 0 0 0 0 0 0 0 0 
0.062825 0 0 0 0 0 0 0 0 0 0 0 0 0 0 0 0 0 
0.03855 0 0 0 0 0 0 0 0 0 0 0 0 0 0 0 0 0 
0.02315 0 0 0 0 0 0 0 0 0 0 0 0 0 0 0 0 0 
0.0119 0 0 0 0 0 0 0 0 0 0 0 0 0 0 0 0 0 
0.0049 0 0 0 0 0 0 0 0 0 0 0 0 0 0 0 0 0 
0.00165 0 0 0 0 0 0 0 0 0 0 0 0 0 0 0 0 0 
0.000275 0 0 0 0 0 0 0 0 0 0 0 0 0 0 0 0 0 
2.5e-05 0 0 0 0 0 0 0 0 0 0 0 0 0 0 0 0 0 

1 0.9991 0.997075 0.9917 0.985125 0.976075 0.965525 0.953775 0.93745 0.9196 0.8926 0.861825 0.826125 0.780225 0.727175 0.65835 0.56455 0.423475 
0.567825 0.004125 0.0008 0.000275 0.00015 5e-05 2.5e-05 0 0 0 0 0 0 0 0 0 0 0 
0.432475 0.000675 7.5e-05 0 0 0 0 0 0 0 0 0 0 0 0 0 0 0 
0.3454 0.000225 0 0 0 0 0 0 0 0 0 0 0 0 0 0 0 0 
0.2794 5e-05 2.5e-05 0 0 0 0 0 0 0 0 0 0 0 0 0 0 0 
0.228625 2.5e-05 0 0 0 0 0 0 0 0 0 0 0 0 0 0 0 0 
0.182875 0 0 0 0 0 0 0 0 0 0 0 0 0 0 0 0 0 
0.1443 0 0 0 0 0 0 0 0 0 0 0 0 0 0 0 0 0 
0.11155 0 0 0 0 0 0 0 0 0 0 0 0 0 0 0 0 0 
0.084125 0 0 0 0 0 0 0 0 0 0 0 0 0 0 0 0 0 
0.0601 0 0 0 0 0 0 0 0 0 0 0 0 0 0 0 0 0 
0.04155 0 0 0 0 0 0 0 0 0 0 0 0 0 0 0 0 0 
0.0271 0 0 0 0 0 0 0 0 0 0 0 0 0 0 0 0 0 
0.016225 0 0 0 0 0 0 0 0 0 0 0 0 0 0 0 0 0 
0.0079 0 0 0 0 0 0 0 0 0 0 0 0 0 0 0 0 0 
0.003175 0 0 0 0 0 0 0 0 0 0 0 0 0 0 0 0 0 
0.000975 0 0 0 0 0 0 0 0 0 0 0 0 0 0 0 0 0 
0.00015 0 0 0 0 0 0 0 0 0 0 0 0 0 0 0 0 0 

1 0.99745 0.99495 0.9852 0.973425 0.959225 0.939325 0.9122 0.881025 0.841725 0.794375 0.73985 0.673325 0.60005 0.514975 0.4209 0.315075 0.198725 
0.77625 0.222775 0.1005 0.04865 0.0266 0.014825 0.0076 0.003975 0.001625 0.00025 2.5e-05 0 0 0 0 0 0 0 
0.635825 0.07345 0.014725 0.002325 0.00025 7.5e-05 0 0 0 0 0 0 0 0 0 0 0 0 
0.5251 0.03415 0.003775 0.000275 2.5e-05 0 0 0 0 0 0 0 0 0 0 0 0 0 
0.430875 0.0147 0.000675 0 0 0 0 0 0 0 0 0 0 0 0 0 0 0 
0.347675 0.00545 0.00015 0 0 0 0 0 0 0 0 0 0 0 0 0 0 0 
0.276 0.00215 2.5e-05 0 0 0 0 0 0 0 0 0 0 0 0 0 0 0 
0.2168 0.000475 0 0 0 0 0 0 0 0 0 0 0 0 0 0 0 0 
0.162025 7.5e-05 0 0 0 0 0 0 0 0 0 0 0 0 0 0 0 0 
0.115875 2.5e-05 0 0 0 0 0 0 0 0 0 0 0 0 0 0 0 0 
0.08025 0 0 0 0 0 0 0 0 0 0 0 0 0 0 0 0 0 
0.052075 0 0 0 0 0 0 0 0 0 0 0 0 0 0 0 0 0 
0.031375 0 0 0 0 0 0 0 0 0 0 0 0 0 0 0 0 0 
0.0167 0 0 0 0 0 0 0 0 0 0 0 0 0 0 0 0 0 
0.007975 0 0 0 0 0 0 0 0 0 0 0 0 0 0 0 0 0 
0.003125 0 0 0 0 0 0 0 0 0 0 0 0 0 0 0 0 0 
0.000575 0 0 0 0 0 0 0 0 0 0 0 0 0 0 0 0 0 
0.0001 0 0 0 0 0 0 0 0 0 0 0 0 0 0 0 0 0 

1 0.998525 0.99715 0.9901 0.983725 0.974475 0.9622 0.947475 0.92955 0.906975 0.878575 0.846075 0.80595 0.7552 0.693275 0.616725 0.51605 0.366 
0.62535 0.00095 0.000175 2.5e-05 2.5e-05 2.5e-05 2.5e-05 0 0 0 0 0 0 0 0 0 0 0 
0.481325 0.0001 0 0 0 0 0 0 0 0 0 0 0 0 0 0 0 0 
0.3869 2.5e-05 0 0 0 0 0 0 0 0 0 0 0 0 0 0 0 0 
0.3156 0 0 0 0 0 0 0 0 0 0 0 0 0 0 0 0 0 
0.258025 0 0 0 0 0 0 0 0 0 0 0 0 0 0 0 0 0 
0.2053 0 0 0 0 0 0 0 0 0 0 0 0 0 0 0 0 0 
0.1628 0 0 0 0 0 0 0 0 0 0 0 0 0 0 0 0 0 
0.124 0 0 0 0 0 0 0 0 0 0 0 0 0 0 0 0 0 
0.09535 0 0 0 0 0 0 0 0 0 0 0 0 0 0 0 0 0 
0.0685 0 0 0 0 0 0 0 0 0 0 0 0 0 0 0 0 0 
0.046725 0 0 0 0 0 0 0 0 0 0 0 0 0 0 0 0 0 
0.030475 0 0 0 0 0 0 0 0 0 0 0 0 0 0 0 0 0 
0.01725 0 0 0 0 0 0 0 0 0 0 0 0 0 0 0 0 0 
0.0089 0 0 0 0 0 0 0 0 0 0 0 0 0 0 0 0 0 
0.00335 0 0 0 0 0 0 0 0 0 0 0 0 0 0 0 0 0 
0.00075 0 0 0 0 0 0 0 0 0 0 0 0 0 0 0 0 0 
2.5e-05 0 0 0 0 0 0 0 0 0 0 0 0 0 0 0 0 0 

1 0.9984 0.996625 0.990175 0.98215 0.97325 0.962125 0.948425 0.9295 0.907275 0.8781 0.8458 0.803675 0.750175 0.6911 0.616 0.513775 0.367375 
0.6218 0.00045 2.5e-05 0 0 0 0 0 0 0 0 0 0 0 0 0 0 0 
0.479875 7.5e-05 0 0 0 0 0 0 0 0 0 0 0 0 0 0 0 0 
0.38885 0 0 0 0 0 0 0 0 0 0 0 0 0 0 0 0 0 
0.31835 0 0 0 0 0 0 0 0 0 0 0 0 0 0 0 0 0 
0.258675 0 0 0 0 0 0 0 0 0 0 0 0 0 0 0 0 0 
0.2097 0 0 0 0 0 0 0 0 0 0 0 0 0 0 0 0 0 
0.163125 0 0 0 0 0 0 0 0 0 0 0 0 0 0 0 0 0 
0.12825 0 0 0 0 0 0 0 0 0 0 0 0 0 0 0 0 0 
0.09565 0 0 0 0 0 0 0 0 0 0 0 0 0 0 0 0 0 
0.0702 0 0 0 0 0 0 0 0 0 0 0 0 0 0 0 0 0 
0.048175 0 0 0 0 0 0 0 0 0 0 0 0 0 0 0 0 0 
0.030975 0 0 0 0 0 0 0 0 0 0 0 0 0 0 0 0 0 
0.018825 0 0 0 0 0 0 0 0 0 0 0 0 0 0 0 0 0 
0.00895 0 0 0 0 0 0 0 0 0 0 0 0 0 0 0 0 0 
0.003425 0 0 0 0 0 0 0 0 0 0 0 0 0 0 0 0 0 
0.000675 0 0 0 0 0 0 0 0 0 0 0 0 0 0 0 0 0 
2.5e-05 0 0 0 0 0 0 0 0 0 0 0 0 0 0 0 0 0 

1 0.9988 0.997975 0.992575 0.98705 0.9807 0.972575 0.96285 0.951025 0.9348 0.91625 0.894375 0.864 0.830325 0.78865 0.732875 0.65845 0.533 
0.461925 0 0 0 0 0 0 0 0 0 0 0 0 0 0 0 0 0 
0.3407 0 0 0 0 0 0 0 0 0 0 0 0 0 0 0 0 0 
0.269675 0 0 0 0 0 0 0 0 0 0 0 0 0 0 0 0 0 
0.218575 0 0 0 0 0 0 0 0 0 0 0 0 0 0 0 0 0 
0.177975 0 0 0 0 0 0 0 0 0 0 0 0 0 0 0 0 0 
0.141625 0 0 0 0 0 0 0 0 0 0 0 0 0 0 0 0 0 
0.111475 0 0 0 0 0 0 0 0 0 0 0 0 0 0 0 0 0 
0.087575 0 0 0 0 0 0 0 0 0 0 0 0 0 0 0 0 0 
0.0674 0 0 0 0 0 0 0 0 0 0 0 0 0 0 0 0 0 
0.0482 0 0 0 0 0 0 0 0 0 0 0 0 0 0 0 0 0 
0.032525 0 0 0 0 0 0 0 0 0 0 0 0 0 0 0 0 0 
0.021825 0 0 0 0 0 0 0 0 0 0 0 0 0 0 0 0 0 
0.013675 0 0 0 0 0 0 0 0 0 0 0 0 0 0 0 0 0 
0.00675 0 0 0 0 0 0 0 0 0 0 0 0 0 0 0 0 0 
0.00295 0 0 0 0 0 0 0 0 0 0 0 0 0 0 0 0 0 
0.000825 0 0 0 0 0 0 0 0 0 0 0 0 0 0 0 0 0 
5e-05 0 0 0 0 0 0 0 0 0 0 0 0 0 0 0 0 0 

1 0.99645 0.98965 0.96585 0.90265 0.84985 0.75325 0.67025 0.56115 0.46545 0.36415 0.2932 0.2202 0.1729 0.125 0.0959 0.06405 0.04565 
0.92525 0.87505 0.78745 0.6548 0.41575 0.2739 0.1448 0.0752 0.023 0.0074 0.00335 0.00195 0.0009 0.0003 0.0001 5e-05 0 0 
0.7471 0.5859 0.33425 0.1366 0.01835 0.0063 0.0014 0.00035 5e-05 0 0 0 0 0 0 0 0 0 
0.59385 0.3613 0.13115 0.03185 0.00195 0.0007 0.0001 5e-05 0 0 0 0 0 0 0 0 0 0 
0.41295 0.1661 0.0264 0.00355 0.00025 5e-05 0 0 0 0 0 0 0 0 0 0 0 0 
0.27655 0.0645 0.006 0.0007 0 0 0 0 0 0 0 0 0 0 0 0 0 0 
0.16105 0.0204 0.00125 5e-05 0 0 0 0 0 0 0 0 0 0 0 0 0 0 
0.0937 0.00625 0.00035 0 0 0 0 0 0 0 0 0 0 0 0 0 0 0 
0.0451 0.00135 0 0 0 0 0 0 0 0 0 0 0 0 0 0 0 0 
0.02195 0.0002 0 0 0 0 0 0 0 0 0 0 0 0 0 0 0 0 
0.00935 0.0001 0 0 0 0 0 0 0 0 0 0 0 0 0 0 0 0 
0.00385 0 0 0 0 0 0 0 0 0 0 0 0 0 0 0 0 0 
0.00135 0 0 0 0 0 0 0 0 0 0 0 0 0 0 0 0 0 
0.00045 0 0 0 0 0 0 0 0 0 0 0 0 0 0 0 0 0 
5e-05 0 0 0 0 0 0 0 0 0 0 0 0 0 0 0 0 0 
5e-05 0 0 0 0 0 0 0 0 0 0 0 0 0 0 0 0 0 
0 0 0 0 0 0 0 0 0 0 0 0 0 0 0 0 0 0 
0 0 0 0 0 0 0 0 0 0 0 0 0 0 0 0 0 0 

1 0.99805 0.99225 0.97325 0.9382 0.89105 0.83535 0.7654 0.68845 0.6037 0.52675 0.4568 0.39115 0.33275 0.2722 0.2186 0.1664 0.11325 
0.85045 0.70665 0.56695 0.3912 0.25015 0.14355 0.0771 0.03605 0.0127 0.00335 0.001 0.00015 0 0 0 0 0 0 
0.69345 0.4355 0.23415 0.0757 0.01515 0.00235 0.00025 5e-05 0 0 0 0 0 0 0 0 0 0 
0.553 0.25685 0.0855 0.0109 0.00075 5e-05 0 0 0 0 0 0 0 0 0 0 0 0 
0.41395 0.1225 0.02235 0.00085 0 0 0 0 0 0 0 0 0 0 0 0 0 0 
0.29805 0.0503 0.00415 5e-05 0 0 0 0 0 0 0 0 0 0 0 0 0 0 
0.20025 0.0154 0.0004 0 0 0 0 0 0 0 0 0 0 0 0 0 0 0 
0.12645 0.0037 0 0 0 0 0 0 0 0 0 0 0 0 0 0 0 0 
0.07805 0.0006 0 0 0 0 0 0 0 0 0 0 0 0 0 0 0 0 
0.04475 0.0002 0 0 0 0 0 0 0 0 0 0 0 0 0 0 0 0 
0.0253 0 0 0 0 0 0 0 0 0 0 0 0 0 0 0 0 0 
0.01355 0 0 0 0 0 0 0 0 0 0 0 0 0 0 0 0 0 
0.0071 0 0 0 0 0 0 0 0 0 0 0 0 0 0 0 0 0 
0.0037 0 0 0 0 0 0 0 0 0 0 0 0 0 0 0 0 0 
0.00115 0 0 0 0 0 0 0 0 0 0 0 0 0 0 0 0 0 
0.0005 0 0 0 0 0 0 0 0 0 0 0 0 0 0 0 0 0 
0.00015 0 0 0 0 0 0 0 0 0 0 0 0 0 0 0 0 0 
0 0 0 0 0 0 0 0 0 0 0 0 0 0 0 0 0 0 

1 0.9978 0.994 0.97655 0.95065 0.91585 0.86985 0.81945 0.7616 0.69715 0.6283 0.56005 0.49385 0.43 0.36385 0.29815 0.22985 0.15895 
0.80885 0.6151 0.4566 0.30425 0.1874 0.1122 0.0618 0.02915 0.0118 0.0035 0.0006 0.00015 0 0 0 0 0 0 
0.6353 0.3351 0.1543 0.04535 0.00705 0.00145 0.0001 0 0 0 0 0 0 0 0 0 0 0 
0.49675 0.1825 0.05285 0.00545 0.0003 0 0 0 0 0 0 0 0 0 0 0 0 0 
0.37705 0.0894 0.013 0.0006 0 0 0 0 0 0 0 0 0 0 0 0 0 0 
0.27835 0.03735 0.00275 0.0001 0 0 0 0 0 0 0 0 0 0 0 0 0 0 
0.1998 0.0123 0.00055 0 0 0 0 0 0 0 0 0 0 0 0 0 0 0 
0.13155 0.0028 0.0002 0 0 0 0 0 0 0 0 0 0 0 0 0 0 0 
0.08315 0.00055 0 0 0 0 0 0 0 0 0 0 0 0 0 0 0 0 
0.05135 0.0001 5e-05 0 0 0 0 0 0 0 0 0 0 0 0 0 0 0 
0.0312 0 0 0 0 0 0 0 0 0 0 0 0 0 0 0 0 0 
0.01855 0 0 0 0 0 0 0 0 0 0 0 0 0 0 0 0 0 
0.0087 0 0 0 0 0 0 0 0 0 0 0 0 0 0 0 0 0 
0.0045 0 0 0 0 0 0 0 0 0 0 0 0 0 0 0 0 0 
0.0016 0 0 0 0 0 0 0 0 0 0 0 0 0 0 0 0 0 
0.0005 0 0 0 0 0 0 0 0 0 0 0 0 0 0 0 0 0 
0.0001 0 0 0 0 0 0 0 0 0 0 0 0 0 0 0 0 0 
5e-05 0 0 0 0 0 0 0 0 0 0 0 0 0 0 0 0 0 

1 0.9987 0.99715 0.99 0.9832 0.97465 0.9647 0.95065 0.93245 0.91025 0.8851 0.85195 0.8128 0.76945 0.71345 0.64525 0.55515 0.4216 
0.5672 0.07125 0.0306 0.0161 0.0086 0.00565 0.00305 0.00165 0.00045 0.0001 0 0 0 0 0 0 0 0 
0.4295 0.02165 0.0046 0.0011 0.00035 0 0 0 0 0 0 0 0 0 0 0 0 0 
0.33995 0.00925 0.00125 0.0001 0 0 0 0 0 0 0 0 0 0 0 0 0 0 
0.2702 0.0039 0.00025 0 0 0 0 0 0 0 0 0 0 0 0 0 0 0 
0.2172 0.00155 0 0 0 0 0 0 0 0 0 0 0 0 0 0 0 0 
0.1765 0.0008 0 0 0 0 0 0 0 0 0 0 0 0 0 0 0 0 
0.13655 0.00015 0 0 0 0 0 0 0 0 0 0 0 0 0 0 0 0 
0.1063 0 0 0 0 0 0 0 0 0 0 0 0 0 0 0 0 0 
0.07675 0 0 0 0 0 0 0 0 0 0 0 0 0 0 0 0 0 
0.05585 0 0 0 0 0 0 0 0 0 0 0 0 0 0 0 0 0 
0.03725 0 0 0 0 0 0 0 0 0 0 0 0 0 0 0 0 0 
0.0242 0 0 0 0 0 0 0 0 0 0 0 0 0 0 0 0 0 
0.01365 0 0 0 0 0 0 0 0 0 0 0 0 0 0 0 0 0 
0.00645 0 0 0 0 0 0 0 0 0 0 0 0 0 0 0 0 0 
0.00265 0 0 0 0 0 0 0 0 0 0 0 0 0 0 0 0 0 
0.0007 0 0 0 0 0 0 0 0 0 0 0 0 0 0 0 0 0 
0.0002 0 0 0 0 0 0 0 0 0 0 0 0 0 0 0 0 0 

1 0.9973 0.994 0.98005 0.958 0.9318 0.89935 0.85925 0.80645 0.74935 0.6896 0.6259 0.5552 0.48305 0.40325 0.3248 0.24195 0.1594 
0.8098 0.5145 0.33525 0.2082 0.12425 0.0736 0.04015 0.01935 0.0066 0.00215 0.0007 0.00045 5e-05 0 0 0 0 0 
0.6487 0.2463 0.08565 0.0228 0.0036 0.0003 0 0 0 0 0 0 0 0 0 0 0 0 
0.5144 0.1222 0.02635 0.00285 5e-05 5e-05 0 0 0 0 0 0 0 0 0 0 0 0 
0.4058 0.05785 0.00715 0.0003 0 0 0 0 0 0 0 0 0 0 0 0 0 0 
0.3135 0.02445 0.0014 0.0001 0 0 0 0 0 0 0 0 0 0 0 0 0 0 
0.2331 0.0079 0.0001 5e-05 0 0 0 0 0 0 0 0 0 0 0 0 0 0 
0.16945 0.002 5e-05 0 0 0 0 0 0 0 0 0 0 0 0 0 0 0 
0.117 0.0005 0 0 0 0 0 0 0 0 0 0 0 0 0 0 0 0 
0.07945 0.0002 0 0 0 0 0 0 0 0 0 0 0 0 0 0 0 0 
0.0506 5e-05 0 0 0 0 0 0 0 0 0 0 0 0 0 0 0 0 
0.0313 0 0 0 0 0 0 0 0 0 0 0 0 0 0 0 0 0 
0.01755 0 0 0 0 0 0 0 0 0 0 0 0 0 0 0 0 0 
0.0086 0 0 0 0 0 0 0 0 0 0 0 0 0 0 0 0 0 
0.00335 0 0 0 0 0 0 0 0 0 0 0 0 0 0 0 0 0 
0.00105 0 0 0 0 0 0 0 0 0 0 0 0 0 0 0 0 0 
0.00015 0 0 0 0 0 0 0 0 0 0 0 0 0 0 0 0 0 
0 0 0 0 0 0 0 0 0 0 0 0 0 0 0 0 0 0 

1 0.9986 0.99605 0.9909 0.9835 0.97235 0.9622 0.94635 0.9256 0.90475 0.87605 0.8401 0.79745 0.7476 0.68325 0.60625 0.50425 0.3646 
0.62755 0.0219 0.0064 0.00245 0.00135 0.00085 0.0006 0.0003 0.0001 0 0 0 0 0 0 0 0 0 
0.48585 0.0043 0.00035 5e-05 0 0 0 0 0 0 0 0 0 0 0 0 0 0 
0.3901 0.00215 0 0 0 0 0 0 0 0 0 0 0 0 0 0 0 0 
0.3214 0.00055 0 0 0 0 0 0 0 0 0 0 0 0 0 0 0 0 
0.2597 0.00025 0 0 0 0 0 0 0 0 0 0 0 0 0 0 0 0 
0.20805 0.0002 0 0 0 0 0 0 0 0 0 0 0 0 0 0 0 0 
0.165 5e-05 0 0 0 0 0 0 0 0 0 0 0 0 0 0 0 0 
0.1278 0 0 0 0 0 0 0 0 0 0 0 0 0 0 0 0 0 
0.09455 0 0 0 0 0 0 0 0 0 0 0 0 0 0 0 0 0 
0.07005 0 0 0 0 0 0 0 0 0 0 0 0 0 0 0 0 0 
0.0482 0 0 0 0 0 0 0 0 0 0 0 0 0 0 0 0 0 
0.0306 0 0 0 0 0 0 0 0 0 0 0 0 0 0 0 0 0 
0.01725 0 0 0 0 0 0 0 0 0 0 0 0 0 0 0 0 0 
0.00845 0 0 0 0 0 0 0 0 0 0 0 0 0 0 0 0 0 
0.00295 0 0 0 0 0 0 0 0 0 0 0 0 0 0 0 0 0 
0.0008 0 0 0 0 0 0 0 0 0 0 0 0 0 0 0 0 0 
0 0 0 0 0 0 0 0 0 0 0 0 0 0 0 0 0 0 

1 0.99895 0.9968 0.98965 0.98155 0.97085 0.9584 0.94105 0.9238 0.89685 0.8706 0.83665 0.7953 0.74295 0.67885 0.6004 0.49705 0.3479 
0.6402 0.0118 0.0029 0.00095 0.0005 0.00015 0.0001 5e-05 0 0 0 0 0 0 0 0 0 0 
0.50035 0.00205 0.00025 0 0 0 0 0 0 0 0 0 0 0 0 0 0 0 
0.4 0.00105 0.0001 0 0 0 0 0 0 0 0 0 0 0 0 0 0 0 
0.328 0.0003 0 0 0 0 0 0 0 0 0 0 0 0 0 0 0 0 
0.26495 5e-05 0 0 0 0 0 0 0 0 0 0 0 0 0 0 0 0 
0.21505 0 0 0 0 0 0 0 0 0 0 0 0 0 0 0 0 0 
0.1705 0 0 0 0 0 0 0 0 0 0 0 0 0 0 0 0 0 
0.13195 0 0 0 0 0 0 0 0 0 0 0 0 0 0 0 0 0 
0.1016 0 0 0 0 0 0 0 0 0 0 0 0 0 0 0 0 0 
0.07505 0 0 0 0 0 0 0 0 0 0 0 0 0 0 0 0 0 
0.05265 0 0 0 0 0 0 0 0 0 0 0 0 0 0 0 0 0 
0.03465 0 0 0 0 0 0 0 0 0 0 0 0 0 0 0 0 0 
0.02155 0 0 0 0 0 0 0 0 0 0 0 0 0 0 0 0 0 
0.0102 0 0 0 0 0 0 0 0 0 0 0 0 0 0 0 0 0 
0.00445 0 0 0 0 0 0 0 0 0 0 0 0 0 0 0 0 0 
0.001 0 0 0 0 0 0 0 0 0 0 0 0 0 0 0 0 0 
0 0 0 0 0 0 0 0 0 0 0 0 0 0 0 0 0 0 

1 0.9986 0.99805 0.99285 0.9869 0.97945 0.97045 0.9567 0.94635 0.9266 0.9052 0.8818 0.85285 0.8164 0.77025 0.71085 0.6328 0.50225 
0.49315 0 0 0 0 0 0 0 0 0 0 0 0 0 0 0 0 0 
0.3657 0 0 0 0 0 0 0 0 0 0 0 0 0 0 0 0 0 
0.29035 0 0 0 0 0 0 0 0 0 0 0 0 0 0 0 0 0 
0.2365 0 0 0 0 0 0 0 0 0 0 0 0 0 0 0 0 0 
0.19395 0 0 0 0 0 0 0 0 0 0 0 0 0 0 0 0 0 
0.15495 0 0 0 0 0 0 0 0 0 0 0 0 0 0 0 0 0 
0.12255 0 0 0 0 0 0 0 0 0 0 0 0 0 0 0 0 0 
0.09685 0 0 0 0 0 0 0 0 0 0 0 0 0 0 0 0 0 
0.0735 0 0 0 0 0 0 0 0 0 0 0 0 0 0 0 0 0 
0.05375 0 0 0 0 0 0 0 0 0 0 0 0 0 0 0 0 0 
0.0378 0 0 0 0 0 0 0 0 0 0 0 0 0 0 0 0 0 
0.0256 0 0 0 0 0 0 0 0 0 0 0 0 0 0 0 0 0 
0.0154 0 0 0 0 0 0 0 0 0 0 0 0 0 0 0 0 0 
0.00785 0 0 0 0 0 0 0 0 0 0 0 0 0 0 0 0 0 
0.00295 0 0 0 0 0 0 0 0 0 0 0 0 0 0 0 0 0 
0.00075 0 0 0 0 0 0 0 0 0 0 0 0 0 0 0 0 0 
5e-05 0 0 0 0 0 0 0 0 0 0 0 0 0 0 0 0 0 

1 0.9973 0.9953 0.9832 0.96695 0.94795 0.9205 0.8835 0.84535 0.7916 0.72555 0.66195 0.58245 0.50355 0.4135 0.32235 0.22475 0.134 
0.83295 0.39525 0.21135 0.1134 0.06485 0.03625 0.0189 0.00865 0.0028 0.0008 0.00025 5e-05 0 0 0 0 0 0 
0.694 0.1573 0.03915 0.0083 0.00155 0.0003 0 0 0 0 0 0 0 0 0 0 0 0 
0.5748 0.07625 0.0109 0.00085 5e-05 5e-05 0 0 0 0 0 0 0 0 0 0 0 0 
0.46545 0.0345 0.00245 5e-05 0 0 0 0 0 0 0 0 0 0 0 0 0 0 
0.3751 0.01245 0.00015 0 0 0 0 0 0 0 0 0 0 0 0 0 0 0 
0.2918 0.00415 0 0 0 0 0 0 0 0 0 0 0 0 0 0 0 0 
0.2228 0.00125 0 0 0 0 0 0 0 0 0 0 0 0 0 0 0 0 
0.15805 0.00025 0 0 0 0 0 0 0 0 0 0 0 0 0 0 0 0 
0.1078 0 0 0 0 0 0 0 0 0 0 0 0 0 0 0 0 0 
0.07515 0 0 0 0 0 0 0 0 0 0 0 0 0 0 0 0 0 
0.0486 0 0 0 0 0 0 0 0 0 0 0 0 0 0 0 0 0 
0.0279 0 0 0 0 0 0 0 0 0 0 0 0 0 0 0 0 0 
0.0147 0 0 0 0 0 0 0 0 0 0 0 0 0 0 0 0 0 
0.00635 0 0 0 0 0 0 0 0 0 0 0 0 0 0 0 0 0 
0.0021 0 0 0 0 0 0 0 0 0 0 0 0 0 0 0 0 0 
0.0002 0 0 0 0 0 0 0 0 0 0 0 0 0 0 0 0 0 
0 0 0 0 0 0 0 0 0 0 0 0 0 0 0 0 0 0 

1 0.99745 0.99615 0.9889 0.98045 0.9681 0.9548 0.9414 0.91675 0.89215 0.85715 0.81595 0.7652 0.70055 0.63 0.54395 0.4358 0.2927 
0.69445 0.00475 0.0008 0.0001 0.0001 0.0001 0 0 0 0 0 0 0 0 0 0 0 0 
0.5539 0.0007 0 0 0 0 0 0 0 0 0 0 0 0 0 0 0 0 
0.45655 0.0002 0 0 0 0 0 0 0 0 0 0 0 0 0 0 0 0 
0.37865 0.00015 0 0 0 0 0 0 0 0 0 0 0 0 0 0 0 0 
0.31 5e-05 0 0 0 0 0 0 0 0 0 0 0 0 0 0 0 0 
0.24975 0 0 0 0 0 0 0 0 0 0 0 0 0 0 0 0 0 
0.19985 0 0 0 0 0 0 0 0 0 0 0 0 0 0 0 0 0 
0.1521 0 0 0 0 0 0 0 0 0 0 0 0 0 0 0 0 0 
0.11005 0 0 0 0 0 0 0 0 0 0 0 0 0 0 0 0 0 
0.082 0 0 0 0 0 0 0 0 0 0 0 0 0 0 0 0 0 
0.05565 0 0 0 0 0 0 0 0 0 0 0 0 0 0 0 0 0 
0.0371 0 0 0 0 0 0 0 0 0 0 0 0 0 0 0 0 0 
0.0209 0 0 0 0 0 0 0 0 0 0 0 0 0 0 0 0 0 
0.01005 0 0 0 0 0 0 0 0 0 0 0 0 0 0 0 0 0 
0.0037 0 0 0 0 0 0 0 0 0 0 0 0 0 0 0 0 0 
0.0008 0 0 0 0 0 0 0 0 0 0 0 0 0 0 0 0 0 
0.0001 0 0 0 0 0 0 0 0 0 0 0 0 0 0 0 0 0 

1 0.99825 0.99665 0.9877 0.9801 0.9701 0.95745 0.9405 0.91735 0.88825 0.85635 0.81515 0.7683 0.7052 0.63465 0.5485 0.43805 0.2896 
0.6951 0.003 0.0007 0.00025 0.00015 5e-05 0 0 0 0 0 0 0 0 0 0 0 0 
0.55725 0.00045 0 0 0 0 0 0 0 0 0 0 0 0 0 0 0 0 
0.456 0.0001 0 0 0 0 0 0 0 0 0 0 0 0 0 0 0 0 
0.3714 5e-05 0 0 0 0 0 0 0 0 0 0 0 0 0 0 0 0 
0.3085 0 0 0 0 0 0 0 0 0 0 0 0 0 0 0 0 0 
0.2473 0 0 0 0 0 0 0 0 0 0 0 0 0 0 0 0 0 
0.1953 0 0 0 0 0 0 0 0 0 0 0 0 0 0 0 0 0 
0.15215 0 0 0 0 0 0 0 0 0 0 0 0 0 0 0 0 0 
0.1138 0 0 0 0 0 0 0 0 0 0 0 0 0 0 0 0 0 
0.08055 0 0 0 0 0 0 0 0 0 0 0 0 0 0 0 0 0 
0.05485 0 0 0 0 0 0 0 0 0 0 0 0 0 0 0 0 0 
0.03535 0 0 0 0 0 0 0 0 0 0 0 0 0 0 0 0 0 
0.02095 0 0 0 0 0 0 0 0 0 0 0 0 0 0 0 0 0 
0.00995 0 0 0 0 0 0 0 0 0 0 0 0 0 0 0 0 0 
0.00395 0 0 0 0 0 0 0 0 0 0 0 0 0 0 0 0 0 
0.0007 0 0 0 0 0 0 0 0 0 0 0 0 0 0 0 0 0 
0 0 0 0 0 0 0 0 0 0 0 0 0 0 0 0 0 0 

1 0.999 0.99675 0.9921 0.9836 0.9757 0.9653 0.95295 0.9382 0.91855 0.89695 0.867 0.8321 0.78985 0.7353 0.66585 0.57785 0.43955 
0.55425 0 0 0 0 0 0 0 0 0 0 0 0 0 0 0 0 0 
0.41645 0 0 0 0 0 0 0 0 0 0 0 0 0 0 0 0 0 
0.33485 0 0 0 0 0 0 0 0 0 0 0 0 0 0 0 0 0 
0.27355 0 0 0 0 0 0 0 0 0 0 0 0 0 0 0 0 0 
0.2218 0 0 0 0 0 0 0 0 0 0 0 0 0 0 0 0 0 
0.17795 0 0 0 0 0 0 0 0 0 0 0 0 0 0 0 0 0 
0.1403 0 0 0 0 0 0 0 0 0 0 0 0 0 0 0 0 0 
0.1084 0 0 0 0 0 0 0 0 0 0 0 0 0 0 0 0 0 
0.08425 0 0 0 0 0 0 0 0 0 0 0 0 0 0 0 0 0 
0.06015 0 0 0 0 0 0 0 0 0 0 0 0 0 0 0 0 0 
0.0427 0 0 0 0 0 0 0 0 0 0 0 0 0 0 0 0 0 
0.0283 0 0 0 0 0 0 0 0 0 0 0 0 0 0 0 0 0 
0.01715 0 0 0 0 0 0 0 0 0 0 0 0 0 0 0 0 0 
0.00895 0 0 0 0 0 0 0 0 0 0 0 0 0 0 0 0 0 
0.00335 0 0 0 0 0 0 0 0 0 0 0 0 0 0 0 0 0 
0.00095 0 0 0 0 0 0 0 0 0 0 0 0 0 0 0 0 0 
5e-05 0 0 0 0 0 0 0 0 0 0 0 0 0 0 0 0 0 

1 0.99855 0.99585 0.98685 0.97935 0.969 0.9562 0.9367 0.91705 0.88685 0.8544 0.81755 0.76715 0.7046 0.63225 0.54745 0.43585 0.28815 
0.6987 0.0012 0.0002 0 0 0 0 0 0 0 0 0 0 0 0 0 0 0 
0.5577 0.00015 5e-05 0 0 0 0 0 0 0 0 0 0 0 0 0 0 0 
0.456 0 0 0 0 0 0 0 0 0 0 0 0 0 0 0 0 0 
0.37675 0 0 0 0 0 0 0 0 0 0 0 0 0 0 0 0 0 
0.30645 0 0 0 0 0 0 0 0 0 0 0 0 0 0 0 0 0 
0.2492 0 0 0 0 0 0 0 0 0 0 0 0 0 0 0 0 0 
0.19635 0 0 0 0 0 0 0 0 0 0 0 0 0 0 0 0 0 
0.1517 0 0 0 0 0 0 0 0 0 0 0 0 0 0 0 0 0 
0.1151 0 0 0 0 0 0 0 0 0 0 0 0 0 0 0 0 0 
0.0827 0 0 0 0 0 0 0 0 0 0 0 0 0 0 0 0 0 
0.0591 0 0 0 0 0 0 0 0 0 0 0 0 0 0 0 0 0 
0.0368 0 0 0 0 0 0 0 0 0 0 0 0 0 0 0 0 0 
0.0223 0 0 0 0 0 0 0 0 0 0 0 0 0 0 0 0 0 
0.01 0 0 0 0 0 0 0 0 0 0 0 0 0 0 0 0 0 
0.00435 0 0 0 0 0 0 0 0 0 0 0 0 0 0 0 0 0 
0.0012 0 0 0 0 0 0 0 0 0 0 0 0 0 0 0 0 0 
0.0002 0 0 0 0 0 0 0 0 0 0 0 0 0 0 0 0 0 

1 0.99905 0.9972 0.99315 0.98445 0.9761 0.9668 0.95125 0.9365 0.9192 0.8966 0.86495 0.8315 0.78955 0.74025 0.67355 0.5872 0.4477 
0.54555 0 0 0 0 0 0 0 0 0 0 0 0 0 0 0 0 0 
0.4091 0 0 0 0 0 0 0 0 0 0 0 0 0 0 0 0 0 
0.33045 0 0 0 0 0 0 0 0 0 0 0 0 0 0 0 0 0 
0.2685 0 0 0 0 0 0 0 0 0 0 0 0 0 0 0 0 0 
0.2182 0 0 0 0 0 0 0 0 0 0 0 0 0 0 0 0 0 
0.1783 0 0 0 0 0 0 0 0 0 0 0 0 0 0 0 0 0 
0.14245 0 0 0 0 0 0 0 0 0 0 0 0 0 0 0 0 0 
0.11105 0 0 0 0 0 0 0 0 0 0 0 0 0 0 0 0 0 
0.0827 0 0 0 0 0 0 0 0 0 0 0 0 0 0 0 0 0 
0.0604 0 0 0 0 0 0 0 0 0 0 0 0 0 0 0 0 0 
0.04225 0 0 0 0 0 0 0 0 0 0 0 0 0 0 0 0 0 
0.0269 0 0 0 0 0 0 0 0 0 0 0 0 0 0 0 0 0 
0.0159 0 0 0 0 0 0 0 0 0 0 0 0 0 0 0 0 0 
0.00875 0 0 0 0 0 0 0 0 0 0 0 0 0 0 0 0 0 
0.00335 0 0 0 0 0 0 0 0 0 0 0 0 0 0 0 0 0 
0.001 0 0 0 0 0 0 0 0 0 0 0 0 0 0 0 0 0 
0.00015 0 0 0 0 0 0 0 0 0 0 0 0 0 0 0 0 0 

1 0.9987 0.9974 0.9909 0.9852 0.977 0.96675 0.955 0.9419 0.92345 0.89935 0.86895 0.8359 0.7936 0.7418 0.6779 0.59135 0.45335 
0.542 0 0 0 0 0 0 0 0 0 0 0 0 0 0 0 0 0 
0.40635 0 0 0 0 0 0 0 0 0 0 0 0 0 0 0 0 0 
0.3265 0 0 0 0 0 0 0 0 0 0 0 0 0 0 0 0 0 
0.26385 0 0 0 0 0 0 0 0 0 0 0 0 0 0 0 0 0 
0.2142 0 0 0 0 0 0 0 0 0 0 0 0 0 0 0 0 0 
0.17135 0 0 0 0 0 0 0 0 0 0 0 0 0 0 0 0 0 
0.13725 0 0 0 0 0 0 0 0 0 0 0 0 0 0 0 0 0 
0.10685 0 0 0 0 0 0 0 0 0 0 0 0 0 0 0 0 0 
0.07935 0 0 0 0 0 0 0 0 0 0 0 0 0 0 0 0 0 
0.0583 0 0 0 0 0 0 0 0 0 0 0 0 0 0 0 0 0 
0.04045 0 0 0 0 0 0 0 0 0 0 0 0 0 0 0 0 0 
0.0261 0 0 0 0 0 0 0 0 0 0 0 0 0 0 0 0 0 
0.0156 0 0 0 0 0 0 0 0 0 0 0 0 0 0 0 0 0 
0.00815 0 0 0 0 0 0 0 0 0 0 0 0 0 0 0 0 0 
0.0042 0 0 0 0 0 0 0 0 0 0 0 0 0 0 0 0 0 
0.0008 0 0 0 0 0 0 0 0 0 0 0 0 0 0 0 0 0 
0.0002 0 0 0 0 0 0 0 0 0 0 0 0 0 0 0 0 0 

1 0.9993 0.99785 0.99425 0.98995 0.9837 0.977 0.97055 0.95935 0.9471 0.9309 0.91275 0.8895 0.86135 0.82385 0.77775 0.71285 0.60405 
0.3934 0 0 0 0 0 0 0 0 0 0 0 0 0 0 0 0 0 
0.28665 0 0 0 0 0 0 0 0 0 0 0 0 0 0 0 0 0 
0.22465 0 0 0 0 0 0 0 0 0 0 0 0 0 0 0 0 0 
0.18065 0 0 0 0 0 0 0 0 0 0 0 0 0 0 0 0 0 
0.14665 0 0 0 0 0 0 0 0 0 0 0 0 0 0 0 0 0 
0.11685 0 0 0 0 0 0 0 0 0 0 0 0 0 0 0 0 0 
0.0907 0 0 0 0 0 0 0 0 0 0 0 0 0 0 0 0 0 
0.0731 0 0 0 0 0 0 0 0 0 0 0 0 0 0 0 0 0 
0.05305 0 0 0 0 0 0 0 0 0 0 0 0 0 0 0 0 0 
0.03915 0 0 0 0 0 0 0 0 0 0 0 0 0 0 0 0 0 
0.0272 0 0 0 0 0 0 0 0 0 0 0 0 0 0 0 0 0 
0.0171 0 0 0 0 0 0 0 0 0 0 0 0 0 0 0 0 0 
0.0101 0 0 0 0 0 0 0 0 0 0 0 0 0 0 0 0 0 
0.00605 0 0 0 0 0 0 0 0 0 0 0 0 0 0 0 0 0 
0.0022 0 0 0 0 0 0 0 0 0 0 0 0 0 0 0 0 0 
0.00045 0 0 0 0 0 0 0 0 0 0 0 0 0 0 0 0 0 
0 0 0 0 0 0 0 0 0 0 0 0 0 0 0 0 0 0 

1 0.9963 0.9867 0.9668 0.8936 0.84 0.7396 0.6539 0.5233 0.4345 0.3255 0.2573 0.1895 0.1495 0.1032 0.0788 0.0539 0.0379 
0.9369 0.8961 0.8156 0.7051 0.4414 0.2931 0.1493 0.0828 0.0241 0.0098 0.0043 0.0018 0.0009 0.0001 0 0 0 0 
0.7658 0.6171 0.3541 0.1595 0.0165 0.0059 0.0012 0.0005 0 0 0 0 0 0 0 0 0 0 
0.6085 0.379 0.1379 0.0402 0.0021 0.0002 0.0001 0 0 0 0 0 0 0 0 0 0 0 
0.4177 0.1729 0.0261 0.0062 0.0002 0.0002 0 0 0 0 0 0 0 0 0 0 0 0 
0.2813 0.0714 0.0069 0.0015 0 0.0001 0 0 0 0 0 0 0 0 0 0 0 0 
0.1502 0.0211 0.0015 0.0003 0 0 0 0 0 0 0 0 0 0 0 0 0 0 
0.0866 0.0062 0.0003 0 0 0 0 0 0 0 0 0 0 0 0 0 0 0 
0.0386 0.002 0 0 0 0 0 0 0 0 0 0 0 0 0 0 0 0 
0.0184 0.0002 0 0 0 0 0 0 0 0 0 0 0 0 0 0 0 0 
0.0057 0 0 0 0 0 0 0 0 0 0 0 0 0 0 0 0 0 
0.0024 0 0 0 0 0 0 0 0 0 0 0 0 0 0 0 0 0 
0.0012 0.0001 0 0 0 0 0 0 0 0 0 0 0 0 0 0 0 0 
0.0004 0 0 0 0 0 0 0 0 0 0 0 0 0 0 0 0 0 
0.0001 0 0 0 0 0 0 0 0 0 0 0 0 0 0 0 0 0 
0 0 0 0 0 0 0 0 0 0 0 0 0 0 0 0 0 0 
0 0 0 0 0 0 0 0 0 0 0 0 0 0 0 0 0 0 
0 0 0 0 0 0 0 0 0 0 0 0 0 0 0 0 0 0 

1 0.9959 0.9926 0.9654 0.9065 0.8376 0.7313 0.6107 0.4927 0.3866 0.2993 0.2276 0.1742 0.1301 0.0952 0.0678 0.0427 0.0261 
0.9392 0.867 0.7571 0.5769 0.3754 0.2109 0.1007 0.041 0.0105 0.0024 0.0003 0.0002 0 0 0 0 0 0 
0.8353 0.6447 0.4201 0.1623 0.0392 0.0046 0.0007 0 0 0 0 0 0 0 0 0 0 0 
0.6992 0.4171 0.1748 0.0277 0.0013 0 0 0 0 0 0 0 0 0 0 0 0 0 
0.5297 0.209 0.05 0.0019 0.0001 0 0 0 0 0 0 0 0 0 0 0 0 0 
0.3552 0.0789 0.0071 0.0003 0 0 0 0 0 0 0 0 0 0 0 0 0 0 
0.2131 0.0211 0.0011 0 0 0 0 0 0 0 0 0 0 0 0 0 0 0 
0.1199 0.004 0.0002 0 0 0 0 0 0 0 0 0 0 0 0 0 0 0 
0.0608 0.001 0 0 0 0 0 0 0 0 0 0 0 0 0 0 0 0 
0.0292 0.0001 0 0 0 0 0 0 0 0 0 0 0 0 0 0 0 0 
0.0144 0 0 0 0 0 0 0 0 0 0 0 0 0 0 0 0 0 
0.0066 0 0 0 0 0 0 0 0 0 0 0 0 0 0 0 0 0 
0.0026 0 0 0 0 0 0 0 0 0 0 0 0 0 0 0 0 0 
0.0015 0 0 0 0 0 0 0 0 0 0 0 0 0 0 0 0 0 
0.0008 0 0 0 0 0 0 0 0 0 0 0 0 0 0 0 0 0 
0.0004 0 0 0 0 0 0 0 0 0 0 0 0 0 0 0 0 0 
0.0001 0 0 0 0 0 0 0 0 0 0 0 0 0 0 0 0 0 
0 0 0 0 0 0 0 0 0 0 0 0 0 0 0 0 0 0 

1 0.9971 0.9905 0.9634 0.9197 0.8603 0.788 0.7045 0.6129 0.5175 0.4218 0.3426 0.2771 0.223 0.1735 0.1342 0.0942 0.0644 
0.8973 0.8234 0.7068 0.5246 0.349 0.2122 0.1101 0.0531 0.0169 0.0038 0.0017 0.0007 0.0002 0.0001 0 0 0 0 
0.7462 0.5476 0.3091 0.1047 0.0197 0.0037 0.0005 0.0001 0 0 0 0 0 0 0 0 0 0 
0.5897 0.3205 0.1147 0.0148 0.0014 0 0 0 0 0 0 0 0 0 0 0 0 0 
0.4323 0.1575 0.03 0.0012 0.0001 0 0 0 0 0 0 0 0 0 0 0 0 0 
0.2924 0.0621 0.0063 0 0.0001 0 0 0 0 0 0 0 0 0 0 0 0 0 
0.1868 0.0224 0.0012 0.0001 0 0 0 0 0 0 0 0 0 0 0 0 0 0 
0.1119 0.0058 0.0002 0 0 0 0 0 0 0 0 0 0 0 0 0 0 0 
0.0626 0.0015 0 0 0 0 0 0 0 0 0 0 0 0 0 0 0 0 
0.0339 0.0005 0 0 0 0 0 0 0 0 0 0 0 0 0 0 0 0 
0.0179 0.0001 0 0 0 0 0 0 0 0 0 0 0 0 0 0 0 0 
0.009 0.0001 0 0 0 0 0 0 0 0 0 0 0 0 0 0 0 0 
0.0039 0 0 0 0 0 0 0 0 0 0 0 0 0 0 0 0 0 
0.0019 0 0 0 0 0 0 0 0 0 0 0 0 0 0 0 0 0 
0.0008 0 0 0 0 0 0 0 0 0 0 0 0 0 0 0 0 0 
0.0001 0 0 0 0 0 0 0 0 0 0 0 0 0 0 0 0 0 
0 0 0 0 0 0 0 0 0 0 0 0 0 0 0 0 0 0 
0 0 0 0 0 0 0 0 0 0 0 0 0 0 0 0 0 0 

1 0.9975 0.9957 0.9827 0.9647 0.9369 0.9051 0.8627 0.8185 0.773 0.7194 0.6664 0.6085 0.5513 0.4928 0.4236 0.3532 0.2612 
0.7099 0.4607 0.325 0.2136 0.1311 0.0766 0.0403 0.0189 0.0059 0.0022 0.0002 0 0 0 0 0 0 0 
0.5482 0.2463 0.1108 0.0305 0.0081 0.0016 0.0001 0 0 0 0 0 0 0 0 0 0 0 
0.4204 0.135 0.0367 0.0032 0.0006 0 0 0 0 0 0 0 0 0 0 0 0 0 
0.3205 0.0633 0.0089 0.0002 0 0 0 0 0 0 0 0 0 0 0 0 0 0 
0.2344 0.0266 0.0016 0 0 0 0 0 0 0 0 0 0 0 0 0 0 0 
0.1692 0.0108 0.0005 0 0 0 0 0 0 0 0 0 0 0 0 0 0 0 
0.1204 0.0021 0 0 0 0 0 0 0 0 0 0 0 0 0 0 0 0 
0.0768 0.0003 0 0 0 0 0 0 0 0 0 0 0 0 0 0 0 0 
0.0522 0.0001 0 0 0 0 0 0 0 0 0 0 0 0 0 0 0 0 
0.0319 0 0 0 0 0 0 0 0 0 0 0 0 0 0 0 0 0 
0.0199 0 0 0 0 0 0 0 0 0 0 0 0 0 0 0 0 0 
0.0107 0 0 0 0 0 0 0 0 0 0 0 0 0 0 0 0 0 
0.0056 0 0 0 0 0 0 0 0 0 0 0 0 0 0 0 0 0 
0.0031 0 0 0 0 0 0 0 0 0 0 0 0 0 0 0 0 0 
0.0016 0 0 0 0 0 0 0 0 0 0 0 0 0 0 0 0 0 
0.0002 0 0 0 0 0 0 0 0 0 0 0 0 0 0 0 0 0 
0 0 0 0 0 0 0 0 0 0 0 0 0 0 0 0 0 0 

1 0.9961 0.9928 0.9686 0.9272 0.8819 0.8194 0.7496 0.6663 0.5834 0.504 0.4303 0.3624 0.2984 0.241 0.193 0.1428 0.0983 
0.8713 0.7604 0.6299 0.4641 0.2947 0.1848 0.0972 0.0494 0.0196 0.0056 0.0028 0.0004 0.0003 0 0 0 0 0 
0.6913 0.4627 0.2379 0.0814 0.0139 0.0038 0.0001 0 0 0 0 0 0 0 0 0 0 0 
0.5426 0.2623 0.0876 0.0121 0.0009 0.0001 0 0 0 0 0 0 0 0 0 0 0 0 
0.4028 0.1273 0.0195 0.0015 0 0 0 0 0 0 0 0 0 0 0 0 0 0 
0.2856 0.0562 0.0042 0 0 0 0 0 0 0 0 0 0 0 0 0 0 0 
0.1859 0.0176 0.0003 0.0001 0 0 0 0 0 0 0 0 0 0 0 0 0 0 
0.1135 0.005 0 0 0 0 0 0 0 0 0 0 0 0 0 0 0 0 
0.0666 0.0012 0 0 0 0 0 0 0 0 0 0 0 0 0 0 0 0 
0.0377 0.0001 0 0 0 0 0 0 0 0 0 0 0 0 0 0 0 0 
0.0222 0.0002 0 0 0 0 0 0 0 0 0 0 0 0 0 0 0 0 
0.0108 0 0 0 0 0 0 0 0 0 0 0 0 0 0 0 0 0 
0.0052 0 0 0 0 0 0 0 0 0 0 0 0 0 0 0 0 0 
0.0025 0 0 0 0 0 0 0 0 0 0 0 0 0 0 0 0 0 
0.0011 0 0 0 0 0 0 0 0 0 0 0 0 0 0 0 0 0 
0.0002 0 0 0 0 0 0 0 0 0 0 0 0 0 0 0 0 0 
0 0 0 0 0 0 0 0 0 0 0 0 0 0 0 0 0 0 
0 0 0 0 0 0 0 0 0 0 0 0 0 0 0 0 0 0 

1 0.9981 0.9974 0.9852 0.9764 0.9569 0.9408 0.9182 0.8909 0.8584 0.8173 0.773 0.7311 0.6814 0.6213 0.5534 0.4672 0.3557 
0.6271 0.2499 0.154 0.088 0.0512 0.0321 0.0183 0.0079 0.0024 0.0008 0.0001 0 0.0001 0 0 0 0 0 
0.4729 0.1058 0.0379 0.0094 0.0011 0.0001 0.0001 0 0 0 0 0 0 0 0 0 0 0 
0.3742 0.0574 0.0132 0.0008 0 0 0 0 0 0 0 0 0 0 0 0 0 0 
0.2983 0.0267 0.0044 0.0001 0 0 0 0 0 0 0 0 0 0 0 0 0 0 
0.2296 0.0112 0.0005 0 0 0 0 0 0 0 0 0 0 0 0 0 0 0 
0.178 0.0045 0.0001 0 0 0 0 0 0 0 0 0 0 0 0 0 0 0 
0.1357 0.0013 0 0 0 0 0 0 0 0 0 0 0 0 0 0 0 0 
0.1004 0.0003 0 0 0 0 0 0 0 0 0 0 0 0 0 0 0 0 
0.0705 0 0 0 0 0 0 0 0 0 0 0 0 0 0 0 0 0 
0.0465 0 0 0 0 0 0 0 0 0 0 0 0 0 0 0 0 0 
0.03 0 0 0 0 0 0 0 0 0 0 0 0 0 0 0 0 0 
0.018 0 0 0 0 0 0 0 0 0 0 0 0 0 0 0 0 0 
0.0098 0 0 0 0 0 0 0 0 0 0 0 0 0 0 0 0 0 
0.0041 0 0 0 0 0 0 0 0 0 0 0 0 0 0 0 0 0 
0.002 0 0 0 0 0 0 0 0 0 0 0 0 0 0 0 0 0 
0.0005 0 0 0 0 0 0 0 0 0 0 0 0 0 0 0 0 0 
0 0 0 0 0 0 0 0 0 0 0 0 0 0 0 0 0 0 

1 0.999 0.9964 0.9903 0.9792 0.9655 0.9512 0.9315 0.9071 0.8768 0.8415 0.7977 0.7546 0.6994 0.6328 0.5585 0.4623 0.338 
0.6428 0.1711 0.0858 0.0464 0.0278 0.0142 0.0086 0.0035 0.0013 0.0003 0 0 0 0 0 0 0 0 
0.496 0.0608 0.0171 0.0032 0.0001 0 0 0 0 0 0 0 0 0 0 0 0 0 
0.3982 0.029 0.0048 0.0002 0 0 0 0 0 0 0 0 0 0 0 0 0 0 
0.3181 0.0133 0.0011 0 0 0 0 0 0 0 0 0 0 0 0 0 0 0 
0.2602 0.006 0.0004 0 0 0 0 0 0 0 0 0 0 0 0 0 0 0 
0.2023 0.0021 0 0 0 0 0 0 0 0 0 0 0 0 0 0 0 0 
0.1539 0.0005 0 0 0 0 0 0 0 0 0 0 0 0 0 0 0 0 
0.1184 0.0001 0 0 0 0 0 0 0 0 0 0 0 0 0 0 0 0 
0.0834 0 0 0 0 0 0 0 0 0 0 0 0 0 0 0 0 0 
0.0583 0 0 0 0 0 0 0 0 0 0 0 0 0 0 0 0 0 
0.0419 0 0 0 0 0 0 0 0 0 0 0 0 0 0 0 0 0 
0.024 0 0 0 0 0 0 0 0 0 0 0 0 0 0 0 0 0 
0.0133 0 0 0 0 0 0 0 0 0 0 0 0 0 0 0 0 0 
0.0069 0 0 0 0 0 0 0 0 0 0 0 0 0 0 0 0 0 
0.0025 0 0 0 0 0 0 0 0 0 0 0 0 0 0 0 0 0 
0.0003 0 0 0 0 0 0 0 0 0 0 0 0 0 0 0 0 0 
0 0 0 0 0 0 0 0 0 0 0 0 0 0 0 0 0 0 

1 0.9985 0.9977 0.9928 0.987 0.9796 0.9718 0.9612 0.9478 0.9311 0.91 0.8918 0.8605 0.8245 0.7773 0.7162 0.6342 0.5035 
0.4919 0.0004 0 0 0 0 0 0 0 0 0 0 0 0 0 0 0 0 
0.3641 0 0 0 0 0 0 0 0 0 0 0 0 0 0 0 0 0 
0.2869 0 0 0 0 0 0 0 0 0 0 0 0 0 0 0 0 0 
0.2303 0 0 0 0 0 0 0 0 0 0 0 0 0 0 0 0 0 
0.1855 0 0 0 0 0 0 0 0 0 0 0 0 0 0 0 0 0 
0.1456 0 0 0 0 0 0 0 0 0 0 0 0 0 0 0 0 0 
0.1151 0 0 0 0 0 0 0 0 0 0 0 0 0 0 0 0 0 
0.0889 0 0 0 0 0 0 0 0 0 0 0 0 0 0 0 0 0 
0.0689 0 0 0 0 0 0 0 0 0 0 0 0 0 0 0 0 0 
0.0516 0 0 0 0 0 0 0 0 0 0 0 0 0 0 0 0 0 
0.0368 0 0 0 0 0 0 0 0 0 0 0 0 0 0 0 0 0 
0.0246 0 0 0 0 0 0 0 0 0 0 0 0 0 0 0 0 0 
0.0143 0 0 0 0 0 0 0 0 0 0 0 0 0 0 0 0 0 
0.0062 0 0 0 0 0 0 0 0 0 0 0 0 0 0 0 0 0 
0.0029 0 0 0 0 0 0 0 0 0 0 0 0 0 0 0 0 0 
0.0004 0 0 0 0 0 0 0 0 0 0 0 0 0 0 0 0 0 
0.0001 0 0 0 0 0 0 0 0 0 0 0 0 0 0 0 0 0 

1 0.9968 0.993 0.9772 0.9426 0.9086 0.8543 0.7967 0.7364 0.6571 0.5832 0.5022 0.4298 0.3568 0.2905 0.2264 0.1638 0.1137 
0.853 0.6916 0.5296 0.3622 0.2193 0.1347 0.0765 0.0342 0.015 0.0044 0.0011 0.0003 0.0001 0 0 0 0 0 
0.6856 0.3803 0.165 0.0481 0.0059 0.0013 0 0 0.0001 0.0001 0.0001 0.0001 0 0 0 0 0 0 
0.5418 0.2051 0.0542 0.0084 0.0004 0 0 0 0 0 0 0 0 0 0 0 0 0 
0.4111 0.0954 0.0136 0.0011 0 0 0 0 0 0 0 0 0 0 0 0 0 0 
0.3044 0.0398 0.0019 0.0001 0 0 0 0 0 0 0 0 0 0 0 0 0 0 
0.2107 0.0116 0.0001 0 0 0 0 0 0 0 0 0 0 0 0 0 0 0 
0.141 0.0029 0 0 0 0 0 0 0 0 0 0 0 0 0 0 0 0 
0.0921 0.0006 0 0 0 0 0 0 0 0 0 0 0 0 0 0 0 0 
0.0573 0.0003 0 0 0 0 0 0 0 0 0 0 0 0 0 0 0 0 
0.0341 0.0001 0 0 0 0 0 0 0 0 0 0 0 0 0 0 0 0 
0.0191 0 0 0 0 0 0 0 0 0 0 0 0 0 0 0 0 0 
0.0093 0 0 0 0 0 0 0 0 0 0 0 0 0 0 0 0 0 
0.0039 0 0 0 0 0 0 0 0 0 0 0 0 0 0 0 0 0 
0.0015 0 0 0 0 0 0 0 0 0 0 0 0 0 0 0 0 0 
0.0003 0 0 0 0 0 0 0 0 0 0 0 0 0 0 0 0 0 
0.0001 0 0 0 0 0 0 0 0 0 0 0 0 0 0 0 0 0 
0 0 0 0 0 0 0 0 0 0 0 0 0 0 0 0 0 0 

1 0.9978 0.9972 0.9892 0.9807 0.9696 0.954 0.9339 0.9169 0.8913 0.8592 0.8163 0.7711 0.7135 0.6518 0.5704 0.4658 0.3292 
0.6574 0.0899 0.0376 0.0145 0.0082 0.0037 0.0025 0.0012 0.0006 0 0 0 0 0 0 0 0 0 
0.5082 0.0261 0.0062 0.0005 0.0001 0 0 0 0 0 0 0 0 0 0 0 0 0 
0.413 0.0121 0.0016 0.0001 0.0001 0 0 0 0 0 0 0 0 0 0 0 0 0 
0.335 0.0062 0.0005 0 0 0 0 0 0 0 0 0 0 0 0 0 0 0 
0.274 0.0022 0.0001 0 0 0 0 0 0 0 0 0 0 0 0 0 0 0 
0.2182 0.0008 0 0 0 0 0 0 0 0 0 0 0 0 0 0 0 0 
0.1707 0.0004 0 0 0 0 0 0 0 0 0 0 0 0 0 0 0 0 
0.1321 0.0001 0 0 0 0 0 0 0 0 0 0 0 0 0 0 0 0 
0.098 0 0 0 0 0 0 0 0 0 0 0 0 0 0 0 0 0 
0.0694 0 0 0 0 0 0 0 0 0 0 0 0 0 0 0 0 0 
0.0483 0 0 0 0 0 0 0 0 0 0 0 0 0 0 0 0 0 
0.0295 0 0 0 0 0 0 0 0 0 0 0 0 0 0 0 0 0 
0.0141 0 0 0 0 0 0 0 0 0 0 0 0 0 0 0 0 0 
0.0063 0 0 0 0 0 0 0 0 0 0 0 0 0 0 0 0 0 
0.0017 0 0 0 0 0 0 0 0 0 0 0 0 0 0 0 0 0 
0.0008 0 0 0 0 0 0 0 0 0 0 0 0 0 0 0 0 0 
0.0001 0 0 0 0 0 0 0 0 0 0 0 0 0 0 0 0 0 

1 0.9985 0.9967 0.9898 0.9828 0.9714 0.9553 0.9351 0.9148 0.892 0.8548 0.8159 0.7624 0.7015 0.635 0.5516 0.4397 0.2992 
0.6854 0.0555 0.0162 0.007 0.003 0.002 0.001 0.0004 0 0 0 0 0 0 0 0 0 0 
0.5444 0.0128 0.0014 0.0003 0.0001 0 0 0 0 0 0 0 0 0 0 0 0 0 
0.439 0.0055 0.0004 0 0 0 0 0 0 0 0 0 0 0 0 0 0 0 
0.3617 0.0019 0.0001 0 0 0 0 0 0 0 0 0 0 0 0 0 0 0 
0.2987 0.0005 0 0 0 0 0 0 0 0 0 0 0 0 0 0 0 0 
0.2382 0.0005 0 0 0 0 0 0 0 0 0 0 0 0 0 0 0 0 
0.1853 0.0004 0 0 0 0 0 0 0 0 0 0 0 0 0 0 0 0 
0.1454 0 0 0 0 0 0 0 0 0 0 0 0 0 0 0 0 0 
0.1079 0 0 0 0 0 0 0 0 0 0 0 0 0 0 0 0 0 
0.0743 0 0 0 0 0 0 0 0 0 0 0 0 0 0 0 0 0 
0.0529 0 0 0 0 0 0 0 0 0 0 0 0 0 0 0 0 0 
0.0328 0 0 0 0 0 0 0 0 0 0 0 0 0 0 0 0 0 
0.017 0 0 0 0 0 0 0 0 0 0 0 0 0 0 0 0 0 
0.0082 0 0 0 0 0 0 0 0 0 0 0 0 0 0 0 0 0 
0.003 0 0 0 0 0 0 0 0 0 0 0 0 0 0 0 0 0 
0.0003 0 0 0 0 0 0 0 0 0 0 0 0 0 0 0 0 0 
0 0 0 0 0 0 0 0 0 0 0 0 0 0 0 0 0 0 

1 0.9988 0.9976 0.9907 0.9858 0.9785 0.9666 0.9529 0.9387 0.9216 0.8992 0.869 0.8375 0.794 0.7416 0.6756 0.5829 0.4395 
0.5504 0 0 0 0 0 0 0 0 0 0 0 0 0 0 0 0 0 
0.4171 0 0 0 0 0 0 0 0 0 0 0 0 0 0 0 0 0 
0.3305 0 0 0 0 0 0 0 0 0 0 0 0 0 0 0 0 0 
0.2662 0 0 0 0 0 0 0 0 0 0 0 0 0 0 0 0 0 
0.2157 0 0 0 0 0 0 0 0 0 0 0 0 0 0 0 0 0 
0.1694 0 0 0 0 0 0 0 0 0 0 0 0 0 0 0 0 0 
0.1392 0 0 0 0 0 0 0 0 0 0 0 0 0 0 0 0 0 
0.1065 0 0 0 0 0 0 0 0 0 0 0 0 0 0 0 0 0 
0.0803 0 0 0 0 0 0 0 0 0 0 0 0 0 0 0 0 0 
0.0603 0 0 0 0 0 0 0 0 0 0 0 0 0 0 0 0 0 
0.0413 0 0 0 0 0 0 0 0 0 0 0 0 0 0 0 0 0 
0.0281 0 0 0 0 0 0 0 0 0 0 0 0 0 0 0 0 0 
0.0142 0 0 0 0 0 0 0 0 0 0 0 0 0 0 0 0 0 
0.0065 0 0 0 0 0 0 0 0 0 0 0 0 0 0 0 0 0 
0.0033 0 0 0 0 0 0 0 0 0 0 0 0 0 0 0 0 0 
0.0004 0 0 0 0 0 0 0 0 0 0 0 0 0 0 0 0 0 
0.0001 0 0 0 0 0 0 0 0 0 0 0 0 0 0 0 0 0 

1 0.998 0.9969 0.9873 0.9785 0.9694 0.9522 0.9381 0.9164 0.8956 0.8607 0.8169 0.7652 0.6978 0.623 0.5354 0.4215 0.2763 
0.7099 0.0317 0.0069 0.0027 0.0012 0.0007 0.0004 0.0002 0.0001 0 0 0 0 0 0 0 0 0 
0.5645 0.0072 0.0008 0.0001 0 0 0 0 0 0 0 0 0 0 0 0 0 0 
0.4635 0.0021 0 0 0 0 0 0 0 0 0 0 0 0 0 0 0 0 
0.3842 0.0007 0 0 0 0 0 0 0 0 0 0 0 0 0 0 0 0 
0.3094 0.0002 0 0 0 0 0 0 0 0 0 0 0 0 0 0 0 0 
0.2481 0.0002 0 0 0 0 0 0 0 0 0 0 0 0 0 0 0 0 
0.1906 0 0 0 0 0 0 0 0 0 0 0 0 0 0 0 0 0 
0.143 0 0 0 0 0 0 0 0 0 0 0 0 0 0 0 0 0 
0.1074 0 0 0 0 0 0 0 0 0 0 0 0 0 0 0 0 0 
0.0752 0 0 0 0 0 0 0 0 0 0 0 0 0 0 0 0 0 
0.053 0 0 0 0 0 0 0 0 0 0 0 0 0 0 0 0 0 
0.0331 0 0 0 0 0 0 0 0 0 0 0 0 0 0 0 0 0 
0.0194 0 0 0 0 0 0 0 0 0 0 0 0 0 0 0 0 0 
0.0096 0 0 0 0 0 0 0 0 0 0 0 0 0 0 0 0 0 
0.0039 0 0 0 0 0 0 0 0 0 0 0 0 0 0 0 0 0 
0.0007 0 0 0 0 0 0 0 0 0 0 0 0 0 0 0 0 0 
0.0001 0 0 0 0 0 0 0 0 0 0 0 0 0 0 0 0 0 

1 0.9985 0.9976 0.9896 0.9819 0.975 0.9661 0.9548 0.9384 0.9178 0.8935 0.8607 0.8266 0.7834 0.7244 0.662 0.5676 0.4269 
0.5666 0.0001 0 0 0 0 0 0 0 0 0 0 0 0 0 0 0 0 
0.4267 0.0001 0 0 0 0 0 0 0 0 0 0 0 0 0 0 0 0 
0.344 0 0 0 0 0 0 0 0 0 0 0 0 0 0 0 0 0 
0.2813 0 0 0 0 0 0 0 0 0 0 0 0 0 0 0 0 0 
0.2248 0 0 0 0 0 0 0 0 0 0 0 0 0 0 0 0 0 
0.182 0 0 0 0 0 0 0 0 0 0 0 0 0 0 0 0 0 
0.1454 0 0 0 0 0 0 0 0 0 0 0 0 0 0 0 0 0 
0.114 0 0 0 0 0 0 0 0 0 0 0 0 0 0 0 0 0 
0.0881 0 0 0 0 0 0 0 0 0 0 0 0 0 0 0 0 0 
0.0626 0 0 0 0 0 0 0 0 0 0 0 0 0 0 0 0 0 
0.0407 0 0 0 0 0 0 0 0 0 0 0 0 0 0 0 0 0 
0.0274 0 0 0 0 0 0 0 0 0 0 0 0 0 0 0 0 0 
0.0167 0 0 0 0 0 0 0 0 0 0 0 0 0 0 0 0 0 
0.0097 0 0 0 0 0 0 0 0 0 0 0 0 0 0 0 0 0 
0.004 0 0 0 0 0 0 0 0 0 0 0 0 0 0 0 0 0 
0.001 0 0 0 0 0 0 0 0 0 0 0 0 0 0 0 0 0 
0 0 0 0 0 0 0 0 0 0 0 0 0 0 0 0 0 0 

1 0.9988 0.9971 0.9913 0.985 0.9758 0.9672 0.9515 0.9363 0.916 0.8918 0.8624 0.8296 0.7847 0.732 0.6661 0.5717 0.4288 
0.5634 0 0 0 0 0 0 0 0 0 0 0 0 0 0 0 0 0 
0.4263 0 0 0 0 0 0 0 0 0 0 0 0 0 0 0 0 0 
0.3398 0 0 0 0 0 0 0 0 0 0 0 0 0 0 0 0 0 
0.2796 0 0 0 0 0 0 0 0 0 0 0 0 0 0 0 0 0 
0.2242 0 0 0 0 0 0 0 0 0 0 0 0 0 0 0 0 0 
0.1802 0 0 0 0 0 0 0 0 0 0 0 0 0 0 0 0 0 
0.1434 0 0 0 0 0 0 0 0 0 0 0 0 0 0 0 0 0 
0.1124 0 0 0 0 0 0 0 0 0 0 0 0 0 0 0 0 0 
0.0843 0 0 0 0 0 0 0 0 0 0 0 0 0 0 0 0 0 
0.0622 0 0 0 0 0 0 0 0 0 0 0 0 0 0 0 0 0 
0.0431 0 0 0 0 0 0 0 0 0 0 0 0 0 0 0 0 0 
0.0279 0 0 0 0 0 0 0 0 0 0 0 0 0 0 0 0 0 
0.0166 0 0 0 0 0 0 0 0 0 0 0 0 0 0 0 0 0 
0.0069 0 0 0 0 0 0 0 0 0 0 0 0 0 0 0 0 0 
0.0028 0 0 0 0 0 0 0 0 0 0 0 0 0 0 0 0 0 
0.0007 0 0 0 0 0 0 0 0 0 0 0 0 0 0 0 0 0 
0.0001 0 0 0 0 0 0 0 0 0 0 0 0 0 0 0 0 0 

1 0.9984 0.998 0.9933 0.9872 0.981 0.9724 0.9659 0.9526 0.938 0.921 0.8997 0.8747 0.847 0.8119 0.7612 0.6916 0.5759 
0.4185 0 0 0 0 0 0 0 0 0 0 0 0 0 0 0 0 0 
0.3072 0 0 0 0 0 0 0 0 0 0 0 0 0 0 0 0 0 
0.2441 0 0 0 0 0 0 0 0 0 0 0 0 0 0 0 0 0 
0.1971 0 0 0 0 0 0 0 0 0 0 0 0 0 0 0 0 0 
0.1593 0 0 0 0 0 0 0 0 0 0 0 0 0 0 0 0 0 
0.1278 0 0 0 0 0 0 0 0 0 0 0 0 0 0 0 0 0 
0.1043 0 0 0 0 0 0 0 0 0 0 0 0 0 0 0 0 0 
0.0824 0 0 0 0 0 0 0 0 0 0 0 0 0 0 0 0 0 
0.062 0 0 0 0 0 0 0 0 0 0 0 0 0 0 0 0 0 
0.0479 0 0 0 0 0 0 0 0 0 0 0 0 0 0 0 0 0 
0.0323 0 0 0 0 0 0 0 0 0 0 0 0 0 0 0 0 0 
0.0222 0 0 0 0 0 0 0 0 0 0 0 0 0 0 0 0 0 
0.0145 0 0 0 0 0 0 0 0 0 0 0 0 0 0 0 0 0 
0.0074 0 0 0 0 0 0 0 0 0 0 0 0 0 0 0 0 0 
0.0024 0 0 0 0 0 0 0 0 0 0 0 0 0 0 0 0 0 
0.0008 0 0 0 0 0 0 0 0 0 0 0 0 0 0 0 0 0 
0 0 0 0 0 0 0 0 0 0 0 0 0 0 0 0 0 0 

1 0.9966 0.9919 0.9769 0.9539 0.926 0.8868 0.8368 0.7827 0.7076 0.6282 0.5542 0.4696 0.3885 0.3023 0.2289 0.156 0.0957 
0.8705 0.5822 0.3848 0.2368 0.1367 0.0833 0.0437 0.0207 0.0078 0.0019 0.0006 0 0 0 0 0 0 0 
0.7273 0.284 0.0928 0.0218 0.0023 0.0005 0.0001 0 0 0 0 0 0 0 0 0 0 0 
0.6069 0.1439 0.0276 0.0028 0.0001 0 0 0 0 0 0 0 0 0 0 0 0 0 
0.4846 0.0675 0.0052 0.0001 0 0 0 0 0 0 0 0 0 0 0 0 0 0 
0.3849 0.0268 0.0008 0 0 0 0 0 0 0 0 0 0 0 0 0 0 0 
0.2863 0.009 0.0001 0 0 0 0 0 0 0 0 0 0 0 0 0 0 0 
0.2074 0.002 0 0 0 0 0 0 0 0 0 0 0 0 0 0 0 0 
0.1425 0.0003 0 0 0 0 0 0 0 0 0 0 0 0 0 0 0 0 
0.0971 0 0 0 0 0 0 0 0 0 0 0 0 0 0 0 0 0 
0.0581 0 0 0 0 0 0 0 0 0 0 0 0 0 0 0 0 0 
0.0336 0 0 0 0 0 0 0 0 0 0 0 0 0 0 0 0 0 
0.0191 0 0 0 0 0 0 0 0 0 0 0 0 0 0 0 0 0 
0.0085 0 0 0 0 0 0 0 0 0 0 0 0 0 0 0 0 0 
0.0033 0 0 0 0 0 0 0 0 0 0 0 0 0 0 0 0 0 
0.001 0 0 0 0 0 0 0 0 0 0 0 0 0 0 0 0 0 
0.0001 0 0 0 0 0 0 0 0 0 0 0 0 0 0 0 0 0 
0 0 0 0 0 0 0 0 0 0 0 0 0 0 0 0 0 0 

1 0.9979 0.9958 0.9882 0.9782 0.9669 0.9539 0.9364 0.9106 0.8835 0.843 0.7997 0.7402 0.6737 0.5942 0.507 0.3972 0.2555 
0.7303 0.0209 0.0061 0.0019 0.001 0.0006 0.0005 0.0002 0 0 0 0 0 0 0 0 0 0 
0.5871 0.0034 0.0002 0 0 0 0 0 0 0 0 0 0 0 0 0 0 0 
0.4948 0.0017 0.0001 0 0 0 0 0 0 0 0 0 0 0 0 0 0 0 
0.4132 0.0007 0 0 0 0 0 0 0 0 0 0 0 0 0 0 0 0 
0.3394 0.0002 0 0 0 0 0 0 0 0 0 0 0 0 0 0 0 0 
0.2714 0.0002 0 0 0 0 0 0 0 0 0 0 0 0 0 0 0 0 
0.212 0 0 0 0 0 0 0 0 0 0 0 0 0 0 0 0 0 
0.1629 0 0 0 0 0 0 0 0 0 0 0 0 0 0 0 0 0 
0.1182 0 0 0 0 0 0 0 0 0 0 0 0 0 0 0 0 0 
0.085 0 0 0 0 0 0 0 0 0 0 0 0 0 0 0 0 0 
0.056 0 0 0 0 0 0 0 0 0 0 0 0 0 0 0 0 0 
0.0358 0 0 0 0 0 0 0 0 0 0 0 0 0 0 0 0 0 
0.0198 0 0 0 0 0 0 0 0 0 0 0 0 0 0 0 0 0 
0.0097 0 0 0 0 0 0 0 0 0 0 0 0 0 0 0 0 0 
0.004 0 0 0 0 0 0 0 0 0 0 0 0 0 0 0 0 0 
0.0008 0 0 0 0 0 0 0 0 0 0 0 0 0 0 0 0 0 
0 0 0 0 0 0 0 0 0 0 0 0 0 0 0 0 0 0 

1 0.9974 0.9957 0.9877 0.9781 0.9709 0.9552 0.9317 0.908 0.8749 0.8349 0.7852 0.7342 0.6645 0.5814 0.4856 0.3758 0.2308 
0.7548 0.0145 0.0028 0.001 0.0006 0.0004 0.0001 0.0001 0.0001 0 0 0 0 0 0 0 0 0 
0.6114 0.0028 0 0 0 0 0 0 0 0 0 0 0 0 0 0 0 0 
0.5083 0.0007 0 0 0 0 0 0 0 0 0 0 0 0 0 0 0 0 
0.4257 0.0001 0 0 0 0 0 0 0 0 0 0 0 0 0 0 0 0 
0.3467 0 0 0 0 0 0 0 0 0 0 0 0 0 0 0 0 0 
0.2842 0 0 0 0 0 0 0 0 0 0 0 0 0 0 0 0 0 
0.2265 0 0 0 0 0 0 0 0 0 0 0 0 0 0 0 0 0 
0.1757 0 0 0 0 0 0 0 0 0 0 0 0 0 0 0 0 0 
0.1304 0 0 0 0 0 0 0 0 0 0 0 0 0 0 0 0 0 
0.0913 0 0 0 0 0 0 0 0 0 0 0 0 0 0 0 0 0 
0.0592 0 0 0 0 0 0 0 0 0 0 0 0 0 0 0 0 0 
0.0379 0 0 0 0 0 0 0 0 0 0 0 0 0 0 0 0 0 
0.0197 0 0 0 0 0 0 0 0 0 0 0 0 0 0 0 0 0 
0.0095 0 0 0 0 0 0 0 0 0 0 0 0 0 0 0 0 0 
0.0033 0 0 0 0 0 0 0 0 0 0 0 0 0 0 0 0 0 
0.0002 0 0 0 0 0 0 0 0 0 0 0 0 0 0 0 0 0 
0 0 0 0 0 0 0 0 0 0 0 0 0 0 0 0 0 0 

1 0.999 0.9967 0.9893 0.9823 0.9731 0.9599 0.9434 0.9261 0.9044 0.8775 0.8466 0.8066 0.7597 0.7029 0.6218 0.524 0.3778 
0.6132 0 0 0 0 0 0 0 0 0 0 0 0 0 0 0 0 0 
0.4711 0 0 0 0 0 0 0 0 0 0 0 0 0 0 0 0 0 
0.383 0 0 0 0 0 0 0 0 0 0 0 0 0 0 0 0 0 
0.3145 0 0 0 0 0 0 0 0 0 0 0 0 0 0 0 0 0 
0.249 0 0 0 0 0 0 0 0 0 0 0 0 0 0 0 0 0 
0.2009 0 0 0 0 0 0 0 0 0 0 0 0 0 0 0 0 0 
0.1611 0 0 0 0 0 0 0 0 0 0 0 0 0 0 0 0 0 
0.1276 0 0 0 0 0 0 0 0 0 0 0 0 0 0 0 0 0 
0.0965 0 0 0 0 0 0 0 0 0 0 0 0 0 0 0 0 0 
0.071 0 0 0 0 0 0 0 0 0 0 0 0 0 0 0 0 0 
0.0508 0 0 0 0 0 0 0 0 0 0 0 0 0 0 0 0 0 
0.0336 0 0 0 0 0 0 0 0 0 0 0 0 0 0 0 0 0 
0.0205 0 0 0 0 0 0 0 0 0 0 0 0 0 0 0 0 0 
0.0112 0 0 0 0 0 0 0 0 0 0 0 0 0 0 0 0 0 
0.0039 0 0 0 0 0 0 0 0 0 0 0 0 0 0 0 0 0 
0.001 0 0 0 0 0 0 0 0 0 0 0 0 0 0 0 0 0 
0 0 0 0 0 0 0 0 0 0 0 0 0 0 0 0 0 0 

1 0.9986 0.9962 0.9862 0.9768 0.9629 0.9494 0.928 0.9056 0.8711 0.8315 0.7779 0.7181 0.6522 0.5734 0.4798 0.3613 0.2196 
0.7648 0.0081 0.0013 0.0003 0.0005 0.0002 0.0001 0.0001 0.0001 0 0 0 0 0 0 0 0 0 
0.6286 0.0011 0 0 0 0 0 0 0 0 0 0 0 0 0 0 0 0 
0.5227 0.0005 0 0 0 0 0 0 0 0 0 0 0 0 0 0 0 0 
0.4357 0.0003 0 0 0 0 0 0 0 0 0 0 0 0 0 0 0 0 
0.3564 0 0 0 0 0 0 0 0 0 0 0 0 0 0 0 0 0 
0.2928 0 0 0 0 0 0 0 0 0 0 0 0 0 0 0 0 0 
0.234 0 0 0 0 0 0 0 0 0 0 0 0 0 0 0 0 0 
0.18 0 0 0 0 0 0 0 0 0 0 0 0 0 0 0 0 0 
0.1339 0 0 0 0 0 0 0 0 0 0 0 0 0 0 0 0 0 
0.0969 0 0 0 0 0 0 0 0 0 0 0 0 0 0 0 0 0 
0.0679 0 0 0 0 0 0 0 0 0 0 0 0 0 0 0 0 0 
0.0444 0 0 0 0 0 0 0 0 0 0 0 0 0 0 0 0 0 
0.0242 0 0 0 0 0 0 0 0 0 0 0 0 0 0 0 0 0 
0.0109 0 0 0 0 0 0 0 0 0 0 0 0 0 0 0 0 0 
0.0046 0 0 0 0 0 0 0 0 0 0 0 0 0 0 0 0 0 
0.001 0 0 0 0 0 0 0 0 0 0 0 0 0 0 0 0 0 
0 0 0 0 0 0 0 0 0 0 0 0 0 0 0 0 0 0 

1 0.9981 0.9978 0.9919 0.9818 0.9733 0.9629 0.9459 0.928 0.9102 0.8811 0.8443 0.8075 0.7543 0.692 0.6125 0.5105 0.3671 
0.6228 0 0 0 0 0 0 0 0 0 0 0 0 0 0 0 0 0 
0.4862 0 0 0 0 0 0 0 0 0 0 0 0 0 0 0 0 0 
0.3931 0 0 0 0 0 0 0 0 0 0 0 0 0 0 0 0 0 
0.3161 0 0 0 0 0 0 0 0 0 0 0 0 0 0 0 0 0 
0.2572 0 0 0 0 0 0 0 0 0 0 0 0 0 0 0 0 0 
0.2068 0 0 0 0 0 0 0 0 0 0 0 0 0 0 0 0 0 
0.1626 0 0 0 0 0 0 0 0 0 0 0 0 0 0 0 0 0 
0.1234 0 0 0 0 0 0 0 0 0 0 0 0 0 0 0 0 0 
0.0925 0 0 0 0 0 0 0 0 0 0 0 0 0 0 0 0 0 
0.067 0 0 0 0 0 0 0 0 0 0 0 0 0 0 0 0 0 
0.0473 0 0 0 0 0 0 0 0 0 0 0 0 0 0 0 0 0 
0.0318 0 0 0 0 0 0 0 0 0 0 0 0 0 0 0 0 0 
0.0202 0 0 0 0 0 0 0 0 0 0 0 0 0 0 0 0 0 
0.0091 0 0 0 0 0 0 0 0 0 0 0 0 0 0 0 0 0 
0.0032 0 0 0 0 0 0 0 0 0 0 0 0 0 0 0 0 0 
0.0014 0 0 0 0 0 0 0 0 0 0 0 0 0 0 0 0 0 
0.0001 0 0 0 0 0 0 0 0 0 0 0 0 0 0 0 0 0 

1 0.9987 0.997 0.9897 0.9821 0.9738 0.9615 0.9493 0.9295 0.9085 0.8782 0.8475 0.8061 0.752 0.6948 0.624 0.5223 0.3726 
0.6184 0 0 0 0 0 0 0 0 0 0 0 0 0 0 0 0 0 
0.4752 0 0 0 0 0 0 0 0 0 0 0 0 0 0 0 0 0 
0.3839 0 0 0 0 0 0 0 0 0 0 0 0 0 0 0 0 0 
0.3129 0 0 0 0 0 0 0 0 0 0 0 0 0 0 0 0 0 
0.2519 0 0 0 0 0 0 0 0 0 0 0 0 0 0 0 0 0 
0.2045 0 0 0 0 0 0 0 0 0 0 0 0 0 0 0 0 0 
0.1635 0 0 0 0 0 0 0 0 0 0 0 0 0 0 0 0 0 
0.1263 0 0 0 0 0 0 0 0 0 0 0 0 0 0 0 0 0 
0.0971 0 0 0 0 0 0 0 0 0 0 0 0 0 0 0 0 0 
0.0694 0 0 0 0 0 0 0 0 0 0 0 0 0 0 0 0 0 
0.0477 0 0 0 0 0 0 0 0 0 0 0 0 0 0 0 0 0 
0.0307 0 0 0 0 0 0 0 0 0 0 0 0 0 0 0 0 0 
0.0176 0 0 0 0 0 0 0 0 0 0 0 0 0 0 0 0 0 
0.0092 0 0 0 0 0 0 0 0 0 0 0 0 0 0 0 0 0 
0.0031 0 0 0 0 0 0 0 0 0 0 0 0 0 0 0 0 0 
0.0009 0 0 0 0 0 0 0 0 0 0 0 0 0 0 0 0 0 
0.0001 0 0 0 0 0 0 0 0 0 0 0 0 0 0 0 0 0 

1 0.9991 0.998 0.9932 0.9851 0.976 0.9697 0.9605 0.9486 0.9295 0.909 0.8867 0.8591 0.8239 0.7788 0.7283 0.6555 0.5261 
0.4704 0 0 0 0 0 0 0 0 0 0 0 0 0 0 0 0 0 
0.3434 0 0 0 0 0 0 0 0 0 0 0 0 0 0 0 0 0 
0.2744 0 0 0 0 0 0 0 0 0 0 0 0 0 0 0 0 0 
0.2236 0 0 0 0 0 0 0 0 0 0 0 0 0 0 0 0 0 
0.1821 0 0 0 0 0 0 0 0 0 0 0 0 0 0 0 0 0 
0.1509 0 0 0 0 0 0 0 0 0 0 0 0 0 0 0 0 0 
0.1191 0 0 0 0 0 0 0 0 0 0 0 0 0 0 0 0 0 
0.0915 0 0 0 0 0 0 0 0 0 0 0 0 0 0 0 0 0 
0.0709 0 0 0 0 0 0 0 0 0 0 0 0 0 0 0 0 0 
0.0522 0 0 0 0 0 0 0 0 0 0 0 0 0 0 0 0 0 
0.0382 0 0 0 0 0 0 0 0 0 0 0 0 0 0 0 0 0 
0.0256 0 0 0 0 0 0 0 0 0 0 0 0 0 0 0 0 0 
0.0158 0 0 0 0 0 0 0 0 0 0 0 0 0 0 0 0 0 
0.0101 0 0 0 0 0 0 0 0 0 0 0 0 0 0 0 0 0 
0.0037 0 0 0 0 0 0 0 0 0 0 0 0 0 0 0 0 0 
0.0009 0 0 0 0 0 0 0 0 0 0 0 0 0 0 0 0 0 
0.0001 0 0 0 0 0 0 0 0 0 0 0 0 0 0 0 0 0 

1 0.9982 0.997 0.9887 0.9766 0.9603 0.9472 0.9293 0.8988 0.8657 0.822 0.7784 0.7188 0.6487 0.5724 0.4787 0.3673 0.2236 
0.7598 0.0032 0.0004 0 0 0 0 0 0 0 0 0 0 0 0 0 0 0 
0.6215 0.0003 0 0 0 0 0 0 0 0 0 0 0 0 0 0 0 0 
0.5191 0.0002 0 0 0 0 0 0 0 0 0 0 0 0 0 0 0 0 
0.4381 0 0 0 0 0 0 0 0 0 0 0 0 0 0 0 0 0 
0.3631 0 0 0 0 0 0 0 0 0 0 0 0 0 0 0 0 0 
0.2957 0 0 0 0 0 0 0 0 0 0 0 0 0 0 0 0 0 
0.2413 0 0 0 0 0 0 0 0 0 0 0 0 0 0 0 0 0 
0.1844 0 0 0 0 0 0 0 0 0 0 0 0 0 0 0 0 0 
0.1404 0 0 0 0 0 0 0 0 0 0 0 0 0 0 0 0 0 
0.1006 0 0 0 0 0 0 0 0 0 0 0 0 0 0 0 0 0 
0.0683 0 0 0 0 0 0 0 0 0 0 0 0 0 0 0 0 0 
0.0445 0 0 0 0 0 0 0 0 0 0 0 0 0 0 0 0 0 
0.0267 0 0 0 0 0 0 0 0 0 0 0 0 0 0 0 0 0 
0.0135 0 0 0 0 0 0 0 0 0 0 0 0 0 0 0 0 0 
0.0055 0 0 0 0 0 0 0 0 0 0 0 0 0 0 0 0 0 
0.0014 0 0 0 0 0 0 0 0 0 0 0 0 0 0 0 0 0 
0.0003 0 0 0 0 0 0 0 0 0 0 0 0 0 0 0 0 0 

1 0.9981 0.9972 0.9899 0.9822 0.9723 0.9567 0.9443 0.924 0.9009 0.8692 0.8394 0.7952 0.7521 0.6915 0.6173 0.5245 0.3686 
0.6215 0 0 0 0 0 0 0 0 0 0 0 0 0 0 0 0 0 
0.4759 0 0 0 0 0 0 0 0 0 0 0 0 0 0 0 0 0 
0.3855 0 0 0 0 0 0 0 0 0 0 0 0 0 0 0 0 0 
0.3163 0 0 0 0 0 0 0 0 0 0 0 0 0 0 0 0 0 
0.2585 0 0 0 0 0 0 0 0 0 0 0 0 0 0 0 0 0 
0.212 0 0 0 0 0 0 0 0 0 0 0 0 0 0 0 0 0 
0.1705 0 0 0 0 0 0 0 0 0 0 0 0 0 0 0 0 0 
0.1338 0 0 0 0 0 0 0 0 0 0 0 0 0 0 0 0 0 
0.1042 0 0 0 0 0 0 0 0 0 0 0 0 0 0 0 0 0 
0.0763 0 0 0 0 0 0 0 0 0 0 0 0 0 0 0 0 0 
0.052 0 0 0 0 0 0 0 0 0 0 0 0 0 0 0 0 0 
0.0345 0 0 0 0 0 0 0 0 0 0 0 0 0 0 0 0 0 
0.0192 0 0 0 0 0 0 0 0 0 0 0 0 0 0 0 0 0 
0.0103 0 0 0 0 0 0 0 0 0 0 0 0 0 0 0 0 0 
0.0047 0 0 0 0 0 0 0 0 0 0 0 0 0 0 0 0 0 
0.0012 0 0 0 0 0 0 0 0 0 0 0 0 0 0 0 0 0 
0.0002 0 0 0 0 0 0 0 0 0 0 0 0 0 0 0 0 0 

1 0.9989 0.9965 0.9916 0.982 0.974 0.9617 0.9468 0.9276 0.9047 0.8781 0.8445 0.801 0.7521 0.6922 0.6197 0.5163 0.367 
0.6236 0 0 0 0 0 0 0 0 0 0 0 0 0 0 0 0 0 
0.48 0 0 0 0 0 0 0 0 0 0 0 0 0 0 0 0 0 
0.3868 0 0 0 0 0 0 0 0 0 0 0 0 0 0 0 0 0 
0.3176 0 0 0 0 0 0 0 0 0 0 0 0 0 0 0 0 0 
0.2599 0 0 0 0 0 0 0 0 0 0 0 0 0 0 0 0 0 
0.2082 0 0 0 0 0 0 0 0 0 0 0 0 0 0 0 0 0 
0.1668 0 0 0 0 0 0 0 0 0 0 0 0 0 0 0 0 0 
0.1241 0 0 0 0 0 0 0 0 0 0 0 0 0 0 0 0 0 
0.0969 0 0 0 0 0 0 0 0 0 0 0 0 0 0 0 0 0 
0.0687 0 0 0 0 0 0 0 0 0 0 0 0 0 0 0 0 0 
0.0478 0 0 0 0 0 0 0 0 0 0 0 0 0 0 0 0 0 
0.0314 0 0 0 0 0 0 0 0 0 0 0 0 0 0 0 0 0 
0.0186 0 0 0 0 0 0 0 0 0 0 0 0 0 0 0 0 0 
0.0101 0 0 0 0 0 0 0 0 0 0 0 0 0 0 0 0 0 
0.0036 0 0 0 0 0 0 0 0 0 0 0 0 0 0 0 0 0 
0.0011 0 0 0 0 0 0 0 0 0 0 0 0 0 0 0 0 0 
0.0001 0 0 0 0 0 0 0 0 0 0 0 0 0 0 0 0 0 

1 0.999 0.9978 0.9928 0.9863 0.9828 0.9722 0.9625 0.9477 0.9351 0.9144 0.8913 0.8658 0.8269 0.7863 0.7286 0.6557 0.527 
0.4708 0 0 0 0 0 0 0 0 0 0 0 0 0 0 0 0 0 
0.3437 0 0 0 0 0 0 0 0 0 0 0 0 0 0 0 0 0 
0.2767 0 0 0 0 0 0 0 0 0 0 0 0 0 0 0 0 0 
0.2185 0 0 0 0 0 0 0 0 0 0 0 0 0 0 0 0 0 
0.1776 0 0 0 0 0 0 0 0 0 0 0 0 0 0 0 0 0 
0.1425 0 0 0 0 0 0 0 0 0 0 0 0 0 0 0 0 0 
0.1118 0 0 0 0 0 0 0 0 0 0 0 0 0 0 0 0 0 
0.0874 0 0 0 0 0 0 0 0 0 0 0 0 0 0 0 0 0 
0.0638 0 0 0 0 0 0 0 0 0 0 0 0 0 0 0 0 0 
0.0488 0 0 0 0 0 0 0 0 0 0 0 0 0 0 0 0 0 
0.0357 0 0 0 0 0 0 0 0 0 0 0 0 0 0 0 0 0 
0.0236 0 0 0 0 0 0 0 0 0 0 0 0 0 0 0 0 0 
0.0143 0 0 0 0 0 0 0 0 0 0 0 0 0 0 0 0 0 
0.0079 0 0 0 0 0 0 0 0 0 0 0 0 0 0 0 0 0 
0.0035 0 0 0 0 0 0 0 0 0 0 0 0 0 0 0 0 0 
0.0011 0 0 0 0 0 0 0 0 0 0 0 0 0 0 0 0 0 
0.0001 0 0 0 0 0 0 0 0 0 0 0 0 0 0 0 0 0 

1 0.9983 0.9961 0.9878 0.9846 0.973 0.9622 0.9525 0.9347 0.9094 0.8819 0.8501 0.8076 0.7565 0.697 0.6214 0.5234 0.3749 
0.614 0 0 0 0 0 0 0 0 0 0 0 0 0 0 0 0 0 
0.4751 0 0 0 0 0 0 0 0 0 0 0 0 0 0 0 0 0 
0.3828 0 0 0 0 0 0 0 0 0 0 0 0 0 0 0 0 0 
0.3065 0 0 0 0 0 0 0 0 0 0 0 0 0 0 0 0 0 
0.2537 0 0 0 0 0 0 0 0 0 0 0 0 0 0 0 0 0 
0.1984 0 0 0 0 0 0 0 0 0 0 0 0 0 0 0 0 0 
0.1593 0 0 0 0 0 0 0 0 0 0 0 0 0 0 0 0 0 
0.1288 0 0 0 0 0 0 0 0 0 0 0 0 0 0 0 0 0 
0.0963 0 0 0 0 0 0 0 0 0 0 0 0 0 0 0 0 0 
0.0677 0 0 0 0 0 0 0 0 0 0 0 0 0 0 0 0 0 
0.0471 0 0 0 0 0 0 0 0 0 0 0 0 0 0 0 0 0 
0.0283 0 0 0 0 0 0 0 0 0 0 0 0 0 0 0 0 0 
0.0172 0 0 0 0 0 0 0 0 0 0 0 0 0 0 0 0 0 
0.0087 0 0 0 0 0 0 0 0 0 0 0 0 0 0 0 0 0 
0.0038 0 0 0 0 0 0 0 0 0 0 0 0 0 0 0 0 0 
0.0009 0 0 0 0 0 0 0 0 0 0 0 0 0 0 0 0 0 
0 0 0 0 0 0 0 0 0 0 0 0 0 0 0 0 0 0 

1 0.9989 0.9982 0.9923 0.9876 0.9813 0.9732 0.9608 0.9502 0.9351 0.9191 0.8951 0.8665 0.8364 0.7929 0.7387 0.6581 0.5317 
0.4661 0 0 0 0 0 0 0 0 0 0 0 0 0 0 0 0 0 
0.3409 0 0 0 0 0 0 0 0 0 0 0 0 0 0 0 0 0 
0.2629 0 0 0 0 0 0 0 0 0 0 0 0 0 0 0 0 0 
0.2142 0 0 0 0 0 0 0 0 0 0 0 0 0 0 0 0 0 
0.1724 0 0 0 0 0 0 0 0 0 0 0 0 0 0 0 0 0 
0.1392 0 0 0 0 0 0 0 0 0 0 0 0 0 0 0 0 0 
0.1084 0 0 0 0 0 0 0 0 0 0 0 0 0 0 0 0 0 
0.084 0 0 0 0 0 0 0 0 0 0 0 0 0 0 0 0 0 
0.0641 0 0 0 0 0 0 0 0 0 0 0 0 0 0 0 0 0 
0.0472 0 0 0 0 0 0 0 0 0 0 0 0 0 0 0 0 0 
0.0351 0 0 0 0 0 0 0 0 0 0 0 0 0 0 0 0 0 
0.0246 0 0 0 0 0 0 0 0 0 0 0 0 0 0 0 0 0 
0.0145 0 0 0 0 0 0 0 0 0 0 0 0 0 0 0 0 0 
0.0069 0 0 0 0 0 0 0 0 0 0 0 0 0 0 0 0 0 
0.0027 0 0 0 0 0 0 0 0 0 0 0 0 0 0 0 0 0 
0.0007 0 0 0 0 0 0 0 0 0 0 0 0 0 0 0 0 0 
0 0 0 0 0 0 0 0 0 0 0 0 0 0 0 0 0 0 

1 0.9982 0.9976 0.992 0.987 0.9796 0.9715 0.9614 0.9491 0.9336 0.9148 0.8937 0.8679 0.8315 0.7905 0.7377 0.6669 0.5368 
0.4604 0 0 0 0 0 0 0 0 0 0 0 0 0 0 0 0 0 
0.3313 0 0 0 0 0 0 0 0 0 0 0 0 0 0 0 0 0 
0.2674 0 0 0 0 0 0 0 0 0 0 0 0 0 0 0 0 0 
0.2153 0 0 0 0 0 0 0 0 0 0 0 0 0 0 0 0 0 
0.1751 0 0 0 0 0 0 0 0 0 0 0 0 0 0 0 0 0 
0.1377 0 0 0 0 0 0 0 0 0 0 0 0 0 0 0 0 0 
0.1109 0 0 0 0 0 0 0 0 0 0 0 0 0 0 0 0 0 
0.0882 0 0 0 0 0 0 0 0 0 0 0 0 0 0 0 0 0 
0.0675 0 0 0 0 0 0 0 0 0 0 0 0 0 0 0 0 0 
0.0488 0 0 0 0 0 0 0 0 0 0 0 0 0 0 0 0 0 
0.0354 0 0 0 0 0 0 0 0 0 0 0 0 0 0 0 0 0 
0.025 0 0 0 0 0 0 0 0 0 0 0 0 0 0 0 0 0 
0.015 0 0 0 0 0 0 0 0 0 0 0 0 0 0 0 0 0 
0.0079 0 0 0 0 0 0 0 0 0 0 0 0 0 0 0 0 0 
0.0034 0 0 0 0 0 0 0 0 0 0 0 0 0 0 0 0 0 
0.0008 0 0 0 0 0 0 0 0 0 0 0 0 0 0 0 0 0 
0.0001 0 0 0 0 0 0 0 0 0 0 0 0 0 0 0 0 0 

1 0.9987 0.998 0.9949 0.9918 0.9869 0.9797 0.9762 0.9686 0.9582 0.9429 0.9286 0.909 0.8871 0.8609 0.8242 0.7708 0.6722 
0.3256 0 0 0 0 0 0 0 0 0 0 0 0 0 0 0 0 0 
0.2285 0 0 0 0 0 0 0 0 0 0 0 0 0 0 0 0 0 
0.179 0 0 0 0 0 0 0 0 0 0 0 0 0 0 0 0 0 
0.1422 0 0 0 0 0 0 0 0 0 0 0 0 0 0 0 0 0 
0.1154 0 0 0 0 0 0 0 0 0 0 0 0 0 0 0 0 0 
0.097 0 0 0 0 0 0 0 0 0 0 0 0 0 0 0 0 0 
0.0744 0 0 0 0 0 0 0 0 0 0 0 0 0 0 0 0 0 
0.0586 0 0 0 0 0 0 0 0 0 0 0 0 0 0 0 0 0 
0.0452 0 0 0 0 0 0 0 0 0 0 0 0 0 0 0 0 0 
0.0322 0 0 0 0 0 0 0 0 0 0 0 0 0 0 0 0 0 
0.0226 0 0 0 0 0 0 0 0 0 0 0 0 0 0 0 0 0 
0.0141 0 0 0 0 0 0 0 0 0 0 0 0 0 0 0 0 0 
0.0094 0 0 0 0 0 0 0 0 0 0 0 0 0 0 0 0 0 
0.0045 0 0 0 0 0 0 0 0 0 0 0 0 0 0 0 0 0 
0.0022 0 0 0 0 0 0 0 0 0 0 0 0 0 0 0 0 0 
0.0004 0 0 0 0 0 0 0 0 0 0 0 0 0 0 0 0 0 
0 0 0 0 0 0 0 0 0 0 0 0 0 0 0 0 0 0 

