1 1 0.988269 0.973612 0.955975 0.935088 0.911469 0.882394 0.851012 0.812831 0.757412 0.69055 0.620762 0.549844 0.477169 0.400625 0.313794 0.216331 
0.745444 0.394 0.202044 0.103325 0.0506625 0.0229625 0.0099 0.0034375 0.00095625 0.00020625 1.875e-05 6.25e-06 0 0 0 0 0 0 
0.610294 0.235375 0.0692562 0.0176375 0.0035875 0.0006125 5e-05 0 0 0 0 0 0 0 0 0 0 0 
0.500512 0.142575 0.0205125 0.00188125 8.125e-05 6.25e-06 0 0 0 0 0 0 0 0 0 0 0 0 
0.408375 0.0846562 0.00463125 0.00011875 0 0 0 0 0 0 0 0 0 0 0 0 0 0 
0.326794 0.0492 0.00075625 6.25e-06 0 0 0 0 0 0 0 0 0 0 0 0 0 0 
0.2583 0.027425 9.375e-05 0 0 0 0 0 0 0 0 0 0 0 0 0 0 0 
0.197388 0.0148687 1.25e-05 0 0 0 0 0 0 0 0 0 0 0 0 0 0 0 
0.147544 0.0073375 1.25e-05 0 0 0 0 0 0 0 0 0 0 0 0 0 0 0 

----------------------------------------------------------------------------------------------------------------------------------------------------------------------------------------------------------------------------------------------------------------------------------------------------------------------------------------------------------------------------------------------------------------

1 1 0.981212 0.96 0.927062 0.891525 0.849137 0.801787 0.747137 0.690313 0.62145 0.550462 0.477463 0.407187 0.3372 0.271225 0.201875 0.135487 
0.824875 0.60305 0.364825 0.206312 0.105612 0.051175 0.02205 0.0083125 0.002275 0.0008375 0.0002 3.75e-05 0 0 0 0 0 0 
0.6902 0.39795 0.141787 0.0419125 0.0084375 0.0015125 0.0001375 1.25e-05 0 0 0 0 0 0 0 0 0 0 
0.567988 0.25515 0.0459625 0.0054625 0.0003 3.75e-05 0 0 0 0 0 0 0 0 0 0 0 0 
0.459437 0.155587 0.01075 0.000375 0 0 0 0 0 0 0 0 0 0 0 0 0 0 
0.3604 0.0913625 0.001825 3.75e-05 0 0 0 0 0 0 0 0 0 0 0 0 0 0 
0.276425 0.051375 0.0002625 0 0 0 0 0 0 0 0 0 0 0 0 0 0 0 
0.206137 0.027475 3.75e-05 0 0 0 0 0 0 0 0 0 0 0 0 0 0 0 
0.147675 0.0138625 3.75e-05 0 0 0 0 0 0 0 0 0 0 0 0 0 0 0 

1 1 0.992425 0.986487 0.9807 0.9749 0.970225 0.963887 0.957987 0.95095 0.91205 0.847237 0.781237 0.723337 0.661762 0.590825 0.496975 0.361425 
0.62155 0.0496 0.009325 0.0028375 0.00105 0.0004625 0.0001875 7.5e-05 1.25e-05 0 0 0 0 0 0 0 0 0 
0.4896 0.0208 0.001825 0.0001875 3.75e-05 0 0 0 0 0 0 0 0 0 0 0 0 0 
0.404475 0.0111875 0.0004875 1.25e-05 0 0 0 0 0 0 0 0 0 0 0 0 0 0 
0.339087 0.0065625 7.5e-05 0 0 0 0 0 0 0 0 0 0 0 0 0 0 0 
0.28375 0.003825 1.25e-05 0 0 0 0 0 0 0 0 0 0 0 0 0 0 0 
0.236925 0.0023 1.25e-05 0 0 0 0 0 0 0 0 0 0 0 0 0 0 0 
0.197275 0.0012 0 0 0 0 0 0 0 0 0 0 0 0 0 0 0 0 
0.162175 0.000675 0 0 0 0 0 0 0 0 0 0 0 0 0 0 0 0 

----------------------------------------------------------------------------------------------------------------------------------------------------------------------------------------------------------------------------------------------------------------------------------------------------------------------------------------------------------------------------------------------------------------

0 0 0 0 0 0 0 0 0 0 0 0 0 0 0 0 0 0 
0 0 0 0 0 0 0 0 0 0 0 0 0 0 0 0 0 0 
0 0 0 0 0 0 0 0 0 0 0 0 0 0 0 0 0 0 
0 0 0 0 0 0 0 0 0 0 0 0 0 0 0 0 0 0 
0 0 0 0 0 0 0 0 0 0 0 0 0 0 0 0 0 0 
0 0 0 0 0 0 0 0 0 0 0 0 0 0 0 0 0 0 
0 0 0 0 0 0 0 0 0 0 0 0 0 0 0 0 0 0 
0 0 0 0 0 0 0 0 0 0 0 0 0 0 0 0 0 0 
0 0 0 0 0 0 0 0 0 0 0 0 0 0 0 0 0 0 

1 1 0.991725 0.981225 0.972925 0.963575 0.951725 0.94055 0.925825 0.906975 0.862375 0.799525 0.73485 0.672525 0.6073 0.531675 0.435125 0.312425 
0.6658 0.171225 0.05855 0.0234 0.010225 0.004625 0.00215 0.0008 0.00035 5e-05 2.5e-05 0 0 0 0 0 0 0 
0.532025 0.08575 0.013975 0.0031 0.00045 7.5e-05 0 0 0 0 0 0 0 0 0 0 0 0 
0.43285 0.048125 0.00375 0.000275 0 0 0 0 0 0 0 0 0 0 0 0 0 0 
0.361875 0.029825 0.000725 0 0 0 0 0 0 0 0 0 0 0 0 0 0 0 
0.3009 0.01745 0.000225 0 0 0 0 0 0 0 0 0 0 0 0 0 0 0 
0.248675 0.010925 2.5e-05 0 0 0 0 0 0 0 0 0 0 0 0 0 0 0 
0.205025 0.005925 0 0 0 0 0 0 0 0 0 0 0 0 0 0 0 0 
0.1672 0.003325 0 0 0 0 0 0 0 0 0 0 0 0 0 0 0 0 

1 1 0.9907 0.981825 0.97645 0.966775 0.9601 0.949975 0.938225 0.92245 0.8768 0.800875 0.724625 0.651575 0.5777 0.49755 0.39625 0.26675 
0.7112 0.1203 0.029325 0.009825 0.00355 0.001325 0.000625 0.000225 7.5e-05 2.5e-05 0 0 0 0 0 0 0 0 
0.57575 0.055575 0.006075 0.000625 0.00015 2.5e-05 0 0 0 0 0 0 0 0 0 0 0 0 
0.480825 0.028925 0.001275 5e-05 0 0 0 0 0 0 0 0 0 0 0 0 0 0 
0.405525 0.01585 0.0001 0 0 0 0 0 0 0 0 0 0 0 0 0 0 0 
0.3404 0.0101 7.5e-05 0 0 0 0 0 0 0 0 0 0 0 0 0 0 0 
0.28585 0.005675 0 0 0 0 0 0 0 0 0 0 0 0 0 0 0 0 
0.236 0.003625 0 0 0 0 0 0 0 0 0 0 0 0 0 0 0 0 
0.1906 0.001825 0 0 0 0 0 0 0 0 0 0 0 0 0 0 0 0 

1 1 0.9938 0.988625 0.983075 0.980375 0.97845 0.975825 0.970425 0.96985 0.93525 0.878475 0.82085 0.77115 0.720775 0.659725 0.578425 0.4446 
0.545925 0.00015 0 0 0 0 0 0 0 0 0 0 0 0 0 0 0 0 
0.419325 5e-05 0 0 0 0 0 0 0 0 0 0 0 0 0 0 0 0 
0.343175 2.5e-05 0 0 0 0 0 0 0 0 0 0 0 0 0 0 0 0 
0.286425 2.5e-05 0 0 0 0 0 0 0 0 0 0 0 0 0 0 0 0 
0.240375 2.5e-05 0 0 0 0 0 0 0 0 0 0 0 0 0 0 0 0 
0.2033 2.5e-05 0 0 0 0 0 0 0 0 0 0 0 0 0 0 0 0 
0.169725 2.5e-05 0 0 0 0 0 0 0 0 0 0 0 0 0 0 0 0 
0.14175 0 0 0 0 0 0 0 0 0 0 0 0 0 0 0 0 0 

----------------------------------------------------------------------------------------------------------------------------------------------------------------------------------------------------------------------------------------------------------------------------------------------------------------------------------------------------------------------------------------------------------------

0 0 0 0 0 0 0 0 0 0 0 0 0 0 0 0 0 0 
0 0 0 0 0 0 0 0 0 0 0 0 0 0 0 0 0 0 
0 0 0 0 0 0 0 0 0 0 0 0 0 0 0 0 0 0 
0 0 0 0 0 0 0 0 0 0 0 0 0 0 0 0 0 0 
0 0 0 0 0 0 0 0 0 0 0 0 0 0 0 0 0 0 
0 0 0 0 0 0 0 0 0 0 0 0 0 0 0 0 0 0 
0 0 0 0 0 0 0 0 0 0 0 0 0 0 0 0 0 0 
0 0 0 0 0 0 0 0 0 0 0 0 0 0 0 0 0 0 
0 0 0 0 0 0 0 0 0 0 0 0 0 0 0 0 0 0 

0 0 0 0 0 0 0 0 0 0 0 0 0 0 0 0 0 0 
0 0 0 0 0 0 0 0 0 0 0 0 0 0 0 0 0 0 
0 0 0 0 0 0 0 0 0 0 0 0 0 0 0 0 0 0 
0 0 0 0 0 0 0 0 0 0 0 0 0 0 0 0 0 0 
0 0 0 0 0 0 0 0 0 0 0 0 0 0 0 0 0 0 
0 0 0 0 0 0 0 0 0 0 0 0 0 0 0 0 0 0 
0 0 0 0 0 0 0 0 0 0 0 0 0 0 0 0 0 0 
0 0 0 0 0 0 0 0 0 0 0 0 0 0 0 0 0 0 
0 0 0 0 0 0 0 0 0 0 0 0 0 0 0 0 0 0 

1 1 0.98675 0.9756 0.9579 0.94135 0.92145 0.9019 0.87015 0.8405 0.7895 0.7193 0.65215 0.57835 0.5103 0.4315 0.3388 0.2315 
0.73975 0.3303 0.1371 0.0633 0.0304 0.01415 0.00585 0.0026 0.0009 0.0001 5e-05 0 0 0 0 0 0 0 
0.6012 0.18435 0.0423 0.00935 0.00175 0.0003 0 0 0 0 0 0 0 0 0 0 0 0 
0.4946 0.10705 0.01145 0.00065 0.0001 0 0 0 0 0 0 0 0 0 0 0 0 0 
0.4078 0.0659 0.0024 0.0001 0 0 0 0 0 0 0 0 0 0 0 0 0 0 
0.33745 0.0424 0.0005 0 0 0 0 0 0 0 0 0 0 0 0 0 0 0 
0.27475 0.0241 0.00015 0 0 0 0 0 0 0 0 0 0 0 0 0 0 0 
0.223 0.01435 0 0 0 0 0 0 0 0 0 0 0 0 0 0 0 0 
0.1754 0.0071 0 0 0 0 0 0 0 0 0 0 0 0 0 0 0 0 

1 1 0.9933 0.98875 0.9849 0.9801 0.97565 0.9711 0.96805 0.9669 0.931 0.8688 0.81145 0.75885 0.70565 0.64165 0.55675 0.4198 
0.57095 0.0049 0.0002 0 0 0 0 0 0 0 0 0 0 0 0 0 0 0 
0.44165 0.0018 0 0 0 0 0 0 0 0 0 0 0 0 0 0 0 0 
0.3622 0.0009 0 0 0 0 0 0 0 0 0 0 0 0 0 0 0 0 
0.3027 0.0008 0 0 0 0 0 0 0 0 0 0 0 0 0 0 0 0 
0.25455 0.0005 0 0 0 0 0 0 0 0 0 0 0 0 0 0 0 0 
0.21235 0.00015 0 0 0 0 0 0 0 0 0 0 0 0 0 0 0 0 
0.1773 0.0001 0 0 0 0 0 0 0 0 0 0 0 0 0 0 0 0 
0.1462 5e-05 0 0 0 0 0 0 0 0 0 0 0 0 0 0 0 0 

1 1 0.98935 0.97875 0.9667 0.9534 0.93755 0.9237 0.89965 0.87685 0.8194 0.7384 0.6548 0.56745 0.48545 0.39945 0.2976 0.184 
0.78685 0.24405 0.07645 0.02995 0.01105 0.0057 0.0018 0.0007 0.0001 0 5e-05 0 0 0 0 0 0 0 
0.6575 0.1251 0.0173 0.00305 0.00045 0.0001 0 0 0 0 0 0 0 0 0 0 0 0 
0.55405 0.07025 0.00345 0.0003 0 0 0 0 0 0 0 0 0 0 0 0 0 0 
0.4669 0.041 0.0008 0 0 0 0 0 0 0 0 0 0 0 0 0 0 0 
0.38955 0.02465 5e-05 0 0 0 0 0 0 0 0 0 0 0 0 0 0 0 
0.32145 0.0146 5e-05 0 0 0 0 0 0 0 0 0 0 0 0 0 0 0 
0.26085 0.00785 0 0 0 0 0 0 0 0 0 0 0 0 0 0 0 0 
0.2071 0.0044 0 0 0 0 0 0 0 0 0 0 0 0 0 0 0 0 

1 1 0.99255 0.9872 0.98075 0.9777 0.97305 0.96885 0.96705 0.9647 0.92525 0.8562 0.78595 0.72725 0.66915 0.59915 0.5033 0.3592 
0.6288 0.00185 5e-05 0 0 0 0 0 0 0 0 0 0 0 0 0 0 0 
0.49255 0.00065 0 0 0 0 0 0 0 0 0 0 0 0 0 0 0 0 
0.40565 0.0002 0 0 0 0 0 0 0 0 0 0 0 0 0 0 0 0 
0.3384 0.00015 0 0 0 0 0 0 0 0 0 0 0 0 0 0 0 0 
0.28465 5e-05 0 0 0 0 0 0 0 0 0 0 0 0 0 0 0 0 
0.24065 5e-05 0 0 0 0 0 0 0 0 0 0 0 0 0 0 0 0 
0.20215 0 0 0 0 0 0 0 0 0 0 0 0 0 0 0 0 0 
0.16685 0 0 0 0 0 0 0 0 0 0 0 0 0 0 0 0 0 

1 1 0.99235 0.98695 0.98055 0.9746 0.9735 0.96925 0.96715 0.9646 0.925 0.85615 0.78535 0.72075 0.6604 0.5911 0.49135 0.3538 
0.6313 0.0007 5e-05 0 0 0 0 0 0 0 0 0 0 0 0 0 0 0 
0.5029 0.0001 0 0 0 0 0 0 0 0 0 0 0 0 0 0 0 0 
0.4104 5e-05 0 0 0 0 0 0 0 0 0 0 0 0 0 0 0 0 
0.34675 0 0 0 0 0 0 0 0 0 0 0 0 0 0 0 0 0 
0.2907 0 0 0 0 0 0 0 0 0 0 0 0 0 0 0 0 0 
0.24815 0 0 0 0 0 0 0 0 0 0 0 0 0 0 0 0 0 
0.20485 0 0 0 0 0 0 0 0 0 0 0 0 0 0 0 0 0 
0.1712 0 0 0 0 0 0 0 0 0 0 0 0 0 0 0 0 0 

1 1 0.99345 0.9883 0.98515 0.9841 0.97955 0.98005 0.9766 0.97325 0.94575 0.9009 0.85585 0.81495 0.77195 0.7202 0.65105 0.5309 
0.463 0 0 0 0 0 0 0 0 0 0 0 0 0 0 0 0 0 
0.34935 0 0 0 0 0 0 0 0 0 0 0 0 0 0 0 0 0 
0.28055 0 0 0 0 0 0 0 0 0 0 0 0 0 0 0 0 0 
0.2383 0 0 0 0 0 0 0 0 0 0 0 0 0 0 0 0 0 
0.19685 0 0 0 0 0 0 0 0 0 0 0 0 0 0 0 0 0 
0.16355 0 0 0 0 0 0 0 0 0 0 0 0 0 0 0 0 0 
0.13905 0 0 0 0 0 0 0 0 0 0 0 0 0 0 0 0 0 
0.11735 0 0 0 0 0 0 0 0 0 0 0 0 0 0 0 0 0 

----------------------------------------------------------------------------------------------------------------------------------------------------------------------------------------------------------------------------------------------------------------------------------------------------------------------------------------------------------------------------------------------------------------

0 0 0 0 0 0 0 0 0 0 0 0 0 0 0 0 0 0 
0 0 0 0 0 0 0 0 0 0 0 0 0 0 0 0 0 0 
0 0 0 0 0 0 0 0 0 0 0 0 0 0 0 0 0 0 
0 0 0 0 0 0 0 0 0 0 0 0 0 0 0 0 0 0 
0 0 0 0 0 0 0 0 0 0 0 0 0 0 0 0 0 0 
0 0 0 0 0 0 0 0 0 0 0 0 0 0 0 0 0 0 
0 0 0 0 0 0 0 0 0 0 0 0 0 0 0 0 0 0 
0 0 0 0 0 0 0 0 0 0 0 0 0 0 0 0 0 0 
0 0 0 0 0 0 0 0 0 0 0 0 0 0 0 0 0 0 

0 0 0 0 0 0 0 0 0 0 0 0 0 0 0 0 0 0 
0 0 0 0 0 0 0 0 0 0 0 0 0 0 0 0 0 0 
0 0 0 0 0 0 0 0 0 0 0 0 0 0 0 0 0 0 
0 0 0 0 0 0 0 0 0 0 0 0 0 0 0 0 0 0 
0 0 0 0 0 0 0 0 0 0 0 0 0 0 0 0 0 0 
0 0 0 0 0 0 0 0 0 0 0 0 0 0 0 0 0 0 
0 0 0 0 0 0 0 0 0 0 0 0 0 0 0 0 0 0 
0 0 0 0 0 0 0 0 0 0 0 0 0 0 0 0 0 0 
0 0 0 0 0 0 0 0 0 0 0 0 0 0 0 0 0 0 

0 0 0 0 0 0 0 0 0 0 0 0 0 0 0 0 0 0 
0 0 0 0 0 0 0 0 0 0 0 0 0 0 0 0 0 0 
0 0 0 0 0 0 0 0 0 0 0 0 0 0 0 0 0 0 
0 0 0 0 0 0 0 0 0 0 0 0 0 0 0 0 0 0 
0 0 0 0 0 0 0 0 0 0 0 0 0 0 0 0 0 0 
0 0 0 0 0 0 0 0 0 0 0 0 0 0 0 0 0 0 
0 0 0 0 0 0 0 0 0 0 0 0 0 0 0 0 0 0 
0 0 0 0 0 0 0 0 0 0 0 0 0 0 0 0 0 0 
0 0 0 0 0 0 0 0 0 0 0 0 0 0 0 0 0 0 

1 1 0.9927 0.9851 0.9809 0.9734 0.9641 0.9601 0.9532 0.9424 0.9078 0.8546 0.7936 0.7399 0.6878 0.6228 0.5423 0.4156 
0.5713 0.0799 0.0219 0.0091 0.0042 0.0016 0.0009 0.0003 0 0 0 0 0 0 0 0 0 0 
0.4441 0.0378 0.0055 0.0009 0 0 0 0 0 0 0 0 0 0 0 0 0 0 
0.3631 0.0215 0.0012 0.0002 0 0 0 0 0 0 0 0 0 0 0 0 0 0 
0.3051 0.0143 0.0003 0 0 0 0 0 0 0 0 0 0 0 0 0 0 0 
0.2557 0.0088 0.0001 0 0 0 0 0 0 0 0 0 0 0 0 0 0 0 
0.2103 0.0052 0 0 0 0 0 0 0 0 0 0 0 0 0 0 0 0 
0.1722 0.0026 0 0 0 0 0 0 0 0 0 0 0 0 0 0 0 0 
0.1439 0.0017 0 0 0 0 0 0 0 0 0 0 0 0 0 0 0 0 

0 0 0 0 0 0 0 0 0 0 0 0 0 0 0 0 0 0 
0 0 0 0 0 0 0 0 0 0 0 0 0 0 0 0 0 0 
0 0 0 0 0 0 0 0 0 0 0 0 0 0 0 0 0 0 
0 0 0 0 0 0 0 0 0 0 0 0 0 0 0 0 0 0 
0 0 0 0 0 0 0 0 0 0 0 0 0 0 0 0 0 0 
0 0 0 0 0 0 0 0 0 0 0 0 0 0 0 0 0 0 
0 0 0 0 0 0 0 0 0 0 0 0 0 0 0 0 0 0 
0 0 0 0 0 0 0 0 0 0 0 0 0 0 0 0 0 0 
0 0 0 0 0 0 0 0 0 0 0 0 0 0 0 0 0 0 

1 1 0.992 0.9861 0.9802 0.9772 0.9707 0.9694 0.963 0.9541 0.9178 0.8469 0.7847 0.7224 0.66 0.5843 0.489 0.3496 
0.6357 0.0254 0.0029 0.0009 0.0005 0.0002 0 0.0001 0 0 0 0 0 0 0 0 0 0 
0.5049 0.0098 0.0007 0.0001 0.0001 0 0 0 0 0 0 0 0 0 0 0 0 0 
0.4155 0.0052 0 0 0 0 0 0 0 0 0 0 0 0 0 0 0 0 
0.3475 0.0036 0 0 0 0 0 0 0 0 0 0 0 0 0 0 0 0 
0.2846 0.0019 0 0 0 0 0 0 0 0 0 0 0 0 0 0 0 0 
0.2392 0.001 0 0 0 0 0 0 0 0 0 0 0 0 0 0 0 0 
0.2018 0.0004 0 0 0 0 0 0 0 0 0 0 0 0 0 0 0 0 
0.1702 0.0004 0 0 0 0 0 0 0 0 0 0 0 0 0 0 0 0 

1 1 0.9919 0.9836 0.9785 0.9759 0.9696 0.9653 0.9591 0.9544 0.9116 0.8472 0.7742 0.7065 0.6469 0.5667 0.4745 0.3365 
0.6484 0.0147 0.0017 0.0001 0.0002 0 0 0 0 0 0 0 0 0 0 0 0 0 
0.5155 0.0059 0 0 0 0 0 0 0 0 0 0 0 0 0 0 0 0 
0.4311 0.0032 0 0 0 0 0 0 0 0 0 0 0 0 0 0 0 0 
0.3667 0.0021 0 0 0 0 0 0 0 0 0 0 0 0 0 0 0 0 
0.3097 0.0014 0 0 0 0 0 0 0 0 0 0 0 0 0 0 0 0 
0.2585 0.0008 0 0 0 0 0 0 0 0 0 0 0 0 0 0 0 0 
0.2184 0.0004 0 0 0 0 0 0 0 0 0 0 0 0 0 0 0 0 
0.1787 0.0001 0 0 0 0 0 0 0 0 0 0 0 0 0 0 0 0 

1 1 0.9934 0.9892 0.9862 0.9827 0.9802 0.9747 0.9741 0.9735 0.9429 0.8915 0.8376 0.7959 0.7539 0.6988 0.62 0.4933 
0.4987 0 0 0 0 0 0 0 0 0 0 0 0 0 0 0 0 0 
0.3759 0 0 0 0 0 0 0 0 0 0 0 0 0 0 0 0 0 
0.3081 0 0 0 0 0 0 0 0 0 0 0 0 0 0 0 0 0 
0.2568 0 0 0 0 0 0 0 0 0 0 0 0 0 0 0 0 0 
0.2128 0 0 0 0 0 0 0 0 0 0 0 0 0 0 0 0 0 
0.1821 0 0 0 0 0 0 0 0 0 0 0 0 0 0 0 0 0 
0.1493 0 0 0 0 0 0 0 0 0 0 0 0 0 0 0 0 0 
0.1284 0 0 0 0 0 0 0 0 0 0 0 0 0 0 0 0 0 

0 0 0 0 0 0 0 0 0 0 0 0 0 0 0 0 0 0 
0 0 0 0 0 0 0 0 0 0 0 0 0 0 0 0 0 0 
0 0 0 0 0 0 0 0 0 0 0 0 0 0 0 0 0 0 
0 0 0 0 0 0 0 0 0 0 0 0 0 0 0 0 0 0 
0 0 0 0 0 0 0 0 0 0 0 0 0 0 0 0 0 0 
0 0 0 0 0 0 0 0 0 0 0 0 0 0 0 0 0 0 
0 0 0 0 0 0 0 0 0 0 0 0 0 0 0 0 0 0 
0 0 0 0 0 0 0 0 0 0 0 0 0 0 0 0 0 0 
0 0 0 0 0 0 0 0 0 0 0 0 0 0 0 0 0 0 

1 1 0.991 0.9847 0.9795 0.9735 0.9702 0.9646 0.9627 0.9576 0.9122 0.8392 0.7606 0.6909 0.6199 0.5417 0.4382 0.2962 
0.6881 0.0068 0.0003 0.0003 0.0002 0 0 0 0 0 0 0 0 0 0 0 0 0 
0.5534 0.003 0 0 0 0 0 0 0 0 0 0 0 0 0 0 0 0 
0.4603 0.0019 0 0 0 0 0 0 0 0 0 0 0 0 0 0 0 0 
0.3861 0.0009 0 0 0 0 0 0 0 0 0 0 0 0 0 0 0 0 
0.3274 0.0006 0 0 0 0 0 0 0 0 0 0 0 0 0 0 0 0 
0.276 0.0001 0 0 0 0 0 0 0 0 0 0 0 0 0 0 0 0 
0.2246 0.0002 0 0 0 0 0 0 0 0 0 0 0 0 0 0 0 0 
0.187 0.0001 0 0 0 0 0 0 0 0 0 0 0 0 0 0 0 0 

1 1 0.9909 0.9846 0.9801 0.9735 0.9684 0.9677 0.9622 0.9589 0.9134 0.8236 0.7477 0.677 0.6052 0.5192 0.4189 0.2712 
0.7043 0.0042 0.0001 0 0 0 0 0 0 0 0 0 0 0 0 0 0 0 
0.5706 0.0013 0 0 0 0 0 0 0 0 0 0 0 0 0 0 0 0 
0.484 0.0005 0 0 0 0 0 0 0 0 0 0 0 0 0 0 0 0 
0.401 0.0003 0 0 0 0 0 0 0 0 0 0 0 0 0 0 0 0 
0.3444 0.0001 0 0 0 0 0 0 0 0 0 0 0 0 0 0 0 0 
0.2901 0 0 0 0 0 0 0 0 0 0 0 0 0 0 0 0 0 
0.2394 0.0001 0 0 0 0 0 0 0 0 0 0 0 0 0 0 0 0 
0.1971 0 0 0 0 0 0 0 0 0 0 0 0 0 0 0 0 0 

1 1 0.9923 0.9876 0.9868 0.9766 0.9752 0.9765 0.9708 0.9711 0.9332 0.8796 0.8216 0.7696 0.7159 0.6562 0.5794 0.4443 
0.5466 0 0 0 0 0 0 0 0 0 0 0 0 0 0 0 0 0 
0.4193 0 0 0 0 0 0 0 0 0 0 0 0 0 0 0 0 0 
0.344 0 0 0 0 0 0 0 0 0 0 0 0 0 0 0 0 0 
0.2931 0 0 0 0 0 0 0 0 0 0 0 0 0 0 0 0 0 
0.2425 0 0 0 0 0 0 0 0 0 0 0 0 0 0 0 0 0 
0.2064 0 0 0 0 0 0 0 0 0 0 0 0 0 0 0 0 0 
0.1688 0 0 0 0 0 0 0 0 0 0 0 0 0 0 0 0 0 
0.1426 0 0 0 0 0 0 0 0 0 0 0 0 0 0 0 0 0 

1 1 0.9916 0.9841 0.9783 0.9719 0.9691 0.9629 0.9605 0.9601 0.9045 0.8223 0.7384 0.6625 0.5896 0.5015 0.4034 0.2666 
0.7147 0.0013 0 0 0 0 0 0 0 0 0 0 0 0 0 0 0 0 
0.587 0.0005 0 0 0 0 0 0 0 0 0 0 0 0 0 0 0 0 
0.4987 0.0002 0 0 0 0 0 0 0 0 0 0 0 0 0 0 0 0 
0.4169 0.0002 0 0 0 0 0 0 0 0 0 0 0 0 0 0 0 0 
0.3539 0.0002 0 0 0 0 0 0 0 0 0 0 0 0 0 0 0 0 
0.2978 0.0001 0 0 0 0 0 0 0 0 0 0 0 0 0 0 0 0 
0.2533 0 0 0 0 0 0 0 0 0 0 0 0 0 0 0 0 0 
0.2079 0 0 0 0 0 0 0 0 0 0 0 0 0 0 0 0 0 

1 1 0.9927 0.9874 0.983 0.9804 0.9766 0.9722 0.971 0.9654 0.9384 0.8738 0.8136 0.7616 0.7168 0.6575 0.5733 0.441 
0.5509 0 0 0 0 0 0 0 0 0 0 0 0 0 0 0 0 0 
0.4241 0 0 0 0 0 0 0 0 0 0 0 0 0 0 0 0 0 
0.3458 0 0 0 0 0 0 0 0 0 0 0 0 0 0 0 0 0 
0.291 0 0 0 0 0 0 0 0 0 0 0 0 0 0 0 0 0 
0.2446 0 0 0 0 0 0 0 0 0 0 0 0 0 0 0 0 0 
0.2088 0 0 0 0 0 0 0 0 0 0 0 0 0 0 0 0 0 
0.1786 0 0 0 0 0 0 0 0 0 0 0 0 0 0 0 0 0 
0.1515 0 0 0 0 0 0 0 0 0 0 0 0 0 0 0 0 0 

1 1 0.9931 0.9908 0.983 0.9784 0.9793 0.9743 0.976 0.9667 0.9342 0.8778 0.8207 0.7691 0.717 0.6543 0.5677 0.431 
0.5595 0 0 0 0 0 0 0 0 0 0 0 0 0 0 0 0 0 
0.4247 0 0 0 0 0 0 0 0 0 0 0 0 0 0 0 0 0 
0.3489 0 0 0 0 0 0 0 0 0 0 0 0 0 0 0 0 0 
0.2908 0 0 0 0 0 0 0 0 0 0 0 0 0 0 0 0 0 
0.242 0 0 0 0 0 0 0 0 0 0 0 0 0 0 0 0 0 
0.2045 0 0 0 0 0 0 0 0 0 0 0 0 0 0 0 0 0 
0.1737 0 0 0 0 0 0 0 0 0 0 0 0 0 0 0 0 0 
0.1425 0 0 0 0 0 0 0 0 0 0 0 0 0 0 0 0 0 

1 1 0.995 0.9925 0.9885 0.9871 0.9857 0.9827 0.9797 0.978 0.9539 0.9175 0.8796 0.8429 0.809 0.766 0.709 0.601 
0.3907 0 0 0 0 0 0 0 0 0 0 0 0 0 0 0 0 0 
0.2953 0 0 0 0 0 0 0 0 0 0 0 0 0 0 0 0 0 
0.2368 0 0 0 0 0 0 0 0 0 0 0 0 0 0 0 0 0 
0.1972 0 0 0 0 0 0 0 0 0 0 0 0 0 0 0 0 0 
0.1626 0 0 0 0 0 0 0 0 0 0 0 0 0 0 0 0 0 
0.1409 0 0 0 0 0 0 0 0 0 0 0 0 0 0 0 0 0 
0.113 0 0 0 0 0 0 0 0 0 0 0 0 0 0 0 0 0 
0.0954 0 0 0 0 0 0 0 0 0 0 0 0 0 0 0 0 0 

----------------------------------------------------------------------------------------------------------------------------------------------------------------------------------------------------------------------------------------------------------------------------------------------------------------------------------------------------------------------------------------------------------------

0 0 0 0 0 0 0 0 0 0 0 0 0 0 0 0 0 0 
0 0 0 0 0 0 0 0 0 0 0 0 0 0 0 0 0 0 
0 0 0 0 0 0 0 0 0 0 0 0 0 0 0 0 0 0 
0 0 0 0 0 0 0 0 0 0 0 0 0 0 0 0 0 0 
0 0 0 0 0 0 0 0 0 0 0 0 0 0 0 0 0 0 
0 0 0 0 0 0 0 0 0 0 0 0 0 0 0 0 0 0 
0 0 0 0 0 0 0 0 0 0 0 0 0 0 0 0 0 0 
0 0 0 0 0 0 0 0 0 0 0 0 0 0 0 0 0 0 
0 0 0 0 0 0 0 0 0 0 0 0 0 0 0 0 0 0 

0 0 0 0 0 0 0 0 0 0 0 0 0 0 0 0 0 0 
0 0 0 0 0 0 0 0 0 0 0 0 0 0 0 0 0 0 
0 0 0 0 0 0 0 0 0 0 0 0 0 0 0 0 0 0 
0 0 0 0 0 0 0 0 0 0 0 0 0 0 0 0 0 0 
0 0 0 0 0 0 0 0 0 0 0 0 0 0 0 0 0 0 
0 0 0 0 0 0 0 0 0 0 0 0 0 0 0 0 0 0 
0 0 0 0 0 0 0 0 0 0 0 0 0 0 0 0 0 0 
0 0 0 0 0 0 0 0 0 0 0 0 0 0 0 0 0 0 
0 0 0 0 0 0 0 0 0 0 0 0 0 0 0 0 0 0 

0 0 0 0 0 0 0 0 0 0 0 0 0 0 0 0 0 0 
0 0 0 0 0 0 0 0 0 0 0 0 0 0 0 0 0 0 
0 0 0 0 0 0 0 0 0 0 0 0 0 0 0 0 0 0 
0 0 0 0 0 0 0 0 0 0 0 0 0 0 0 0 0 0 
0 0 0 0 0 0 0 0 0 0 0 0 0 0 0 0 0 0 
0 0 0 0 0 0 0 0 0 0 0 0 0 0 0 0 0 0 
0 0 0 0 0 0 0 0 0 0 0 0 0 0 0 0 0 0 
0 0 0 0 0 0 0 0 0 0 0 0 0 0 0 0 0 0 
0 0 0 0 0 0 0 0 0 0 0 0 0 0 0 0 0 0 

0 0 0 0 0 0 0 0 0 0 0 0 0 0 0 0 0 0 
0 0 0 0 0 0 0 0 0 0 0 0 0 0 0 0 0 0 
0 0 0 0 0 0 0 0 0 0 0 0 0 0 0 0 0 0 
0 0 0 0 0 0 0 0 0 0 0 0 0 0 0 0 0 0 
0 0 0 0 0 0 0 0 0 0 0 0 0 0 0 0 0 0 
0 0 0 0 0 0 0 0 0 0 0 0 0 0 0 0 0 0 
0 0 0 0 0 0 0 0 0 0 0 0 0 0 0 0 0 0 
0 0 0 0 0 0 0 0 0 0 0 0 0 0 0 0 0 0 
0 0 0 0 0 0 0 0 0 0 0 0 0 0 0 0 0 0 

0 0 0 0 0 0 0 0 0 0 0 0 0 0 0 0 0 0 
0 0 0 0 0 0 0 0 0 0 0 0 0 0 0 0 0 0 
0 0 0 0 0 0 0 0 0 0 0 0 0 0 0 0 0 0 
0 0 0 0 0 0 0 0 0 0 0 0 0 0 0 0 0 0 
0 0 0 0 0 0 0 0 0 0 0 0 0 0 0 0 0 0 
0 0 0 0 0 0 0 0 0 0 0 0 0 0 0 0 0 0 
0 0 0 0 0 0 0 0 0 0 0 0 0 0 0 0 0 0 
0 0 0 0 0 0 0 0 0 0 0 0 0 0 0 0 0 0 
0 0 0 0 0 0 0 0 0 0 0 0 0 0 0 0 0 0 

0 0 0 0 0 0 0 0 0 0 0 0 0 0 0 0 0 0 
0 0 0 0 0 0 0 0 0 0 0 0 0 0 0 0 0 0 
0 0 0 0 0 0 0 0 0 0 0 0 0 0 0 0 0 0 
0 0 0 0 0 0 0 0 0 0 0 0 0 0 0 0 0 0 
0 0 0 0 0 0 0 0 0 0 0 0 0 0 0 0 0 0 
0 0 0 0 0 0 0 0 0 0 0 0 0 0 0 0 0 0 
0 0 0 0 0 0 0 0 0 0 0 0 0 0 0 0 0 0 
0 0 0 0 0 0 0 0 0 0 0 0 0 0 0 0 0 0 
0 0 0 0 0 0 0 0 0 0 0 0 0 0 0 0 0 0 

0 0 0 0 0 0 0 0 0 0 0 0 0 0 0 0 0 0 
0 0 0 0 0 0 0 0 0 0 0 0 0 0 0 0 0 0 
0 0 0 0 0 0 0 0 0 0 0 0 0 0 0 0 0 0 
0 0 0 0 0 0 0 0 0 0 0 0 0 0 0 0 0 0 
0 0 0 0 0 0 0 0 0 0 0 0 0 0 0 0 0 0 
0 0 0 0 0 0 0 0 0 0 0 0 0 0 0 0 0 0 
0 0 0 0 0 0 0 0 0 0 0 0 0 0 0 0 0 0 
0 0 0 0 0 0 0 0 0 0 0 0 0 0 0 0 0 0 
0 0 0 0 0 0 0 0 0 0 0 0 0 0 0 0 0 0 

0 0 0 0 0 0 0 0 0 0 0 0 0 0 0 0 0 0 
0 0 0 0 0 0 0 0 0 0 0 0 0 0 0 0 0 0 
0 0 0 0 0 0 0 0 0 0 0 0 0 0 0 0 0 0 
0 0 0 0 0 0 0 0 0 0 0 0 0 0 0 0 0 0 
0 0 0 0 0 0 0 0 0 0 0 0 0 0 0 0 0 0 
0 0 0 0 0 0 0 0 0 0 0 0 0 0 0 0 0 0 
0 0 0 0 0 0 0 0 0 0 0 0 0 0 0 0 0 0 
0 0 0 0 0 0 0 0 0 0 0 0 0 0 0 0 0 0 
0 0 0 0 0 0 0 0 0 0 0 0 0 0 0 0 0 0 

0 0 0 0 0 0 0 0 0 0 0 0 0 0 0 0 0 0 
0 0 0 0 0 0 0 0 0 0 0 0 0 0 0 0 0 0 
0 0 0 0 0 0 0 0 0 0 0 0 0 0 0 0 0 0 
0 0 0 0 0 0 0 0 0 0 0 0 0 0 0 0 0 0 
0 0 0 0 0 0 0 0 0 0 0 0 0 0 0 0 0 0 
0 0 0 0 0 0 0 0 0 0 0 0 0 0 0 0 0 0 
0 0 0 0 0 0 0 0 0 0 0 0 0 0 0 0 0 0 
0 0 0 0 0 0 0 0 0 0 0 0 0 0 0 0 0 0 
0 0 0 0 0 0 0 0 0 0 0 0 0 0 0 0 0 0 

0 0 0 0 0 0 0 0 0 0 0 0 0 0 0 0 0 0 
0 0 0 0 0 0 0 0 0 0 0 0 0 0 0 0 0 0 
0 0 0 0 0 0 0 0 0 0 0 0 0 0 0 0 0 0 
0 0 0 0 0 0 0 0 0 0 0 0 0 0 0 0 0 0 
0 0 0 0 0 0 0 0 0 0 0 0 0 0 0 0 0 0 
0 0 0 0 0 0 0 0 0 0 0 0 0 0 0 0 0 0 
0 0 0 0 0 0 0 0 0 0 0 0 0 0 0 0 0 0 
0 0 0 0 0 0 0 0 0 0 0 0 0 0 0 0 0 0 
0 0 0 0 0 0 0 0 0 0 0 0 0 0 0 0 0 0 

0 0 0 0 0 0 0 0 0 0 0 0 0 0 0 0 0 0 
0 0 0 0 0 0 0 0 0 0 0 0 0 0 0 0 0 0 
0 0 0 0 0 0 0 0 0 0 0 0 0 0 0 0 0 0 
0 0 0 0 0 0 0 0 0 0 0 0 0 0 0 0 0 0 
0 0 0 0 0 0 0 0 0 0 0 0 0 0 0 0 0 0 
0 0 0 0 0 0 0 0 0 0 0 0 0 0 0 0 0 0 
0 0 0 0 0 0 0 0 0 0 0 0 0 0 0 0 0 0 
0 0 0 0 0 0 0 0 0 0 0 0 0 0 0 0 0 0 
0 0 0 0 0 0 0 0 0 0 0 0 0 0 0 0 0 0 

0 0 0 0 0 0 0 0 0 0 0 0 0 0 0 0 0 0 
0 0 0 0 0 0 0 0 0 0 0 0 0 0 0 0 0 0 
0 0 0 0 0 0 0 0 0 0 0 0 0 0 0 0 0 0 
0 0 0 0 0 0 0 0 0 0 0 0 0 0 0 0 0 0 
0 0 0 0 0 0 0 0 0 0 0 0 0 0 0 0 0 0 
0 0 0 0 0 0 0 0 0 0 0 0 0 0 0 0 0 0 
0 0 0 0 0 0 0 0 0 0 0 0 0 0 0 0 0 0 
0 0 0 0 0 0 0 0 0 0 0 0 0 0 0 0 0 0 
0 0 0 0 0 0 0 0 0 0 0 0 0 0 0 0 0 0 

0 0 0 0 0 0 0 0 0 0 0 0 0 0 0 0 0 0 
0 0 0 0 0 0 0 0 0 0 0 0 0 0 0 0 0 0 
0 0 0 0 0 0 0 0 0 0 0 0 0 0 0 0 0 0 
0 0 0 0 0 0 0 0 0 0 0 0 0 0 0 0 0 0 
0 0 0 0 0 0 0 0 0 0 0 0 0 0 0 0 0 0 
0 0 0 0 0 0 0 0 0 0 0 0 0 0 0 0 0 0 
0 0 0 0 0 0 0 0 0 0 0 0 0 0 0 0 0 0 
0 0 0 0 0 0 0 0 0 0 0 0 0 0 0 0 0 0 
0 0 0 0 0 0 0 0 0 0 0 0 0 0 0 0 0 0 

0 0 0 0 0 0 0 0 0 0 0 0 0 0 0 0 0 0 
0 0 0 0 0 0 0 0 0 0 0 0 0 0 0 0 0 0 
0 0 0 0 0 0 0 0 0 0 0 0 0 0 0 0 0 0 
0 0 0 0 0 0 0 0 0 0 0 0 0 0 0 0 0 0 
0 0 0 0 0 0 0 0 0 0 0 0 0 0 0 0 0 0 
0 0 0 0 0 0 0 0 0 0 0 0 0 0 0 0 0 0 
0 0 0 0 0 0 0 0 0 0 0 0 0 0 0 0 0 0 
0 0 0 0 0 0 0 0 0 0 0 0 0 0 0 0 0 0 
0 0 0 0 0 0 0 0 0 0 0 0 0 0 0 0 0 0 

0 0 0 0 0 0 0 0 0 0 0 0 0 0 0 0 0 0 
0 0 0 0 0 0 0 0 0 0 0 0 0 0 0 0 0 0 
0 0 0 0 0 0 0 0 0 0 0 0 0 0 0 0 0 0 
0 0 0 0 0 0 0 0 0 0 0 0 0 0 0 0 0 0 
0 0 0 0 0 0 0 0 0 0 0 0 0 0 0 0 0 0 
0 0 0 0 0 0 0 0 0 0 0 0 0 0 0 0 0 0 
0 0 0 0 0 0 0 0 0 0 0 0 0 0 0 0 0 0 
0 0 0 0 0 0 0 0 0 0 0 0 0 0 0 0 0 0 
0 0 0 0 0 0 0 0 0 0 0 0 0 0 0 0 0 0 

0 0 0 0 0 0 0 0 0 0 0 0 0 0 0 0 0 0 
0 0 0 0 0 0 0 0 0 0 0 0 0 0 0 0 0 0 
0 0 0 0 0 0 0 0 0 0 0 0 0 0 0 0 0 0 
0 0 0 0 0 0 0 0 0 0 0 0 0 0 0 0 0 0 
0 0 0 0 0 0 0 0 0 0 0 0 0 0 0 0 0 0 
0 0 0 0 0 0 0 0 0 0 0 0 0 0 0 0 0 0 
0 0 0 0 0 0 0 0 0 0 0 0 0 0 0 0 0 0 
0 0 0 0 0 0 0 0 0 0 0 0 0 0 0 0 0 0 
0 0 0 0 0 0 0 0 0 0 0 0 0 0 0 0 0 0 

0 0 0 0 0 0 0 0 0 0 0 0 0 0 0 0 0 0 
0 0 0 0 0 0 0 0 0 0 0 0 0 0 0 0 0 0 
0 0 0 0 0 0 0 0 0 0 0 0 0 0 0 0 0 0 
0 0 0 0 0 0 0 0 0 0 0 0 0 0 0 0 0 0 
0 0 0 0 0 0 0 0 0 0 0 0 0 0 0 0 0 0 
0 0 0 0 0 0 0 0 0 0 0 0 0 0 0 0 0 0 
0 0 0 0 0 0 0 0 0 0 0 0 0 0 0 0 0 0 
0 0 0 0 0 0 0 0 0 0 0 0 0 0 0 0 0 0 
0 0 0 0 0 0 0 0 0 0 0 0 0 0 0 0 0 0 

0 0 0 0 0 0 0 0 0 0 0 0 0 0 0 0 0 0 
0 0 0 0 0 0 0 0 0 0 0 0 0 0 0 0 0 0 
0 0 0 0 0 0 0 0 0 0 0 0 0 0 0 0 0 0 
0 0 0 0 0 0 0 0 0 0 0 0 0 0 0 0 0 0 
0 0 0 0 0 0 0 0 0 0 0 0 0 0 0 0 0 0 
0 0 0 0 0 0 0 0 0 0 0 0 0 0 0 0 0 0 
0 0 0 0 0 0 0 0 0 0 0 0 0 0 0 0 0 0 
0 0 0 0 0 0 0 0 0 0 0 0 0 0 0 0 0 0 
0 0 0 0 0 0 0 0 0 0 0 0 0 0 0 0 0 0 

0 0 0 0 0 0 0 0 0 0 0 0 0 0 0 0 0 0 
0 0 0 0 0 0 0 0 0 0 0 0 0 0 0 0 0 0 
0 0 0 0 0 0 0 0 0 0 0 0 0 0 0 0 0 0 
0 0 0 0 0 0 0 0 0 0 0 0 0 0 0 0 0 0 
0 0 0 0 0 0 0 0 0 0 0 0 0 0 0 0 0 0 
0 0 0 0 0 0 0 0 0 0 0 0 0 0 0 0 0 0 
0 0 0 0 0 0 0 0 0 0 0 0 0 0 0 0 0 0 
0 0 0 0 0 0 0 0 0 0 0 0 0 0 0 0 0 0 
0 0 0 0 0 0 0 0 0 0 0 0 0 0 0 0 0 0 

0 0 0 0 0 0 0 0 0 0 0 0 0 0 0 0 0 0 
0 0 0 0 0 0 0 0 0 0 0 0 0 0 0 0 0 0 
0 0 0 0 0 0 0 0 0 0 0 0 0 0 0 0 0 0 
0 0 0 0 0 0 0 0 0 0 0 0 0 0 0 0 0 0 
0 0 0 0 0 0 0 0 0 0 0 0 0 0 0 0 0 0 
0 0 0 0 0 0 0 0 0 0 0 0 0 0 0 0 0 0 
0 0 0 0 0 0 0 0 0 0 0 0 0 0 0 0 0 0 
0 0 0 0 0 0 0 0 0 0 0 0 0 0 0 0 0 0 
0 0 0 0 0 0 0 0 0 0 0 0 0 0 0 0 0 0 

0 0 0 0 0 0 0 0 0 0 0 0 0 0 0 0 0 0 
0 0 0 0 0 0 0 0 0 0 0 0 0 0 0 0 0 0 
0 0 0 0 0 0 0 0 0 0 0 0 0 0 0 0 0 0 
0 0 0 0 0 0 0 0 0 0 0 0 0 0 0 0 0 0 
0 0 0 0 0 0 0 0 0 0 0 0 0 0 0 0 0 0 
0 0 0 0 0 0 0 0 0 0 0 0 0 0 0 0 0 0 
0 0 0 0 0 0 0 0 0 0 0 0 0 0 0 0 0 0 
0 0 0 0 0 0 0 0 0 0 0 0 0 0 0 0 0 0 
0 0 0 0 0 0 0 0 0 0 0 0 0 0 0 0 0 0 

0 0 0 0 0 0 0 0 0 0 0 0 0 0 0 0 0 0 
0 0 0 0 0 0 0 0 0 0 0 0 0 0 0 0 0 0 
0 0 0 0 0 0 0 0 0 0 0 0 0 0 0 0 0 0 
0 0 0 0 0 0 0 0 0 0 0 0 0 0 0 0 0 0 
0 0 0 0 0 0 0 0 0 0 0 0 0 0 0 0 0 0 
0 0 0 0 0 0 0 0 0 0 0 0 0 0 0 0 0 0 
0 0 0 0 0 0 0 0 0 0 0 0 0 0 0 0 0 0 
0 0 0 0 0 0 0 0 0 0 0 0 0 0 0 0 0 0 
0 0 0 0 0 0 0 0 0 0 0 0 0 0 0 0 0 0 

0 0 0 0 0 0 0 0 0 0 0 0 0 0 0 0 0 0 
0 0 0 0 0 0 0 0 0 0 0 0 0 0 0 0 0 0 
0 0 0 0 0 0 0 0 0 0 0 0 0 0 0 0 0 0 
0 0 0 0 0 0 0 0 0 0 0 0 0 0 0 0 0 0 
0 0 0 0 0 0 0 0 0 0 0 0 0 0 0 0 0 0 
0 0 0 0 0 0 0 0 0 0 0 0 0 0 0 0 0 0 
0 0 0 0 0 0 0 0 0 0 0 0 0 0 0 0 0 0 
0 0 0 0 0 0 0 0 0 0 0 0 0 0 0 0 0 0 
0 0 0 0 0 0 0 0 0 0 0 0 0 0 0 0 0 0 

0 0 0 0 0 0 0 0 0 0 0 0 0 0 0 0 0 0 
0 0 0 0 0 0 0 0 0 0 0 0 0 0 0 0 0 0 
0 0 0 0 0 0 0 0 0 0 0 0 0 0 0 0 0 0 
0 0 0 0 0 0 0 0 0 0 0 0 0 0 0 0 0 0 
0 0 0 0 0 0 0 0 0 0 0 0 0 0 0 0 0 0 
0 0 0 0 0 0 0 0 0 0 0 0 0 0 0 0 0 0 
0 0 0 0 0 0 0 0 0 0 0 0 0 0 0 0 0 0 
0 0 0 0 0 0 0 0 0 0 0 0 0 0 0 0 0 0 
0 0 0 0 0 0 0 0 0 0 0 0 0 0 0 0 0 0 

0 0 0 0 0 0 0 0 0 0 0 0 0 0 0 0 0 0 
0 0 0 0 0 0 0 0 0 0 0 0 0 0 0 0 0 0 
0 0 0 0 0 0 0 0 0 0 0 0 0 0 0 0 0 0 
0 0 0 0 0 0 0 0 0 0 0 0 0 0 0 0 0 0 
0 0 0 0 0 0 0 0 0 0 0 0 0 0 0 0 0 0 
0 0 0 0 0 0 0 0 0 0 0 0 0 0 0 0 0 0 
0 0 0 0 0 0 0 0 0 0 0 0 0 0 0 0 0 0 
0 0 0 0 0 0 0 0 0 0 0 0 0 0 0 0 0 0 
0 0 0 0 0 0 0 0 0 0 0 0 0 0 0 0 0 0 

0 0 0 0 0 0 0 0 0 0 0 0 0 0 0 0 0 0 
0 0 0 0 0 0 0 0 0 0 0 0 0 0 0 0 0 0 
0 0 0 0 0 0 0 0 0 0 0 0 0 0 0 0 0 0 
0 0 0 0 0 0 0 0 0 0 0 0 0 0 0 0 0 0 
0 0 0 0 0 0 0 0 0 0 0 0 0 0 0 0 0 0 
0 0 0 0 0 0 0 0 0 0 0 0 0 0 0 0 0 0 
0 0 0 0 0 0 0 0 0 0 0 0 0 0 0 0 0 0 
0 0 0 0 0 0 0 0 0 0 0 0 0 0 0 0 0 0 
0 0 0 0 0 0 0 0 0 0 0 0 0 0 0 0 0 0 

0 0 0 0 0 0 0 0 0 0 0 0 0 0 0 0 0 0 
0 0 0 0 0 0 0 0 0 0 0 0 0 0 0 0 0 0 
0 0 0 0 0 0 0 0 0 0 0 0 0 0 0 0 0 0 
0 0 0 0 0 0 0 0 0 0 0 0 0 0 0 0 0 0 
0 0 0 0 0 0 0 0 0 0 0 0 0 0 0 0 0 0 
0 0 0 0 0 0 0 0 0 0 0 0 0 0 0 0 0 0 
0 0 0 0 0 0 0 0 0 0 0 0 0 0 0 0 0 0 
0 0 0 0 0 0 0 0 0 0 0 0 0 0 0 0 0 0 
0 0 0 0 0 0 0 0 0 0 0 0 0 0 0 0 0 0 

0 0 0 0 0 0 0 0 0 0 0 0 0 0 0 0 0 0 
0 0 0 0 0 0 0 0 0 0 0 0 0 0 0 0 0 0 
0 0 0 0 0 0 0 0 0 0 0 0 0 0 0 0 0 0 
0 0 0 0 0 0 0 0 0 0 0 0 0 0 0 0 0 0 
0 0 0 0 0 0 0 0 0 0 0 0 0 0 0 0 0 0 
0 0 0 0 0 0 0 0 0 0 0 0 0 0 0 0 0 0 
0 0 0 0 0 0 0 0 0 0 0 0 0 0 0 0 0 0 
0 0 0 0 0 0 0 0 0 0 0 0 0 0 0 0 0 0 
0 0 0 0 0 0 0 0 0 0 0 0 0 0 0 0 0 0 

0 0 0 0 0 0 0 0 0 0 0 0 0 0 0 0 0 0 
0 0 0 0 0 0 0 0 0 0 0 0 0 0 0 0 0 0 
0 0 0 0 0 0 0 0 0 0 0 0 0 0 0 0 0 0 
0 0 0 0 0 0 0 0 0 0 0 0 0 0 0 0 0 0 
0 0 0 0 0 0 0 0 0 0 0 0 0 0 0 0 0 0 
0 0 0 0 0 0 0 0 0 0 0 0 0 0 0 0 0 0 
0 0 0 0 0 0 0 0 0 0 0 0 0 0 0 0 0 0 
0 0 0 0 0 0 0 0 0 0 0 0 0 0 0 0 0 0 
0 0 0 0 0 0 0 0 0 0 0 0 0 0 0 0 0 0 

0 0 0 0 0 0 0 0 0 0 0 0 0 0 0 0 0 0 
0 0 0 0 0 0 0 0 0 0 0 0 0 0 0 0 0 0 
0 0 0 0 0 0 0 0 0 0 0 0 0 0 0 0 0 0 
0 0 0 0 0 0 0 0 0 0 0 0 0 0 0 0 0 0 
0 0 0 0 0 0 0 0 0 0 0 0 0 0 0 0 0 0 
0 0 0 0 0 0 0 0 0 0 0 0 0 0 0 0 0 0 
0 0 0 0 0 0 0 0 0 0 0 0 0 0 0 0 0 0 
0 0 0 0 0 0 0 0 0 0 0 0 0 0 0 0 0 0 
0 0 0 0 0 0 0 0 0 0 0 0 0 0 0 0 0 0 

0 0 0 0 0 0 0 0 0 0 0 0 0 0 0 0 0 0 
0 0 0 0 0 0 0 0 0 0 0 0 0 0 0 0 0 0 
0 0 0 0 0 0 0 0 0 0 0 0 0 0 0 0 0 0 
0 0 0 0 0 0 0 0 0 0 0 0 0 0 0 0 0 0 
0 0 0 0 0 0 0 0 0 0 0 0 0 0 0 0 0 0 
0 0 0 0 0 0 0 0 0 0 0 0 0 0 0 0 0 0 
0 0 0 0 0 0 0 0 0 0 0 0 0 0 0 0 0 0 
0 0 0 0 0 0 0 0 0 0 0 0 0 0 0 0 0 0 
0 0 0 0 0 0 0 0 0 0 0 0 0 0 0 0 0 0 

0 0 0 0 0 0 0 0 0 0 0 0 0 0 0 0 0 0 
0 0 0 0 0 0 0 0 0 0 0 0 0 0 0 0 0 0 
0 0 0 0 0 0 0 0 0 0 0 0 0 0 0 0 0 0 
0 0 0 0 0 0 0 0 0 0 0 0 0 0 0 0 0 0 
0 0 0 0 0 0 0 0 0 0 0 0 0 0 0 0 0 0 
0 0 0 0 0 0 0 0 0 0 0 0 0 0 0 0 0 0 
0 0 0 0 0 0 0 0 0 0 0 0 0 0 0 0 0 0 
0 0 0 0 0 0 0 0 0 0 0 0 0 0 0 0 0 0 
0 0 0 0 0 0 0 0 0 0 0 0 0 0 0 0 0 0 
