1 0.998281 0.995794 0.985237 0.971319 0.952441 0.927209 0.894553 0.854219 0.805487 0.750231 0.691562 0.626306 0.557344 0.481809 0.402206 0.313762 0.215366 
0.749069 0.3825 0.236406 0.138737 0.0807594 0.0450844 0.0232281 0.0103687 0.0035625 0.000828125 0.00013125 3.4375e-05 0 0 0 0 0 0 
0.602178 0.180794 0.0662281 0.0166938 0.00318437 0.000353125 3.4375e-05 0 0 0 0 0 0 0 0 0 0 0 
0.486134 0.0928344 0.0199219 0.00174688 6.5625e-05 6.25e-06 0 0 0 0 0 0 0 0 0 0 0 0 
0.386712 0.0427938 0.00483437 9.6875e-05 0 0 0 0 0 0 0 0 0 0 0 0 0 0 
0.298428 0.0169531 0.00075 6.25e-06 0 0 0 0 0 0 0 0 0 0 0 0 0 0 
0.224019 0.00553438 7.1875e-05 3.125e-06 0 0 0 0 0 0 0 0 0 0 0 0 0 0 
0.162859 0.00127187 6.25e-06 0 0 0 0 0 0 0 0 0 0 0 0 0 0 0 
0.113375 0.00025625 0 0 0 0 0 0 0 0 0 0 0 0 0 0 0 0 
0.0760406 3.4375e-05 0 0 0 0 0 0 0 0 0 0 0 0 0 0 0 0 
0.0480625 0 0 0 0 0 0 0 0 0 0 0 0 0 0 0 0 0 
0.0279406 0 0 0 0 0 0 0 0 0 0 0 0 0 0 0 0 0 
0.0148969 0 0 0 0 0 0 0 0 0 0 0 0 0 0 0 0 0 
0.00714062 0 0 0 0 0 0 0 0 0 0 0 0 0 0 0 0 0 
0.00289375 0 0 0 0 0 0 0 0 0 0 0 0 0 0 0 0 0 
0.0008625 0 0 0 0 0 0 0 0 0 0 0 0 0 0 0 0 0 
0.00013125 0 0 0 0 0 0 0 0 0 0 0 0 0 0 0 0 0 
1.25e-05 0 0 0 0 0 0 0 0 0 0 0 0 0 0 0 0 0 

----------------------------------------------------------------------------------------------------------------------------------------------------------------------------------------------------------------------------------------------------------------------------------------------------------------------------------------------------------------------------------------------------------------

1 0.997763 0.994056 0.977669 0.954488 0.923525 0.883019 0.832175 0.772194 0.704387 0.633844 0.5611 0.488825 0.418519 0.346725 0.278062 0.207431 0.138881 
0.823612 0.590819 0.417587 0.269119 0.162656 0.0947125 0.0501125 0.0228375 0.00773125 0.00201875 0.00059375 0.00014375 4.375e-05 0 0 6.25e-06 0 0 
0.67175 0.319631 0.135975 0.0377437 0.006975 0.0010875 8.75e-05 1.25e-05 0 0 0 0 0 0 0 0 0 0 
0.54215 0.172887 0.0438 0.0044375 0.00020625 1.25e-05 0 0 0 0 0 0 0 0 0 0 0 0 
0.422513 0.0820375 0.01065 0.00036875 6.25e-06 0 0 0 0 0 0 0 0 0 0 0 0 0 
0.315212 0.0333 0.00190625 6.25e-06 0 0 0 0 0 0 0 0 0 0 0 0 0 0 
0.227237 0.0103625 0.0002 6.25e-06 0 0 0 0 0 0 0 0 0 0 0 0 0 0 
0.155813 0.0024125 1.25e-05 0 0 0 0 0 0 0 0 0 0 0 0 0 0 0 
0.102756 0.000525 6.25e-06 0 0 0 0 0 0 0 0 0 0 0 0 0 0 0 
0.0643125 6.875e-05 0 0 0 0 0 0 0 0 0 0 0 0 0 0 0 0 
0.0388125 0 0 0 0 0 0 0 0 0 0 0 0 0 0 0 0 0 
0.0214812 0 0 0 0 0 0 0 0 0 0 0 0 0 0 0 0 0 
0.0109187 6.25e-06 0 0 0 0 0 0 0 0 0 0 0 0 0 0 0 0 
0.00501875 0 0 0 0 0 0 0 0 0 0 0 0 0 0 0 0 0 
0.0018875 0 0 0 0 0 0 0 0 0 0 0 0 0 0 0 0 0 
0.00060625 0 0 0 0 0 0 0 0 0 0 0 0 0 0 0 0 0 
0.00013125 0 0 0 0 0 0 0 0 0 0 0 0 0 0 0 0 0 
1.25e-05 0 0 0 0 0 0 0 0 0 0 0 0 0 0 0 0 0 

1 0.998619 0.996812 0.990587 0.982862 0.973637 0.962237 0.947625 0.927538 0.903675 0.873812 0.838262 0.794206 0.741756 0.6784 0.601137 0.501906 0.361169 
0.625775 0.0398812 0.0137312 0.00599375 0.00309375 0.0016 0.00091875 0.000425 0.00016875 1.875e-05 0 0 0 0 0 0 0 0 
0.484937 0.009675 0.0014875 0.0002125 2.5e-05 1.25e-05 0 0 0 0 0 0 0 0 0 0 0 0 
0.391594 0.00410625 0.00031875 1.875e-05 0 0 0 0 0 0 0 0 0 0 0 0 0 0 
0.320525 0.0018875 8.75e-05 6.25e-06 0 0 0 0 0 0 0 0 0 0 0 0 0 0 
0.261069 0.00079375 6.25e-06 0 0 0 0 0 0 0 0 0 0 0 0 0 0 0 
0.208281 0.00031875 0 0 0 0 0 0 0 0 0 0 0 0 0 0 0 0 
0.164144 0.0001 0 0 0 0 0 0 0 0 0 0 0 0 0 0 0 0 
0.1262 1.25e-05 0 0 0 0 0 0 0 0 0 0 0 0 0 0 0 0 
0.0932437 0 0 0 0 0 0 0 0 0 0 0 0 0 0 0 0 0 
0.066575 0 0 0 0 0 0 0 0 0 0 0 0 0 0 0 0 0 
0.0446625 0 0 0 0 0 0 0 0 0 0 0 0 0 0 0 0 0 
0.0272438 0 0 0 0 0 0 0 0 0 0 0 0 0 0 0 0 0 
0.0156687 0 0 0 0 0 0 0 0 0 0 0 0 0 0 0 0 0 
0.007525 0 0 0 0 0 0 0 0 0 0 0 0 0 0 0 0 0 
0.002725 0 0 0 0 0 0 0 0 0 0 0 0 0 0 0 0 0 
0.0006125 0 0 0 0 0 0 0 0 0 0 0 0 0 0 0 0 0 
7.5e-05 0 0 0 0 0 0 0 0 0 0 0 0 0 0 0 0 0 

----------------------------------------------------------------------------------------------------------------------------------------------------------------------------------------------------------------------------------------------------------------------------------------------------------------------------------------------------------------------------------------------------------------

0 0 0 0 0 0 0 0 0 0 0 0 0 0 0 0 0 0 
0 0 0 0 0 0 0 0 0 0 0 0 0 0 0 0 0 0 
0 0 0 0 0 0 0 0 0 0 0 0 0 0 0 0 0 0 
0 0 0 0 0 0 0 0 0 0 0 0 0 0 0 0 0 0 
0 0 0 0 0 0 0 0 0 0 0 0 0 0 0 0 0 0 
0 0 0 0 0 0 0 0 0 0 0 0 0 0 0 0 0 0 
0 0 0 0 0 0 0 0 0 0 0 0 0 0 0 0 0 0 
0 0 0 0 0 0 0 0 0 0 0 0 0 0 0 0 0 0 
0 0 0 0 0 0 0 0 0 0 0 0 0 0 0 0 0 0 
0 0 0 0 0 0 0 0 0 0 0 0 0 0 0 0 0 0 
0 0 0 0 0 0 0 0 0 0 0 0 0 0 0 0 0 0 
0 0 0 0 0 0 0 0 0 0 0 0 0 0 0 0 0 0 
0 0 0 0 0 0 0 0 0 0 0 0 0 0 0 0 0 0 
0 0 0 0 0 0 0 0 0 0 0 0 0 0 0 0 0 0 
0 0 0 0 0 0 0 0 0 0 0 0 0 0 0 0 0 0 
0 0 0 0 0 0 0 0 0 0 0 0 0 0 0 0 0 0 
0 0 0 0 0 0 0 0 0 0 0 0 0 0 0 0 0 0 
0 0 0 0 0 0 0 0 0 0 0 0 0 0 0 0 0 0 

1 0.998137 0.9963 0.988775 0.978687 0.967225 0.951487 0.93315 0.90965 0.880262 0.8428 0.801437 0.7502 0.693775 0.624887 0.5449 0.444762 0.314725 
0.666112 0.147512 0.0669625 0.034575 0.0192625 0.0104875 0.00565 0.0025125 0.0010625 0.0003 7.5e-05 1.25e-05 0 1.25e-05 0 0 0 0 
0.519313 0.0497625 0.01195 0.0024 0.0004375 5e-05 0 0 0 0 0 0 0 0 0 0 0 0 
0.418812 0.0227125 0.003175 0.000225 0 0 0 0 0 0 0 0 0 0 0 0 0 0 
0.338937 0.01085 0.000825 2.5e-05 0 0 0 0 0 0 0 0 0 0 0 0 0 0 
0.272 0.0042875 6.25e-05 0 0 0 0 0 0 0 0 0 0 0 0 0 0 0 
0.217237 0.0014375 0 0 0 0 0 0 0 0 0 0 0 0 0 0 0 0 
0.168675 0.0005125 0 0 0 0 0 0 0 0 0 0 0 0 0 0 0 0 
0.12885 0.0001 0 0 0 0 0 0 0 0 0 0 0 0 0 0 0 0 
0.09415 3.75e-05 0 0 0 0 0 0 0 0 0 0 0 0 0 0 0 0 
0.0654125 0 0 0 0 0 0 0 0 0 0 0 0 0 0 0 0 0 
0.0426125 0 0 0 0 0 0 0 0 0 0 0 0 0 0 0 0 0 
0.026075 0 0 0 0 0 0 0 0 0 0 0 0 0 0 0 0 0 
0.0141375 0 0 0 0 0 0 0 0 0 0 0 0 0 0 0 0 0 
0.0064375 0 0 0 0 0 0 0 0 0 0 0 0 0 0 0 0 0 
0.0022125 0 0 0 0 0 0 0 0 0 0 0 0 0 0 0 0 0 
0.000525 0 0 0 0 0 0 0 0 0 0 0 0 0 0 0 0 0 
6.25e-05 0 0 0 0 0 0 0 0 0 0 0 0 0 0 0 0 0 

1 0.998137 0.996237 0.988887 0.978912 0.968262 0.9541 0.933675 0.90875 0.878775 0.841787 0.794987 0.743887 0.681375 0.608588 0.5185 0.409887 0.2735 
0.707738 0.1 0.0380625 0.0173375 0.0086875 0.0049875 0.0027375 0.00135 0.0005125 0.0001 3.75e-05 1.25e-05 0 0 0 0 0 0 
0.56255 0.0278875 0.0048375 0.0007125 0.0001 1.25e-05 0 0 0 0 0 0 0 0 0 0 0 0 
0.461475 0.0121875 0.001225 6.25e-05 0 0 0 0 0 0 0 0 0 0 0 0 0 0 
0.3761 0.0053375 0.000225 0 0 0 0 0 0 0 0 0 0 0 0 0 0 0 
0.305887 0.002225 5e-05 0 0 0 0 0 0 0 0 0 0 0 0 0 0 0 
0.244888 0.000775 0 0 0 0 0 0 0 0 0 0 0 0 0 0 0 0 
0.19345 0.00025 0 0 0 0 0 0 0 0 0 0 0 0 0 0 0 0 
0.145687 1.25e-05 0 0 0 0 0 0 0 0 0 0 0 0 0 0 0 0 
0.108112 0 0 0 0 0 0 0 0 0 0 0 0 0 0 0 0 0 
0.0766375 0 0 0 0 0 0 0 0 0 0 0 0 0 0 0 0 0 
0.0504125 0 0 0 0 0 0 0 0 0 0 0 0 0 0 0 0 0 
0.031075 0 0 0 0 0 0 0 0 0 0 0 0 0 0 0 0 0 
0.0172125 0 0 0 0 0 0 0 0 0 0 0 0 0 0 0 0 0 
0.007625 0 0 0 0 0 0 0 0 0 0 0 0 0 0 0 0 0 
0.002575 0 0 0 0 0 0 0 0 0 0 0 0 0 0 0 0 0 
0.000575 0 0 0 0 0 0 0 0 0 0 0 0 0 0 0 0 0 
2.5e-05 0 0 0 0 0 0 0 0 0 0 0 0 0 0 0 0 0 

1 0.998725 0.997413 0.991675 0.985738 0.977887 0.967537 0.955325 0.940412 0.919312 0.89835 0.867987 0.83535 0.791687 0.739863 0.673887 0.586125 0.448112 
0.54395 7.5e-05 0 0 0 0 0 0 0 0 0 0 0 0 0 0 0 0 
0.41135 0 0 0 0 0 0 0 0 0 0 0 0 0 0 0 0 0 
0.3303 0 0 0 0 0 0 0 0 0 0 0 0 0 0 0 0 0 
0.268037 0 0 0 0 0 0 0 0 0 0 0 0 0 0 0 0 0 
0.2181 0 0 0 0 0 0 0 0 0 0 0 0 0 0 0 0 0 
0.174637 0 0 0 0 0 0 0 0 0 0 0 0 0 0 0 0 0 
0.137962 0 0 0 0 0 0 0 0 0 0 0 0 0 0 0 0 0 
0.106612 0 0 0 0 0 0 0 0 0 0 0 0 0 0 0 0 0 
0.0810125 0 0 0 0 0 0 0 0 0 0 0 0 0 0 0 0 0 
0.0587375 0 0 0 0 0 0 0 0 0 0 0 0 0 0 0 0 0 
0.041075 0 0 0 0 0 0 0 0 0 0 0 0 0 0 0 0 0 
0.026275 0 0 0 0 0 0 0 0 0 0 0 0 0 0 0 0 0 
0.015725 0 0 0 0 0 0 0 0 0 0 0 0 0 0 0 0 0 
0.0072625 0 0 0 0 0 0 0 0 0 0 0 0 0 0 0 0 0 
0.00285 0 0 0 0 0 0 0 0 0 0 0 0 0 0 0 0 0 
0.0006 0 0 0 0 0 0 0 0 0 0 0 0 0 0 0 0 0 
5e-05 0 0 0 0 0 0 0 0 0 0 0 0 0 0 0 0 0 

----------------------------------------------------------------------------------------------------------------------------------------------------------------------------------------------------------------------------------------------------------------------------------------------------------------------------------------------------------------------------------------------------------------

0 0 0 0 0 0 0 0 0 0 0 0 0 0 0 0 0 0 
0 0 0 0 0 0 0 0 0 0 0 0 0 0 0 0 0 0 
0 0 0 0 0 0 0 0 0 0 0 0 0 0 0 0 0 0 
0 0 0 0 0 0 0 0 0 0 0 0 0 0 0 0 0 0 
0 0 0 0 0 0 0 0 0 0 0 0 0 0 0 0 0 0 
0 0 0 0 0 0 0 0 0 0 0 0 0 0 0 0 0 0 
0 0 0 0 0 0 0 0 0 0 0 0 0 0 0 0 0 0 
0 0 0 0 0 0 0 0 0 0 0 0 0 0 0 0 0 0 
0 0 0 0 0 0 0 0 0 0 0 0 0 0 0 0 0 0 
0 0 0 0 0 0 0 0 0 0 0 0 0 0 0 0 0 0 
0 0 0 0 0 0 0 0 0 0 0 0 0 0 0 0 0 0 
0 0 0 0 0 0 0 0 0 0 0 0 0 0 0 0 0 0 
0 0 0 0 0 0 0 0 0 0 0 0 0 0 0 0 0 0 
0 0 0 0 0 0 0 0 0 0 0 0 0 0 0 0 0 0 
0 0 0 0 0 0 0 0 0 0 0 0 0 0 0 0 0 0 
0 0 0 0 0 0 0 0 0 0 0 0 0 0 0 0 0 0 
0 0 0 0 0 0 0 0 0 0 0 0 0 0 0 0 0 0 
0 0 0 0 0 0 0 0 0 0 0 0 0 0 0 0 0 0 

0 0 0 0 0 0 0 0 0 0 0 0 0 0 0 0 0 0 
0 0 0 0 0 0 0 0 0 0 0 0 0 0 0 0 0 0 
0 0 0 0 0 0 0 0 0 0 0 0 0 0 0 0 0 0 
0 0 0 0 0 0 0 0 0 0 0 0 0 0 0 0 0 0 
0 0 0 0 0 0 0 0 0 0 0 0 0 0 0 0 0 0 
0 0 0 0 0 0 0 0 0 0 0 0 0 0 0 0 0 0 
0 0 0 0 0 0 0 0 0 0 0 0 0 0 0 0 0 0 
0 0 0 0 0 0 0 0 0 0 0 0 0 0 0 0 0 0 
0 0 0 0 0 0 0 0 0 0 0 0 0 0 0 0 0 0 
0 0 0 0 0 0 0 0 0 0 0 0 0 0 0 0 0 0 
0 0 0 0 0 0 0 0 0 0 0 0 0 0 0 0 0 0 
0 0 0 0 0 0 0 0 0 0 0 0 0 0 0 0 0 0 
0 0 0 0 0 0 0 0 0 0 0 0 0 0 0 0 0 0 
0 0 0 0 0 0 0 0 0 0 0 0 0 0 0 0 0 0 
0 0 0 0 0 0 0 0 0 0 0 0 0 0 0 0 0 0 
0 0 0 0 0 0 0 0 0 0 0 0 0 0 0 0 0 0 
0 0 0 0 0 0 0 0 0 0 0 0 0 0 0 0 0 0 
0 0 0 0 0 0 0 0 0 0 0 0 0 0 0 0 0 0 

1 0.998225 0.995825 0.984875 0.971875 0.956325 0.932875 0.90695 0.8738 0.830875 0.78465 0.7307 0.6687 0.600925 0.529025 0.442525 0.34195 0.230825 
0.742 0.3041 0.1656 0.092025 0.05305 0.0304 0.016625 0.00795 0.00255 0.00075 0.0003 5e-05 2.5e-05 0 0 0 0 0 
0.58565 0.11895 0.033975 0.00755 0.00135 0.00015 0 0 0 0 0 0 0 0 0 0 0 0 
0.47315 0.0596 0.009475 0.000875 0 2.5e-05 0 0 0 0 0 0 0 0 0 0 0 0 
0.381225 0.02725 0.00195 7.5e-05 0 0 0 0 0 0 0 0 0 0 0 0 0 0 
0.3015 0.011625 0.0003 0 0 0 0 0 0 0 0 0 0 0 0 0 0 0 
0.233175 0.004075 0 0 0 0 0 0 0 0 0 0 0 0 0 0 0 0 
0.17745 0.001075 0 0 0 0 0 0 0 0 0 0 0 0 0 0 0 0 
0.12975 0.0002 0 0 0 0 0 0 0 0 0 0 0 0 0 0 0 0 
0.0929 5e-05 0 0 0 0 0 0 0 0 0 0 0 0 0 0 0 0 
0.063025 2.5e-05 0 0 0 0 0 0 0 0 0 0 0 0 0 0 0 0 
0.041275 0 0 0 0 0 0 0 0 0 0 0 0 0 0 0 0 0 
0.025075 0 0 0 0 0 0 0 0 0 0 0 0 0 0 0 0 0 
0.01315 0 0 0 0 0 0 0 0 0 0 0 0 0 0 0 0 0 
0.005425 0 0 0 0 0 0 0 0 0 0 0 0 0 0 0 0 0 
0.002025 0 0 0 0 0 0 0 0 0 0 0 0 0 0 0 0 0 
0.0003 0 0 0 0 0 0 0 0 0 0 0 0 0 0 0 0 0 
0 0 0 0 0 0 0 0 0 0 0 0 0 0 0 0 0 0 

1 0.998575 0.9967 0.990975 0.98425 0.97575 0.96565 0.95005 0.934725 0.91655 0.8896 0.859075 0.824575 0.780625 0.7241 0.654975 0.560675 0.421375 
0.569925 0.003 0.000625 0.0002 7.5e-05 2.5e-05 2.5e-05 2.5e-05 0 0 0 0 0 0 0 0 0 0 
0.43655 0.000375 2.5e-05 0 0 0 0 0 0 0 0 0 0 0 0 0 0 0 
0.347975 0.00015 0 0 0 0 0 0 0 0 0 0 0 0 0 0 0 0 
0.2839 2.5e-05 0 0 0 0 0 0 0 0 0 0 0 0 0 0 0 0 
0.228675 2.5e-05 0 0 0 0 0 0 0 0 0 0 0 0 0 0 0 0 
0.185625 2.5e-05 0 0 0 0 0 0 0 0 0 0 0 0 0 0 0 0 
0.1468 0 0 0 0 0 0 0 0 0 0 0 0 0 0 0 0 0 
0.1153 0 0 0 0 0 0 0 0 0 0 0 0 0 0 0 0 0 
0.0877 0 0 0 0 0 0 0 0 0 0 0 0 0 0 0 0 0 
0.06265 0 0 0 0 0 0 0 0 0 0 0 0 0 0 0 0 0 
0.043975 0 0 0 0 0 0 0 0 0 0 0 0 0 0 0 0 0 
0.028025 0 0 0 0 0 0 0 0 0 0 0 0 0 0 0 0 0 
0.0168 0 0 0 0 0 0 0 0 0 0 0 0 0 0 0 0 0 
0.008925 0 0 0 0 0 0 0 0 0 0 0 0 0 0 0 0 0 
0.0035 0 0 0 0 0 0 0 0 0 0 0 0 0 0 0 0 0 
0.000725 0 0 0 0 0 0 0 0 0 0 0 0 0 0 0 0 0 
0.000125 0 0 0 0 0 0 0 0 0 0 0 0 0 0 0 0 0 

1 0.997825 0.995325 0.985925 0.974125 0.960275 0.939525 0.913225 0.883825 0.844125 0.796375 0.740225 0.6746 0.6031 0.51915 0.4257 0.317025 0.19675 
0.778475 0.21635 0.09685 0.045025 0.025225 0.014025 0.00735 0.003325 0.001225 0.00025 0.0001 0 0 0 0 0 0 0 
0.63305 0.0712 0.0137 0.002375 0.00025 7.5e-05 2.5e-05 0 0 0 0 0 0 0 0 0 0 0 
0.52385 0.031425 0.003525 0.000275 0 0 0 0 0 0 0 0 0 0 0 0 0 0 
0.43125 0.014125 0.0005 5e-05 0 0 0 0 0 0 0 0 0 0 0 0 0 0 
0.348 0.00505 5e-05 0 0 0 0 0 0 0 0 0 0 0 0 0 0 0 
0.2774 0.00175 0 0 0 0 0 0 0 0 0 0 0 0 0 0 0 0 
0.216325 0.000475 0 0 0 0 0 0 0 0 0 0 0 0 0 0 0 0 
0.164 7.5e-05 0 0 0 0 0 0 0 0 0 0 0 0 0 0 0 0 
0.117825 0 0 0 0 0 0 0 0 0 0 0 0 0 0 0 0 0 
0.079525 0 0 0 0 0 0 0 0 0 0 0 0 0 0 0 0 0 
0.051575 0 0 0 0 0 0 0 0 0 0 0 0 0 0 0 0 0 
0.031375 0 0 0 0 0 0 0 0 0 0 0 0 0 0 0 0 0 
0.016 0 0 0 0 0 0 0 0 0 0 0 0 0 0 0 0 0 
0.007175 0 0 0 0 0 0 0 0 0 0 0 0 0 0 0 0 0 
0.002 0 0 0 0 0 0 0 0 0 0 0 0 0 0 0 0 0 
0.000375 0 0 0 0 0 0 0 0 0 0 0 0 0 0 0 0 0 
5e-05 0 0 0 0 0 0 0 0 0 0 0 0 0 0 0 0 0 

1 0.9983 0.9973 0.989925 0.983375 0.97215 0.961725 0.94695 0.928875 0.904925 0.878625 0.844275 0.804475 0.753775 0.691375 0.61385 0.5129 0.365 
0.62585 0.000925 0.0001 2.5e-05 0 0 0 0 0 0 0 0 0 0 0 0 0 0 
0.478875 2.5e-05 0 0 0 0 0 0 0 0 0 0 0 0 0 0 0 0 
0.39185 0 0 0 0 0 0 0 0 0 0 0 0 0 0 0 0 0 
0.31865 0 0 0 0 0 0 0 0 0 0 0 0 0 0 0 0 0 
0.25875 0 0 0 0 0 0 0 0 0 0 0 0 0 0 0 0 0 
0.20795 0 0 0 0 0 0 0 0 0 0 0 0 0 0 0 0 0 
0.16515 0 0 0 0 0 0 0 0 0 0 0 0 0 0 0 0 0 
0.12585 0 0 0 0 0 0 0 0 0 0 0 0 0 0 0 0 0 
0.095525 0 0 0 0 0 0 0 0 0 0 0 0 0 0 0 0 0 
0.069425 0 0 0 0 0 0 0 0 0 0 0 0 0 0 0 0 0 
0.049175 0 0 0 0 0 0 0 0 0 0 0 0 0 0 0 0 0 
0.032125 0 0 0 0 0 0 0 0 0 0 0 0 0 0 0 0 0 
0.01805 0 0 0 0 0 0 0 0 0 0 0 0 0 0 0 0 0 
0.00905 0 0 0 0 0 0 0 0 0 0 0 0 0 0 0 0 0 
0.003825 0 0 0 0 0 0 0 0 0 0 0 0 0 0 0 0 0 
0.0009 0 0 0 0 0 0 0 0 0 0 0 0 0 0 0 0 0 
0.000125 0 0 0 0 0 0 0 0 0 0 0 0 0 0 0 0 0 

1 0.9988 0.99685 0.9897 0.98285 0.97355 0.961225 0.9492 0.92795 0.9045 0.87755 0.844025 0.802925 0.75205 0.6906 0.614975 0.513475 0.364475 
0.62755 0.0005 0.0001 5e-05 2.5e-05 0 0 0 0 0 0 0 0 0 0 0 0 0 
0.482975 2.5e-05 0 0 0 0 0 0 0 0 0 0 0 0 0 0 0 0 
0.388775 0 0 0 0 0 0 0 0 0 0 0 0 0 0 0 0 0 
0.31755 0 0 0 0 0 0 0 0 0 0 0 0 0 0 0 0 0 
0.260125 0 0 0 0 0 0 0 0 0 0 0 0 0 0 0 0 0 
0.20705 0 0 0 0 0 0 0 0 0 0 0 0 0 0 0 0 0 
0.16475 0 0 0 0 0 0 0 0 0 0 0 0 0 0 0 0 0 
0.129 0 0 0 0 0 0 0 0 0 0 0 0 0 0 0 0 0 
0.0967 0 0 0 0 0 0 0 0 0 0 0 0 0 0 0 0 0 
0.069025 0 0 0 0 0 0 0 0 0 0 0 0 0 0 0 0 0 
0.0474 0 0 0 0 0 0 0 0 0 0 0 0 0 0 0 0 0 
0.03155 0 0 0 0 0 0 0 0 0 0 0 0 0 0 0 0 0 
0.018725 0 0 0 0 0 0 0 0 0 0 0 0 0 0 0 0 0 
0.009075 0 0 0 0 0 0 0 0 0 0 0 0 0 0 0 0 0 
0.003425 0 0 0 0 0 0 0 0 0 0 0 0 0 0 0 0 0 
0.0009 0 0 0 0 0 0 0 0 0 0 0 0 0 0 0 0 0 
2.5e-05 0 0 0 0 0 0 0 0 0 0 0 0 0 0 0 0 0 

1 0.998775 0.99755 0.992725 0.987775 0.980425 0.9727 0.9612 0.947775 0.932975 0.913225 0.89175 0.863275 0.830525 0.78805 0.73485 0.65915 0.528775 
0.466325 0 0 0 0 0 0 0 0 0 0 0 0 0 0 0 0 0 
0.34295 0 0 0 0 0 0 0 0 0 0 0 0 0 0 0 0 0 
0.2688 0 0 0 0 0 0 0 0 0 0 0 0 0 0 0 0 0 
0.219175 0 0 0 0 0 0 0 0 0 0 0 0 0 0 0 0 0 
0.176025 0 0 0 0 0 0 0 0 0 0 0 0 0 0 0 0 0 
0.141325 0 0 0 0 0 0 0 0 0 0 0 0 0 0 0 0 0 
0.11285 0 0 0 0 0 0 0 0 0 0 0 0 0 0 0 0 0 
0.089575 0 0 0 0 0 0 0 0 0 0 0 0 0 0 0 0 0 
0.0686 0 0 0 0 0 0 0 0 0 0 0 0 0 0 0 0 0 
0.0502 0 0 0 0 0 0 0 0 0 0 0 0 0 0 0 0 0 
0.0358 0 0 0 0 0 0 0 0 0 0 0 0 0 0 0 0 0 
0.022575 0 0 0 0 0 0 0 0 0 0 0 0 0 0 0 0 0 
0.013275 0 0 0 0 0 0 0 0 0 0 0 0 0 0 0 0 0 
0.007125 0 0 0 0 0 0 0 0 0 0 0 0 0 0 0 0 0 
0.003075 0 0 0 0 0 0 0 0 0 0 0 0 0 0 0 0 0 
0.0008 0 0 0 0 0 0 0 0 0 0 0 0 0 0 0 0 0 
2.5e-05 0 0 0 0 0 0 0 0 0 0 0 0 0 0 0 0 0 

----------------------------------------------------------------------------------------------------------------------------------------------------------------------------------------------------------------------------------------------------------------------------------------------------------------------------------------------------------------------------------------------------------------

0 0 0 0 0 0 0 0 0 0 0 0 0 0 0 0 0 0 
0 0 0 0 0 0 0 0 0 0 0 0 0 0 0 0 0 0 
0 0 0 0 0 0 0 0 0 0 0 0 0 0 0 0 0 0 
0 0 0 0 0 0 0 0 0 0 0 0 0 0 0 0 0 0 
0 0 0 0 0 0 0 0 0 0 0 0 0 0 0 0 0 0 
0 0 0 0 0 0 0 0 0 0 0 0 0 0 0 0 0 0 
0 0 0 0 0 0 0 0 0 0 0 0 0 0 0 0 0 0 
0 0 0 0 0 0 0 0 0 0 0 0 0 0 0 0 0 0 
0 0 0 0 0 0 0 0 0 0 0 0 0 0 0 0 0 0 
0 0 0 0 0 0 0 0 0 0 0 0 0 0 0 0 0 0 
0 0 0 0 0 0 0 0 0 0 0 0 0 0 0 0 0 0 
0 0 0 0 0 0 0 0 0 0 0 0 0 0 0 0 0 0 
0 0 0 0 0 0 0 0 0 0 0 0 0 0 0 0 0 0 
0 0 0 0 0 0 0 0 0 0 0 0 0 0 0 0 0 0 
0 0 0 0 0 0 0 0 0 0 0 0 0 0 0 0 0 0 
0 0 0 0 0 0 0 0 0 0 0 0 0 0 0 0 0 0 
0 0 0 0 0 0 0 0 0 0 0 0 0 0 0 0 0 0 
0 0 0 0 0 0 0 0 0 0 0 0 0 0 0 0 0 0 

0 0 0 0 0 0 0 0 0 0 0 0 0 0 0 0 0 0 
0 0 0 0 0 0 0 0 0 0 0 0 0 0 0 0 0 0 
0 0 0 0 0 0 0 0 0 0 0 0 0 0 0 0 0 0 
0 0 0 0 0 0 0 0 0 0 0 0 0 0 0 0 0 0 
0 0 0 0 0 0 0 0 0 0 0 0 0 0 0 0 0 0 
0 0 0 0 0 0 0 0 0 0 0 0 0 0 0 0 0 0 
0 0 0 0 0 0 0 0 0 0 0 0 0 0 0 0 0 0 
0 0 0 0 0 0 0 0 0 0 0 0 0 0 0 0 0 0 
0 0 0 0 0 0 0 0 0 0 0 0 0 0 0 0 0 0 
0 0 0 0 0 0 0 0 0 0 0 0 0 0 0 0 0 0 
0 0 0 0 0 0 0 0 0 0 0 0 0 0 0 0 0 0 
0 0 0 0 0 0 0 0 0 0 0 0 0 0 0 0 0 0 
0 0 0 0 0 0 0 0 0 0 0 0 0 0 0 0 0 0 
0 0 0 0 0 0 0 0 0 0 0 0 0 0 0 0 0 0 
0 0 0 0 0 0 0 0 0 0 0 0 0 0 0 0 0 0 
0 0 0 0 0 0 0 0 0 0 0 0 0 0 0 0 0 0 
0 0 0 0 0 0 0 0 0 0 0 0 0 0 0 0 0 0 
0 0 0 0 0 0 0 0 0 0 0 0 0 0 0 0 0 0 

0 0 0 0 0 0 0 0 0 0 0 0 0 0 0 0 0 0 
0 0 0 0 0 0 0 0 0 0 0 0 0 0 0 0 0 0 
0 0 0 0 0 0 0 0 0 0 0 0 0 0 0 0 0 0 
0 0 0 0 0 0 0 0 0 0 0 0 0 0 0 0 0 0 
0 0 0 0 0 0 0 0 0 0 0 0 0 0 0 0 0 0 
0 0 0 0 0 0 0 0 0 0 0 0 0 0 0 0 0 0 
0 0 0 0 0 0 0 0 0 0 0 0 0 0 0 0 0 0 
0 0 0 0 0 0 0 0 0 0 0 0 0 0 0 0 0 0 
0 0 0 0 0 0 0 0 0 0 0 0 0 0 0 0 0 0 
0 0 0 0 0 0 0 0 0 0 0 0 0 0 0 0 0 0 
0 0 0 0 0 0 0 0 0 0 0 0 0 0 0 0 0 0 
0 0 0 0 0 0 0 0 0 0 0 0 0 0 0 0 0 0 
0 0 0 0 0 0 0 0 0 0 0 0 0 0 0 0 0 0 
0 0 0 0 0 0 0 0 0 0 0 0 0 0 0 0 0 0 
0 0 0 0 0 0 0 0 0 0 0 0 0 0 0 0 0 0 
0 0 0 0 0 0 0 0 0 0 0 0 0 0 0 0 0 0 
0 0 0 0 0 0 0 0 0 0 0 0 0 0 0 0 0 0 
0 0 0 0 0 0 0 0 0 0 0 0 0 0 0 0 0 0 

1 0.9986 0.9972 0.9903 0.983 0.97345 0.96435 0.9489 0.9322 0.90845 0.8838 0.85265 0.81345 0.76815 0.71605 0.6475 0.55595 0.42225 
0.5695 0.06425 0.0271 0.0135 0.00725 0.00385 0.00255 0.00115 0.00035 0.0002 0 0 0 0 0 0 0 0 
0.42715 0.02035 0.0041 0.0007 0.00015 0 0 0 0 0 0 0 0 0 0 0 0 0 
0.3389 0.00885 0.00075 5e-05 0 0 0 0 0 0 0 0 0 0 0 0 0 0 
0.27595 0.0038 0.0003 0 0 0 0 0 0 0 0 0 0 0 0 0 0 0 
0.2199 0.0017 5e-05 0 0 0 0 0 0 0 0 0 0 0 0 0 0 0 
0.17765 0.00025 5e-05 0 0 0 0 0 0 0 0 0 0 0 0 0 0 0 
0.1384 0 0 0 0 0 0 0 0 0 0 0 0 0 0 0 0 0 
0.106 0 0 0 0 0 0 0 0 0 0 0 0 0 0 0 0 0 
0.08185 0 0 0 0 0 0 0 0 0 0 0 0 0 0 0 0 0 
0.05845 0 0 0 0 0 0 0 0 0 0 0 0 0 0 0 0 0 
0.03925 0 0 0 0 0 0 0 0 0 0 0 0 0 0 0 0 0 
0.02455 0 0 0 0 0 0 0 0 0 0 0 0 0 0 0 0 0 
0.0136 0 0 0 0 0 0 0 0 0 0 0 0 0 0 0 0 0 
0.00745 0 0 0 0 0 0 0 0 0 0 0 0 0 0 0 0 0 
0.00285 0 0 0 0 0 0 0 0 0 0 0 0 0 0 0 0 0 
0.0009 0 0 0 0 0 0 0 0 0 0 0 0 0 0 0 0 0 
0.0001 0 0 0 0 0 0 0 0 0 0 0 0 0 0 0 0 0 

0 0 0 0 0 0 0 0 0 0 0 0 0 0 0 0 0 0 
0 0 0 0 0 0 0 0 0 0 0 0 0 0 0 0 0 0 
0 0 0 0 0 0 0 0 0 0 0 0 0 0 0 0 0 0 
0 0 0 0 0 0 0 0 0 0 0 0 0 0 0 0 0 0 
0 0 0 0 0 0 0 0 0 0 0 0 0 0 0 0 0 0 
0 0 0 0 0 0 0 0 0 0 0 0 0 0 0 0 0 0 
0 0 0 0 0 0 0 0 0 0 0 0 0 0 0 0 0 0 
0 0 0 0 0 0 0 0 0 0 0 0 0 0 0 0 0 0 
0 0 0 0 0 0 0 0 0 0 0 0 0 0 0 0 0 0 
0 0 0 0 0 0 0 0 0 0 0 0 0 0 0 0 0 0 
0 0 0 0 0 0 0 0 0 0 0 0 0 0 0 0 0 0 
0 0 0 0 0 0 0 0 0 0 0 0 0 0 0 0 0 0 
0 0 0 0 0 0 0 0 0 0 0 0 0 0 0 0 0 0 
0 0 0 0 0 0 0 0 0 0 0 0 0 0 0 0 0 0 
0 0 0 0 0 0 0 0 0 0 0 0 0 0 0 0 0 0 
0 0 0 0 0 0 0 0 0 0 0 0 0 0 0 0 0 0 
0 0 0 0 0 0 0 0 0 0 0 0 0 0 0 0 0 0 
0 0 0 0 0 0 0 0 0 0 0 0 0 0 0 0 0 0 

1 0.9985 0.99735 0.98985 0.98245 0.97395 0.9604 0.94505 0.925 0.90335 0.87555 0.83475 0.79385 0.7406 0.6765 0.6002 0.50345 0.3572 
0.6325 0.01925 0.0063 0.0024 0.00095 0.00055 0.00035 0.00025 5e-05 5e-05 0 0 0 0 0 0 0 0 
0.48835 0.0042 0.00045 5e-05 0 0 0 0 0 0 0 0 0 0 0 0 0 0 
0.39565 0.0015 5e-05 0 0 0 0 0 0 0 0 0 0 0 0 0 0 0 
0.3254 0.001 5e-05 0 0 0 0 0 0 0 0 0 0 0 0 0 0 0 
0.26685 0.0005 0 0 0 0 0 0 0 0 0 0 0 0 0 0 0 0 
0.21575 0.0001 0 0 0 0 0 0 0 0 0 0 0 0 0 0 0 0 
0.16645 5e-05 0 0 0 0 0 0 0 0 0 0 0 0 0 0 0 0 
0.13155 0 0 0 0 0 0 0 0 0 0 0 0 0 0 0 0 0 
0.0994 0 0 0 0 0 0 0 0 0 0 0 0 0 0 0 0 0 
0.0709 0 0 0 0 0 0 0 0 0 0 0 0 0 0 0 0 0 
0.04815 0 0 0 0 0 0 0 0 0 0 0 0 0 0 0 0 0 
0.0306 0 0 0 0 0 0 0 0 0 0 0 0 0 0 0 0 0 
0.0183 0 0 0 0 0 0 0 0 0 0 0 0 0 0 0 0 0 
0.00905 0 0 0 0 0 0 0 0 0 0 0 0 0 0 0 0 0 
0.00395 0 0 0 0 0 0 0 0 0 0 0 0 0 0 0 0 0 
0.00095 0 0 0 0 0 0 0 0 0 0 0 0 0 0 0 0 0 
0.0001 0 0 0 0 0 0 0 0 0 0 0 0 0 0 0 0 0 

1 0.99855 0.99655 0.98755 0.9824 0.97095 0.96015 0.94205 0.92665 0.9035 0.87235 0.83695 0.7929 0.738 0.6746 0.591 0.48665 0.33955 
0.64925 0.01085 0.00265 0.001 0.00045 0.0003 0.0001 0 0 0 0 0 0 0 0 0 0 0 
0.50485 0.0015 0.00015 5e-05 0 0 0 0 0 0 0 0 0 0 0 0 0 0 
0.4084 0.00065 5e-05 0 0 0 0 0 0 0 0 0 0 0 0 0 0 0 
0.33415 0.0001 0 0 0 0 0 0 0 0 0 0 0 0 0 0 0 0 
0.26965 5e-05 0 0 0 0 0 0 0 0 0 0 0 0 0 0 0 0 
0.21795 0 0 0 0 0 0 0 0 0 0 0 0 0 0 0 0 0 
0.1735 5e-05 0 0 0 0 0 0 0 0 0 0 0 0 0 0 0 0 
0.1333 0 0 0 0 0 0 0 0 0 0 0 0 0 0 0 0 0 
0.1004 0 0 0 0 0 0 0 0 0 0 0 0 0 0 0 0 0 
0.07305 0 0 0 0 0 0 0 0 0 0 0 0 0 0 0 0 0 
0.05095 0 0 0 0 0 0 0 0 0 0 0 0 0 0 0 0 0 
0.03195 0 0 0 0 0 0 0 0 0 0 0 0 0 0 0 0 0 
0.0195 0 0 0 0 0 0 0 0 0 0 0 0 0 0 0 0 0 
0.00975 0 0 0 0 0 0 0 0 0 0 0 0 0 0 0 0 0 
0.00385 0 0 0 0 0 0 0 0 0 0 0 0 0 0 0 0 0 
0.0011 0 0 0 0 0 0 0 0 0 0 0 0 0 0 0 0 0 
0.0001 0 0 0 0 0 0 0 0 0 0 0 0 0 0 0 0 0 

1 0.9987 0.99785 0.9931 0.9873 0.97845 0.97075 0.96025 0.9457 0.93175 0.90925 0.8872 0.8568 0.8178 0.76985 0.71045 0.62755 0.4963 
0.49865 0 0 0 0 0 0 0 0 0 0 0 0 0 0 0 0 0 
0.37075 0 0 0 0 0 0 0 0 0 0 0 0 0 0 0 0 0 
0.29385 0 0 0 0 0 0 0 0 0 0 0 0 0 0 0 0 0 
0.2348 0 0 0 0 0 0 0 0 0 0 0 0 0 0 0 0 0 
0.19015 0 0 0 0 0 0 0 0 0 0 0 0 0 0 0 0 0 
0.15415 0 0 0 0 0 0 0 0 0 0 0 0 0 0 0 0 0 
0.12135 0 0 0 0 0 0 0 0 0 0 0 0 0 0 0 0 0 
0.09285 0 0 0 0 0 0 0 0 0 0 0 0 0 0 0 0 0 
0.06985 0 0 0 0 0 0 0 0 0 0 0 0 0 0 0 0 0 
0.05 0 0 0 0 0 0 0 0 0 0 0 0 0 0 0 0 0 
0.03645 0 0 0 0 0 0 0 0 0 0 0 0 0 0 0 0 0 
0.02345 0 0 0 0 0 0 0 0 0 0 0 0 0 0 0 0 0 
0.0139 0 0 0 0 0 0 0 0 0 0 0 0 0 0 0 0 0 
0.0068 0 0 0 0 0 0 0 0 0 0 0 0 0 0 0 0 0 
0.0032 0 0 0 0 0 0 0 0 0 0 0 0 0 0 0 0 0 
0.00075 0 0 0 0 0 0 0 0 0 0 0 0 0 0 0 0 0 
0 0 0 0 0 0 0 0 0 0 0 0 0 0 0 0 0 0 

0 0 0 0 0 0 0 0 0 0 0 0 0 0 0 0 0 0 
0 0 0 0 0 0 0 0 0 0 0 0 0 0 0 0 0 0 
0 0 0 0 0 0 0 0 0 0 0 0 0 0 0 0 0 0 
0 0 0 0 0 0 0 0 0 0 0 0 0 0 0 0 0 0 
0 0 0 0 0 0 0 0 0 0 0 0 0 0 0 0 0 0 
0 0 0 0 0 0 0 0 0 0 0 0 0 0 0 0 0 0 
0 0 0 0 0 0 0 0 0 0 0 0 0 0 0 0 0 0 
0 0 0 0 0 0 0 0 0 0 0 0 0 0 0 0 0 0 
0 0 0 0 0 0 0 0 0 0 0 0 0 0 0 0 0 0 
0 0 0 0 0 0 0 0 0 0 0 0 0 0 0 0 0 0 
0 0 0 0 0 0 0 0 0 0 0 0 0 0 0 0 0 0 
0 0 0 0 0 0 0 0 0 0 0 0 0 0 0 0 0 0 
0 0 0 0 0 0 0 0 0 0 0 0 0 0 0 0 0 0 
0 0 0 0 0 0 0 0 0 0 0 0 0 0 0 0 0 0 
0 0 0 0 0 0 0 0 0 0 0 0 0 0 0 0 0 0 
0 0 0 0 0 0 0 0 0 0 0 0 0 0 0 0 0 0 
0 0 0 0 0 0 0 0 0 0 0 0 0 0 0 0 0 0 
0 0 0 0 0 0 0 0 0 0 0 0 0 0 0 0 0 0 

1 0.9983 0.99685 0.9891 0.98 0.9706 0.95535 0.94055 0.917 0.88975 0.8595 0.8196 0.76915 0.711 0.64145 0.5564 0.4487 0.2958 
0.6878 0.00405 0.00065 0.00025 0.00015 0.0001 5e-05 5e-05 5e-05 0 0 0 0 0 0 0 0 0 
0.54545 0.0008 0.0001 0 0 0 0 0 0 0 0 0 0 0 0 0 0 0 
0.44605 0.0004 0 0 0 0 0 0 0 0 0 0 0 0 0 0 0 0 
0.36935 0.00015 0 0 0 0 0 0 0 0 0 0 0 0 0 0 0 0 
0.3 0 0 0 0 0 0 0 0 0 0 0 0 0 0 0 0 0 
0.24165 0 0 0 0 0 0 0 0 0 0 0 0 0 0 0 0 0 
0.19355 0 0 0 0 0 0 0 0 0 0 0 0 0 0 0 0 0 
0.151 0 0 0 0 0 0 0 0 0 0 0 0 0 0 0 0 0 
0.11255 0 0 0 0 0 0 0 0 0 0 0 0 0 0 0 0 0 
0.08175 0 0 0 0 0 0 0 0 0 0 0 0 0 0 0 0 0 
0.05595 0 0 0 0 0 0 0 0 0 0 0 0 0 0 0 0 0 
0.0336 0 0 0 0 0 0 0 0 0 0 0 0 0 0 0 0 0 
0.0211 0 0 0 0 0 0 0 0 0 0 0 0 0 0 0 0 0 
0.00985 0 0 0 0 0 0 0 0 0 0 0 0 0 0 0 0 0 
0.0035 0 0 0 0 0 0 0 0 0 0 0 0 0 0 0 0 0 
0.00075 0 0 0 0 0 0 0 0 0 0 0 0 0 0 0 0 0 
0.0002 0 0 0 0 0 0 0 0 0 0 0 0 0 0 0 0 0 

1 0.9983 0.99695 0.98985 0.9817 0.9696 0.9564 0.9385 0.91635 0.8881 0.85275 0.80915 0.7613 0.6995 0.6283 0.5419 0.43235 0.2836 
0.7044 0.003 0.00025 0.0001 5e-05 0 0 0 0 0 0 0 0 0 0 0 0 0 
0.55885 0.0002 0 0 0 0 0 0 0 0 0 0 0 0 0 0 0 0 
0.4609 5e-05 0 0 0 0 0 0 0 0 0 0 0 0 0 0 0 0 
0.38135 0 0 0 0 0 0 0 0 0 0 0 0 0 0 0 0 0 
0.3116 0 0 0 0 0 0 0 0 0 0 0 0 0 0 0 0 0 
0.2535 0 0 0 0 0 0 0 0 0 0 0 0 0 0 0 0 0 
0.2021 0 0 0 0 0 0 0 0 0 0 0 0 0 0 0 0 0 
0.156 0 0 0 0 0 0 0 0 0 0 0 0 0 0 0 0 0 
0.1181 0 0 0 0 0 0 0 0 0 0 0 0 0 0 0 0 0 
0.0821 0 0 0 0 0 0 0 0 0 0 0 0 0 0 0 0 0 
0.05565 0 0 0 0 0 0 0 0 0 0 0 0 0 0 0 0 0 
0.0352 0 0 0 0 0 0 0 0 0 0 0 0 0 0 0 0 0 
0.01935 0 0 0 0 0 0 0 0 0 0 0 0 0 0 0 0 0 
0.00895 0 0 0 0 0 0 0 0 0 0 0 0 0 0 0 0 0 
0.003 0 0 0 0 0 0 0 0 0 0 0 0 0 0 0 0 0 
0.00065 0 0 0 0 0 0 0 0 0 0 0 0 0 0 0 0 0 
5e-05 0 0 0 0 0 0 0 0 0 0 0 0 0 0 0 0 0 

1 0.9986 0.99715 0.9909 0.9852 0.9773 0.9681 0.95235 0.9386 0.9204 0.8982 0.87325 0.8408 0.79485 0.7422 0.67525 0.58875 0.44745 
0.54835 0 0 0 0 0 0 0 0 0 0 0 0 0 0 0 0 0 
0.40995 0 0 0 0 0 0 0 0 0 0 0 0 0 0 0 0 0 
0.33095 0 0 0 0 0 0 0 0 0 0 0 0 0 0 0 0 0 
0.2657 0 0 0 0 0 0 0 0 0 0 0 0 0 0 0 0 0 
0.2123 0 0 0 0 0 0 0 0 0 0 0 0 0 0 0 0 0 
0.16885 0 0 0 0 0 0 0 0 0 0 0 0 0 0 0 0 0 
0.13195 0 0 0 0 0 0 0 0 0 0 0 0 0 0 0 0 0 
0.1052 0 0 0 0 0 0 0 0 0 0 0 0 0 0 0 0 0 
0.0806 0 0 0 0 0 0 0 0 0 0 0 0 0 0 0 0 0 
0.06035 0 0 0 0 0 0 0 0 0 0 0 0 0 0 0 0 0 
0.04055 0 0 0 0 0 0 0 0 0 0 0 0 0 0 0 0 0 
0.02725 0 0 0 0 0 0 0 0 0 0 0 0 0 0 0 0 0 
0.01615 0 0 0 0 0 0 0 0 0 0 0 0 0 0 0 0 0 
0.00805 0 0 0 0 0 0 0 0 0 0 0 0 0 0 0 0 0 
0.0036 0 0 0 0 0 0 0 0 0 0 0 0 0 0 0 0 0 
0.00075 0 0 0 0 0 0 0 0 0 0 0 0 0 0 0 0 0 
0.0001 0 0 0 0 0 0 0 0 0 0 0 0 0 0 0 0 0 

1 0.9985 0.9966 0.98895 0.97985 0.96725 0.9541 0.9382 0.9148 0.8876 0.85295 0.81205 0.76265 0.70335 0.63515 0.54585 0.4365 0.2839 
0.70245 0.00165 0.0002 0 0 0 0 0 0 0 0 0 0 0 0 0 0 0 
0.55625 0.00015 0 0 0 0 0 0 0 0 0 0 0 0 0 0 0 0 
0.4559 0 0 0 0 0 0 0 0 0 0 0 0 0 0 0 0 0 
0.37455 0 0 0 0 0 0 0 0 0 0 0 0 0 0 0 0 0 
0.30765 0 0 0 0 0 0 0 0 0 0 0 0 0 0 0 0 0 
0.24885 0 0 0 0 0 0 0 0 0 0 0 0 0 0 0 0 0 
0.20045 0 0 0 0 0 0 0 0 0 0 0 0 0 0 0 0 0 
0.1554 0 0 0 0 0 0 0 0 0 0 0 0 0 0 0 0 0 
0.11685 0 0 0 0 0 0 0 0 0 0 0 0 0 0 0 0 0 
0.0863 0 0 0 0 0 0 0 0 0 0 0 0 0 0 0 0 0 
0.0595 0 0 0 0 0 0 0 0 0 0 0 0 0 0 0 0 0 
0.0377 0 0 0 0 0 0 0 0 0 0 0 0 0 0 0 0 0 
0.02155 0 0 0 0 0 0 0 0 0 0 0 0 0 0 0 0 0 
0.0112 0 0 0 0 0 0 0 0 0 0 0 0 0 0 0 0 0 
0.00395 0 0 0 0 0 0 0 0 0 0 0 0 0 0 0 0 0 
0.001 0 0 0 0 0 0 0 0 0 0 0 0 0 0 0 0 0 
0.0002 0 0 0 0 0 0 0 0 0 0 0 0 0 0 0 0 0 

1 0.9988 0.99735 0.99125 0.98415 0.97625 0.96775 0.95415 0.93855 0.92205 0.9005 0.8703 0.8364 0.79435 0.7415 0.67525 0.5864 0.44805 
0.5456 0 0 0 0 0 0 0 0 0 0 0 0 0 0 0 0 0 
0.41075 0 0 0 0 0 0 0 0 0 0 0 0 0 0 0 0 0 
0.32855 0 0 0 0 0 0 0 0 0 0 0 0 0 0 0 0 0 
0.2622 0 0 0 0 0 0 0 0 0 0 0 0 0 0 0 0 0 
0.2172 0 0 0 0 0 0 0 0 0 0 0 0 0 0 0 0 0 
0.173 0 0 0 0 0 0 0 0 0 0 0 0 0 0 0 0 0 
0.1378 0 0 0 0 0 0 0 0 0 0 0 0 0 0 0 0 0 
0.10615 0 0 0 0 0 0 0 0 0 0 0 0 0 0 0 0 0 
0.07975 0 0 0 0 0 0 0 0 0 0 0 0 0 0 0 0 0 
0.05905 0 0 0 0 0 0 0 0 0 0 0 0 0 0 0 0 0 
0.0411 0 0 0 0 0 0 0 0 0 0 0 0 0 0 0 0 0 
0.02755 0 0 0 0 0 0 0 0 0 0 0 0 0 0 0 0 0 
0.01615 0 0 0 0 0 0 0 0 0 0 0 0 0 0 0 0 0 
0.00825 0 0 0 0 0 0 0 0 0 0 0 0 0 0 0 0 0 
0.0031 0 0 0 0 0 0 0 0 0 0 0 0 0 0 0 0 0 
0.0007 0 0 0 0 0 0 0 0 0 0 0 0 0 0 0 0 0 
5e-05 0 0 0 0 0 0 0 0 0 0 0 0 0 0 0 0 0 

1 0.99875 0.9972 0.99145 0.98595 0.97895 0.96665 0.9528 0.9384 0.9204 0.89625 0.86695 0.83495 0.7951 0.74425 0.67685 0.58495 0.44125 
0.5501 0 0 0 0 0 0 0 0 0 0 0 0 0 0 0 0 0 
0.41275 0 0 0 0 0 0 0 0 0 0 0 0 0 0 0 0 0 
0.32865 0 0 0 0 0 0 0 0 0 0 0 0 0 0 0 0 0 
0.2644 0 0 0 0 0 0 0 0 0 0 0 0 0 0 0 0 0 
0.2161 0 0 0 0 0 0 0 0 0 0 0 0 0 0 0 0 0 
0.17265 0 0 0 0 0 0 0 0 0 0 0 0 0 0 0 0 0 
0.1386 0 0 0 0 0 0 0 0 0 0 0 0 0 0 0 0 0 
0.1082 0 0 0 0 0 0 0 0 0 0 0 0 0 0 0 0 0 
0.08185 0 0 0 0 0 0 0 0 0 0 0 0 0 0 0 0 0 
0.05925 0 0 0 0 0 0 0 0 0 0 0 0 0 0 0 0 0 
0.04165 0 0 0 0 0 0 0 0 0 0 0 0 0 0 0 0 0 
0.0279 0 0 0 0 0 0 0 0 0 0 0 0 0 0 0 0 0 
0.0155 0 0 0 0 0 0 0 0 0 0 0 0 0 0 0 0 0 
0.0079 0 0 0 0 0 0 0 0 0 0 0 0 0 0 0 0 0 
0.00275 0 0 0 0 0 0 0 0 0 0 0 0 0 0 0 0 0 
0.00065 0 0 0 0 0 0 0 0 0 0 0 0 0 0 0 0 0 
0 0 0 0 0 0 0 0 0 0 0 0 0 0 0 0 0 0 

1 0.99885 0.99755 0.99415 0.98875 0.98345 0.9756 0.9672 0.9592 0.94575 0.93015 0.9101 0.88735 0.8604 0.82555 0.77845 0.71375 0.6043 
0.39265 0 0 0 0 0 0 0 0 0 0 0 0 0 0 0 0 0 
0.2851 0 0 0 0 0 0 0 0 0 0 0 0 0 0 0 0 0 
0.2236 0 0 0 0 0 0 0 0 0 0 0 0 0 0 0 0 0 
0.18 0 0 0 0 0 0 0 0 0 0 0 0 0 0 0 0 0 
0.14475 0 0 0 0 0 0 0 0 0 0 0 0 0 0 0 0 0 
0.1187 0 0 0 0 0 0 0 0 0 0 0 0 0 0 0 0 0 
0.09445 0 0 0 0 0 0 0 0 0 0 0 0 0 0 0 0 0 
0.0729 0 0 0 0 0 0 0 0 0 0 0 0 0 0 0 0 0 
0.0542 0 0 0 0 0 0 0 0 0 0 0 0 0 0 0 0 0 
0.04135 0 0 0 0 0 0 0 0 0 0 0 0 0 0 0 0 0 
0.02915 0 0 0 0 0 0 0 0 0 0 0 0 0 0 0 0 0 
0.0201 0 0 0 0 0 0 0 0 0 0 0 0 0 0 0 0 0 
0.0118 0 0 0 0 0 0 0 0 0 0 0 0 0 0 0 0 0 
0.0066 0 0 0 0 0 0 0 0 0 0 0 0 0 0 0 0 0 
0.00315 0 0 0 0 0 0 0 0 0 0 0 0 0 0 0 0 0 
0.00075 0 0 0 0 0 0 0 0 0 0 0 0 0 0 0 0 0 
0.0002 0 0 0 0 0 0 0 0 0 0 0 0 0 0 0 0 0 

----------------------------------------------------------------------------------------------------------------------------------------------------------------------------------------------------------------------------------------------------------------------------------------------------------------------------------------------------------------------------------------------------------------

0 0 0 0 0 0 0 0 0 0 0 0 0 0 0 0 0 0 
0 0 0 0 0 0 0 0 0 0 0 0 0 0 0 0 0 0 
0 0 0 0 0 0 0 0 0 0 0 0 0 0 0 0 0 0 
0 0 0 0 0 0 0 0 0 0 0 0 0 0 0 0 0 0 
0 0 0 0 0 0 0 0 0 0 0 0 0 0 0 0 0 0 
0 0 0 0 0 0 0 0 0 0 0 0 0 0 0 0 0 0 
0 0 0 0 0 0 0 0 0 0 0 0 0 0 0 0 0 0 
0 0 0 0 0 0 0 0 0 0 0 0 0 0 0 0 0 0 
0 0 0 0 0 0 0 0 0 0 0 0 0 0 0 0 0 0 
0 0 0 0 0 0 0 0 0 0 0 0 0 0 0 0 0 0 
0 0 0 0 0 0 0 0 0 0 0 0 0 0 0 0 0 0 
0 0 0 0 0 0 0 0 0 0 0 0 0 0 0 0 0 0 
0 0 0 0 0 0 0 0 0 0 0 0 0 0 0 0 0 0 
0 0 0 0 0 0 0 0 0 0 0 0 0 0 0 0 0 0 
0 0 0 0 0 0 0 0 0 0 0 0 0 0 0 0 0 0 
0 0 0 0 0 0 0 0 0 0 0 0 0 0 0 0 0 0 
0 0 0 0 0 0 0 0 0 0 0 0 0 0 0 0 0 0 
0 0 0 0 0 0 0 0 0 0 0 0 0 0 0 0 0 0 

0 0 0 0 0 0 0 0 0 0 0 0 0 0 0 0 0 0 
0 0 0 0 0 0 0 0 0 0 0 0 0 0 0 0 0 0 
0 0 0 0 0 0 0 0 0 0 0 0 0 0 0 0 0 0 
0 0 0 0 0 0 0 0 0 0 0 0 0 0 0 0 0 0 
0 0 0 0 0 0 0 0 0 0 0 0 0 0 0 0 0 0 
0 0 0 0 0 0 0 0 0 0 0 0 0 0 0 0 0 0 
0 0 0 0 0 0 0 0 0 0 0 0 0 0 0 0 0 0 
0 0 0 0 0 0 0 0 0 0 0 0 0 0 0 0 0 0 
0 0 0 0 0 0 0 0 0 0 0 0 0 0 0 0 0 0 
0 0 0 0 0 0 0 0 0 0 0 0 0 0 0 0 0 0 
0 0 0 0 0 0 0 0 0 0 0 0 0 0 0 0 0 0 
0 0 0 0 0 0 0 0 0 0 0 0 0 0 0 0 0 0 
0 0 0 0 0 0 0 0 0 0 0 0 0 0 0 0 0 0 
0 0 0 0 0 0 0 0 0 0 0 0 0 0 0 0 0 0 
0 0 0 0 0 0 0 0 0 0 0 0 0 0 0 0 0 0 
0 0 0 0 0 0 0 0 0 0 0 0 0 0 0 0 0 0 
0 0 0 0 0 0 0 0 0 0 0 0 0 0 0 0 0 0 
0 0 0 0 0 0 0 0 0 0 0 0 0 0 0 0 0 0 

0 0 0 0 0 0 0 0 0 0 0 0 0 0 0 0 0 0 
0 0 0 0 0 0 0 0 0 0 0 0 0 0 0 0 0 0 
0 0 0 0 0 0 0 0 0 0 0 0 0 0 0 0 0 0 
0 0 0 0 0 0 0 0 0 0 0 0 0 0 0 0 0 0 
0 0 0 0 0 0 0 0 0 0 0 0 0 0 0 0 0 0 
0 0 0 0 0 0 0 0 0 0 0 0 0 0 0 0 0 0 
0 0 0 0 0 0 0 0 0 0 0 0 0 0 0 0 0 0 
0 0 0 0 0 0 0 0 0 0 0 0 0 0 0 0 0 0 
0 0 0 0 0 0 0 0 0 0 0 0 0 0 0 0 0 0 
0 0 0 0 0 0 0 0 0 0 0 0 0 0 0 0 0 0 
0 0 0 0 0 0 0 0 0 0 0 0 0 0 0 0 0 0 
0 0 0 0 0 0 0 0 0 0 0 0 0 0 0 0 0 0 
0 0 0 0 0 0 0 0 0 0 0 0 0 0 0 0 0 0 
0 0 0 0 0 0 0 0 0 0 0 0 0 0 0 0 0 0 
0 0 0 0 0 0 0 0 0 0 0 0 0 0 0 0 0 0 
0 0 0 0 0 0 0 0 0 0 0 0 0 0 0 0 0 0 
0 0 0 0 0 0 0 0 0 0 0 0 0 0 0 0 0 0 
0 0 0 0 0 0 0 0 0 0 0 0 0 0 0 0 0 0 

0 0 0 0 0 0 0 0 0 0 0 0 0 0 0 0 0 0 
0 0 0 0 0 0 0 0 0 0 0 0 0 0 0 0 0 0 
0 0 0 0 0 0 0 0 0 0 0 0 0 0 0 0 0 0 
0 0 0 0 0 0 0 0 0 0 0 0 0 0 0 0 0 0 
0 0 0 0 0 0 0 0 0 0 0 0 0 0 0 0 0 0 
0 0 0 0 0 0 0 0 0 0 0 0 0 0 0 0 0 0 
0 0 0 0 0 0 0 0 0 0 0 0 0 0 0 0 0 0 
0 0 0 0 0 0 0 0 0 0 0 0 0 0 0 0 0 0 
0 0 0 0 0 0 0 0 0 0 0 0 0 0 0 0 0 0 
0 0 0 0 0 0 0 0 0 0 0 0 0 0 0 0 0 0 
0 0 0 0 0 0 0 0 0 0 0 0 0 0 0 0 0 0 
0 0 0 0 0 0 0 0 0 0 0 0 0 0 0 0 0 0 
0 0 0 0 0 0 0 0 0 0 0 0 0 0 0 0 0 0 
0 0 0 0 0 0 0 0 0 0 0 0 0 0 0 0 0 0 
0 0 0 0 0 0 0 0 0 0 0 0 0 0 0 0 0 0 
0 0 0 0 0 0 0 0 0 0 0 0 0 0 0 0 0 0 
0 0 0 0 0 0 0 0 0 0 0 0 0 0 0 0 0 0 
0 0 0 0 0 0 0 0 0 0 0 0 0 0 0 0 0 0 

0 0 0 0 0 0 0 0 0 0 0 0 0 0 0 0 0 0 
0 0 0 0 0 0 0 0 0 0 0 0 0 0 0 0 0 0 
0 0 0 0 0 0 0 0 0 0 0 0 0 0 0 0 0 0 
0 0 0 0 0 0 0 0 0 0 0 0 0 0 0 0 0 0 
0 0 0 0 0 0 0 0 0 0 0 0 0 0 0 0 0 0 
0 0 0 0 0 0 0 0 0 0 0 0 0 0 0 0 0 0 
0 0 0 0 0 0 0 0 0 0 0 0 0 0 0 0 0 0 
0 0 0 0 0 0 0 0 0 0 0 0 0 0 0 0 0 0 
0 0 0 0 0 0 0 0 0 0 0 0 0 0 0 0 0 0 
0 0 0 0 0 0 0 0 0 0 0 0 0 0 0 0 0 0 
0 0 0 0 0 0 0 0 0 0 0 0 0 0 0 0 0 0 
0 0 0 0 0 0 0 0 0 0 0 0 0 0 0 0 0 0 
0 0 0 0 0 0 0 0 0 0 0 0 0 0 0 0 0 0 
0 0 0 0 0 0 0 0 0 0 0 0 0 0 0 0 0 0 
0 0 0 0 0 0 0 0 0 0 0 0 0 0 0 0 0 0 
0 0 0 0 0 0 0 0 0 0 0 0 0 0 0 0 0 0 
0 0 0 0 0 0 0 0 0 0 0 0 0 0 0 0 0 0 
0 0 0 0 0 0 0 0 0 0 0 0 0 0 0 0 0 0 

0 0 0 0 0 0 0 0 0 0 0 0 0 0 0 0 0 0 
0 0 0 0 0 0 0 0 0 0 0 0 0 0 0 0 0 0 
0 0 0 0 0 0 0 0 0 0 0 0 0 0 0 0 0 0 
0 0 0 0 0 0 0 0 0 0 0 0 0 0 0 0 0 0 
0 0 0 0 0 0 0 0 0 0 0 0 0 0 0 0 0 0 
0 0 0 0 0 0 0 0 0 0 0 0 0 0 0 0 0 0 
0 0 0 0 0 0 0 0 0 0 0 0 0 0 0 0 0 0 
0 0 0 0 0 0 0 0 0 0 0 0 0 0 0 0 0 0 
0 0 0 0 0 0 0 0 0 0 0 0 0 0 0 0 0 0 
0 0 0 0 0 0 0 0 0 0 0 0 0 0 0 0 0 0 
0 0 0 0 0 0 0 0 0 0 0 0 0 0 0 0 0 0 
0 0 0 0 0 0 0 0 0 0 0 0 0 0 0 0 0 0 
0 0 0 0 0 0 0 0 0 0 0 0 0 0 0 0 0 0 
0 0 0 0 0 0 0 0 0 0 0 0 0 0 0 0 0 0 
0 0 0 0 0 0 0 0 0 0 0 0 0 0 0 0 0 0 
0 0 0 0 0 0 0 0 0 0 0 0 0 0 0 0 0 0 
0 0 0 0 0 0 0 0 0 0 0 0 0 0 0 0 0 0 
0 0 0 0 0 0 0 0 0 0 0 0 0 0 0 0 0 0 

0 0 0 0 0 0 0 0 0 0 0 0 0 0 0 0 0 0 
0 0 0 0 0 0 0 0 0 0 0 0 0 0 0 0 0 0 
0 0 0 0 0 0 0 0 0 0 0 0 0 0 0 0 0 0 
0 0 0 0 0 0 0 0 0 0 0 0 0 0 0 0 0 0 
0 0 0 0 0 0 0 0 0 0 0 0 0 0 0 0 0 0 
0 0 0 0 0 0 0 0 0 0 0 0 0 0 0 0 0 0 
0 0 0 0 0 0 0 0 0 0 0 0 0 0 0 0 0 0 
0 0 0 0 0 0 0 0 0 0 0 0 0 0 0 0 0 0 
0 0 0 0 0 0 0 0 0 0 0 0 0 0 0 0 0 0 
0 0 0 0 0 0 0 0 0 0 0 0 0 0 0 0 0 0 
0 0 0 0 0 0 0 0 0 0 0 0 0 0 0 0 0 0 
0 0 0 0 0 0 0 0 0 0 0 0 0 0 0 0 0 0 
0 0 0 0 0 0 0 0 0 0 0 0 0 0 0 0 0 0 
0 0 0 0 0 0 0 0 0 0 0 0 0 0 0 0 0 0 
0 0 0 0 0 0 0 0 0 0 0 0 0 0 0 0 0 0 
0 0 0 0 0 0 0 0 0 0 0 0 0 0 0 0 0 0 
0 0 0 0 0 0 0 0 0 0 0 0 0 0 0 0 0 0 
0 0 0 0 0 0 0 0 0 0 0 0 0 0 0 0 0 0 

0 0 0 0 0 0 0 0 0 0 0 0 0 0 0 0 0 0 
0 0 0 0 0 0 0 0 0 0 0 0 0 0 0 0 0 0 
0 0 0 0 0 0 0 0 0 0 0 0 0 0 0 0 0 0 
0 0 0 0 0 0 0 0 0 0 0 0 0 0 0 0 0 0 
0 0 0 0 0 0 0 0 0 0 0 0 0 0 0 0 0 0 
0 0 0 0 0 0 0 0 0 0 0 0 0 0 0 0 0 0 
0 0 0 0 0 0 0 0 0 0 0 0 0 0 0 0 0 0 
0 0 0 0 0 0 0 0 0 0 0 0 0 0 0 0 0 0 
0 0 0 0 0 0 0 0 0 0 0 0 0 0 0 0 0 0 
0 0 0 0 0 0 0 0 0 0 0 0 0 0 0 0 0 0 
0 0 0 0 0 0 0 0 0 0 0 0 0 0 0 0 0 0 
0 0 0 0 0 0 0 0 0 0 0 0 0 0 0 0 0 0 
0 0 0 0 0 0 0 0 0 0 0 0 0 0 0 0 0 0 
0 0 0 0 0 0 0 0 0 0 0 0 0 0 0 0 0 0 
0 0 0 0 0 0 0 0 0 0 0 0 0 0 0 0 0 0 
0 0 0 0 0 0 0 0 0 0 0 0 0 0 0 0 0 0 
0 0 0 0 0 0 0 0 0 0 0 0 0 0 0 0 0 0 
0 0 0 0 0 0 0 0 0 0 0 0 0 0 0 0 0 0 

0 0 0 0 0 0 0 0 0 0 0 0 0 0 0 0 0 0 
0 0 0 0 0 0 0 0 0 0 0 0 0 0 0 0 0 0 
0 0 0 0 0 0 0 0 0 0 0 0 0 0 0 0 0 0 
0 0 0 0 0 0 0 0 0 0 0 0 0 0 0 0 0 0 
0 0 0 0 0 0 0 0 0 0 0 0 0 0 0 0 0 0 
0 0 0 0 0 0 0 0 0 0 0 0 0 0 0 0 0 0 
0 0 0 0 0 0 0 0 0 0 0 0 0 0 0 0 0 0 
0 0 0 0 0 0 0 0 0 0 0 0 0 0 0 0 0 0 
0 0 0 0 0 0 0 0 0 0 0 0 0 0 0 0 0 0 
0 0 0 0 0 0 0 0 0 0 0 0 0 0 0 0 0 0 
0 0 0 0 0 0 0 0 0 0 0 0 0 0 0 0 0 0 
0 0 0 0 0 0 0 0 0 0 0 0 0 0 0 0 0 0 
0 0 0 0 0 0 0 0 0 0 0 0 0 0 0 0 0 0 
0 0 0 0 0 0 0 0 0 0 0 0 0 0 0 0 0 0 
0 0 0 0 0 0 0 0 0 0 0 0 0 0 0 0 0 0 
0 0 0 0 0 0 0 0 0 0 0 0 0 0 0 0 0 0 
0 0 0 0 0 0 0 0 0 0 0 0 0 0 0 0 0 0 
0 0 0 0 0 0 0 0 0 0 0 0 0 0 0 0 0 0 

0 0 0 0 0 0 0 0 0 0 0 0 0 0 0 0 0 0 
0 0 0 0 0 0 0 0 0 0 0 0 0 0 0 0 0 0 
0 0 0 0 0 0 0 0 0 0 0 0 0 0 0 0 0 0 
0 0 0 0 0 0 0 0 0 0 0 0 0 0 0 0 0 0 
0 0 0 0 0 0 0 0 0 0 0 0 0 0 0 0 0 0 
0 0 0 0 0 0 0 0 0 0 0 0 0 0 0 0 0 0 
0 0 0 0 0 0 0 0 0 0 0 0 0 0 0 0 0 0 
0 0 0 0 0 0 0 0 0 0 0 0 0 0 0 0 0 0 
0 0 0 0 0 0 0 0 0 0 0 0 0 0 0 0 0 0 
0 0 0 0 0 0 0 0 0 0 0 0 0 0 0 0 0 0 
0 0 0 0 0 0 0 0 0 0 0 0 0 0 0 0 0 0 
0 0 0 0 0 0 0 0 0 0 0 0 0 0 0 0 0 0 
0 0 0 0 0 0 0 0 0 0 0 0 0 0 0 0 0 0 
0 0 0 0 0 0 0 0 0 0 0 0 0 0 0 0 0 0 
0 0 0 0 0 0 0 0 0 0 0 0 0 0 0 0 0 0 
0 0 0 0 0 0 0 0 0 0 0 0 0 0 0 0 0 0 
0 0 0 0 0 0 0 0 0 0 0 0 0 0 0 0 0 0 
0 0 0 0 0 0 0 0 0 0 0 0 0 0 0 0 0 0 

0 0 0 0 0 0 0 0 0 0 0 0 0 0 0 0 0 0 
0 0 0 0 0 0 0 0 0 0 0 0 0 0 0 0 0 0 
0 0 0 0 0 0 0 0 0 0 0 0 0 0 0 0 0 0 
0 0 0 0 0 0 0 0 0 0 0 0 0 0 0 0 0 0 
0 0 0 0 0 0 0 0 0 0 0 0 0 0 0 0 0 0 
0 0 0 0 0 0 0 0 0 0 0 0 0 0 0 0 0 0 
0 0 0 0 0 0 0 0 0 0 0 0 0 0 0 0 0 0 
0 0 0 0 0 0 0 0 0 0 0 0 0 0 0 0 0 0 
0 0 0 0 0 0 0 0 0 0 0 0 0 0 0 0 0 0 
0 0 0 0 0 0 0 0 0 0 0 0 0 0 0 0 0 0 
0 0 0 0 0 0 0 0 0 0 0 0 0 0 0 0 0 0 
0 0 0 0 0 0 0 0 0 0 0 0 0 0 0 0 0 0 
0 0 0 0 0 0 0 0 0 0 0 0 0 0 0 0 0 0 
0 0 0 0 0 0 0 0 0 0 0 0 0 0 0 0 0 0 
0 0 0 0 0 0 0 0 0 0 0 0 0 0 0 0 0 0 
0 0 0 0 0 0 0 0 0 0 0 0 0 0 0 0 0 0 
0 0 0 0 0 0 0 0 0 0 0 0 0 0 0 0 0 0 
0 0 0 0 0 0 0 0 0 0 0 0 0 0 0 0 0 0 

0 0 0 0 0 0 0 0 0 0 0 0 0 0 0 0 0 0 
0 0 0 0 0 0 0 0 0 0 0 0 0 0 0 0 0 0 
0 0 0 0 0 0 0 0 0 0 0 0 0 0 0 0 0 0 
0 0 0 0 0 0 0 0 0 0 0 0 0 0 0 0 0 0 
0 0 0 0 0 0 0 0 0 0 0 0 0 0 0 0 0 0 
0 0 0 0 0 0 0 0 0 0 0 0 0 0 0 0 0 0 
0 0 0 0 0 0 0 0 0 0 0 0 0 0 0 0 0 0 
0 0 0 0 0 0 0 0 0 0 0 0 0 0 0 0 0 0 
0 0 0 0 0 0 0 0 0 0 0 0 0 0 0 0 0 0 
0 0 0 0 0 0 0 0 0 0 0 0 0 0 0 0 0 0 
0 0 0 0 0 0 0 0 0 0 0 0 0 0 0 0 0 0 
0 0 0 0 0 0 0 0 0 0 0 0 0 0 0 0 0 0 
0 0 0 0 0 0 0 0 0 0 0 0 0 0 0 0 0 0 
0 0 0 0 0 0 0 0 0 0 0 0 0 0 0 0 0 0 
0 0 0 0 0 0 0 0 0 0 0 0 0 0 0 0 0 0 
0 0 0 0 0 0 0 0 0 0 0 0 0 0 0 0 0 0 
0 0 0 0 0 0 0 0 0 0 0 0 0 0 0 0 0 0 
0 0 0 0 0 0 0 0 0 0 0 0 0 0 0 0 0 0 

0 0 0 0 0 0 0 0 0 0 0 0 0 0 0 0 0 0 
0 0 0 0 0 0 0 0 0 0 0 0 0 0 0 0 0 0 
0 0 0 0 0 0 0 0 0 0 0 0 0 0 0 0 0 0 
0 0 0 0 0 0 0 0 0 0 0 0 0 0 0 0 0 0 
0 0 0 0 0 0 0 0 0 0 0 0 0 0 0 0 0 0 
0 0 0 0 0 0 0 0 0 0 0 0 0 0 0 0 0 0 
0 0 0 0 0 0 0 0 0 0 0 0 0 0 0 0 0 0 
0 0 0 0 0 0 0 0 0 0 0 0 0 0 0 0 0 0 
0 0 0 0 0 0 0 0 0 0 0 0 0 0 0 0 0 0 
0 0 0 0 0 0 0 0 0 0 0 0 0 0 0 0 0 0 
0 0 0 0 0 0 0 0 0 0 0 0 0 0 0 0 0 0 
0 0 0 0 0 0 0 0 0 0 0 0 0 0 0 0 0 0 
0 0 0 0 0 0 0 0 0 0 0 0 0 0 0 0 0 0 
0 0 0 0 0 0 0 0 0 0 0 0 0 0 0 0 0 0 
0 0 0 0 0 0 0 0 0 0 0 0 0 0 0 0 0 0 
0 0 0 0 0 0 0 0 0 0 0 0 0 0 0 0 0 0 
0 0 0 0 0 0 0 0 0 0 0 0 0 0 0 0 0 0 
0 0 0 0 0 0 0 0 0 0 0 0 0 0 0 0 0 0 

0 0 0 0 0 0 0 0 0 0 0 0 0 0 0 0 0 0 
0 0 0 0 0 0 0 0 0 0 0 0 0 0 0 0 0 0 
0 0 0 0 0 0 0 0 0 0 0 0 0 0 0 0 0 0 
0 0 0 0 0 0 0 0 0 0 0 0 0 0 0 0 0 0 
0 0 0 0 0 0 0 0 0 0 0 0 0 0 0 0 0 0 
0 0 0 0 0 0 0 0 0 0 0 0 0 0 0 0 0 0 
0 0 0 0 0 0 0 0 0 0 0 0 0 0 0 0 0 0 
0 0 0 0 0 0 0 0 0 0 0 0 0 0 0 0 0 0 
0 0 0 0 0 0 0 0 0 0 0 0 0 0 0 0 0 0 
0 0 0 0 0 0 0 0 0 0 0 0 0 0 0 0 0 0 
0 0 0 0 0 0 0 0 0 0 0 0 0 0 0 0 0 0 
0 0 0 0 0 0 0 0 0 0 0 0 0 0 0 0 0 0 
0 0 0 0 0 0 0 0 0 0 0 0 0 0 0 0 0 0 
0 0 0 0 0 0 0 0 0 0 0 0 0 0 0 0 0 0 
0 0 0 0 0 0 0 0 0 0 0 0 0 0 0 0 0 0 
0 0 0 0 0 0 0 0 0 0 0 0 0 0 0 0 0 0 
0 0 0 0 0 0 0 0 0 0 0 0 0 0 0 0 0 0 
0 0 0 0 0 0 0 0 0 0 0 0 0 0 0 0 0 0 

0 0 0 0 0 0 0 0 0 0 0 0 0 0 0 0 0 0 
0 0 0 0 0 0 0 0 0 0 0 0 0 0 0 0 0 0 
0 0 0 0 0 0 0 0 0 0 0 0 0 0 0 0 0 0 
0 0 0 0 0 0 0 0 0 0 0 0 0 0 0 0 0 0 
0 0 0 0 0 0 0 0 0 0 0 0 0 0 0 0 0 0 
0 0 0 0 0 0 0 0 0 0 0 0 0 0 0 0 0 0 
0 0 0 0 0 0 0 0 0 0 0 0 0 0 0 0 0 0 
0 0 0 0 0 0 0 0 0 0 0 0 0 0 0 0 0 0 
0 0 0 0 0 0 0 0 0 0 0 0 0 0 0 0 0 0 
0 0 0 0 0 0 0 0 0 0 0 0 0 0 0 0 0 0 
0 0 0 0 0 0 0 0 0 0 0 0 0 0 0 0 0 0 
0 0 0 0 0 0 0 0 0 0 0 0 0 0 0 0 0 0 
0 0 0 0 0 0 0 0 0 0 0 0 0 0 0 0 0 0 
0 0 0 0 0 0 0 0 0 0 0 0 0 0 0 0 0 0 
0 0 0 0 0 0 0 0 0 0 0 0 0 0 0 0 0 0 
0 0 0 0 0 0 0 0 0 0 0 0 0 0 0 0 0 0 
0 0 0 0 0 0 0 0 0 0 0 0 0 0 0 0 0 0 
0 0 0 0 0 0 0 0 0 0 0 0 0 0 0 0 0 0 

0 0 0 0 0 0 0 0 0 0 0 0 0 0 0 0 0 0 
0 0 0 0 0 0 0 0 0 0 0 0 0 0 0 0 0 0 
0 0 0 0 0 0 0 0 0 0 0 0 0 0 0 0 0 0 
0 0 0 0 0 0 0 0 0 0 0 0 0 0 0 0 0 0 
0 0 0 0 0 0 0 0 0 0 0 0 0 0 0 0 0 0 
0 0 0 0 0 0 0 0 0 0 0 0 0 0 0 0 0 0 
0 0 0 0 0 0 0 0 0 0 0 0 0 0 0 0 0 0 
0 0 0 0 0 0 0 0 0 0 0 0 0 0 0 0 0 0 
0 0 0 0 0 0 0 0 0 0 0 0 0 0 0 0 0 0 
0 0 0 0 0 0 0 0 0 0 0 0 0 0 0 0 0 0 
0 0 0 0 0 0 0 0 0 0 0 0 0 0 0 0 0 0 
0 0 0 0 0 0 0 0 0 0 0 0 0 0 0 0 0 0 
0 0 0 0 0 0 0 0 0 0 0 0 0 0 0 0 0 0 
0 0 0 0 0 0 0 0 0 0 0 0 0 0 0 0 0 0 
0 0 0 0 0 0 0 0 0 0 0 0 0 0 0 0 0 0 
0 0 0 0 0 0 0 0 0 0 0 0 0 0 0 0 0 0 
0 0 0 0 0 0 0 0 0 0 0 0 0 0 0 0 0 0 
0 0 0 0 0 0 0 0 0 0 0 0 0 0 0 0 0 0 

0 0 0 0 0 0 0 0 0 0 0 0 0 0 0 0 0 0 
0 0 0 0 0 0 0 0 0 0 0 0 0 0 0 0 0 0 
0 0 0 0 0 0 0 0 0 0 0 0 0 0 0 0 0 0 
0 0 0 0 0 0 0 0 0 0 0 0 0 0 0 0 0 0 
0 0 0 0 0 0 0 0 0 0 0 0 0 0 0 0 0 0 
0 0 0 0 0 0 0 0 0 0 0 0 0 0 0 0 0 0 
0 0 0 0 0 0 0 0 0 0 0 0 0 0 0 0 0 0 
0 0 0 0 0 0 0 0 0 0 0 0 0 0 0 0 0 0 
0 0 0 0 0 0 0 0 0 0 0 0 0 0 0 0 0 0 
0 0 0 0 0 0 0 0 0 0 0 0 0 0 0 0 0 0 
0 0 0 0 0 0 0 0 0 0 0 0 0 0 0 0 0 0 
0 0 0 0 0 0 0 0 0 0 0 0 0 0 0 0 0 0 
0 0 0 0 0 0 0 0 0 0 0 0 0 0 0 0 0 0 
0 0 0 0 0 0 0 0 0 0 0 0 0 0 0 0 0 0 
0 0 0 0 0 0 0 0 0 0 0 0 0 0 0 0 0 0 
0 0 0 0 0 0 0 0 0 0 0 0 0 0 0 0 0 0 
0 0 0 0 0 0 0 0 0 0 0 0 0 0 0 0 0 0 
0 0 0 0 0 0 0 0 0 0 0 0 0 0 0 0 0 0 

0 0 0 0 0 0 0 0 0 0 0 0 0 0 0 0 0 0 
0 0 0 0 0 0 0 0 0 0 0 0 0 0 0 0 0 0 
0 0 0 0 0 0 0 0 0 0 0 0 0 0 0 0 0 0 
0 0 0 0 0 0 0 0 0 0 0 0 0 0 0 0 0 0 
0 0 0 0 0 0 0 0 0 0 0 0 0 0 0 0 0 0 
0 0 0 0 0 0 0 0 0 0 0 0 0 0 0 0 0 0 
0 0 0 0 0 0 0 0 0 0 0 0 0 0 0 0 0 0 
0 0 0 0 0 0 0 0 0 0 0 0 0 0 0 0 0 0 
0 0 0 0 0 0 0 0 0 0 0 0 0 0 0 0 0 0 
0 0 0 0 0 0 0 0 0 0 0 0 0 0 0 0 0 0 
0 0 0 0 0 0 0 0 0 0 0 0 0 0 0 0 0 0 
0 0 0 0 0 0 0 0 0 0 0 0 0 0 0 0 0 0 
0 0 0 0 0 0 0 0 0 0 0 0 0 0 0 0 0 0 
0 0 0 0 0 0 0 0 0 0 0 0 0 0 0 0 0 0 
0 0 0 0 0 0 0 0 0 0 0 0 0 0 0 0 0 0 
0 0 0 0 0 0 0 0 0 0 0 0 0 0 0 0 0 0 
0 0 0 0 0 0 0 0 0 0 0 0 0 0 0 0 0 0 
0 0 0 0 0 0 0 0 0 0 0 0 0 0 0 0 0 0 

0 0 0 0 0 0 0 0 0 0 0 0 0 0 0 0 0 0 
0 0 0 0 0 0 0 0 0 0 0 0 0 0 0 0 0 0 
0 0 0 0 0 0 0 0 0 0 0 0 0 0 0 0 0 0 
0 0 0 0 0 0 0 0 0 0 0 0 0 0 0 0 0 0 
0 0 0 0 0 0 0 0 0 0 0 0 0 0 0 0 0 0 
0 0 0 0 0 0 0 0 0 0 0 0 0 0 0 0 0 0 
0 0 0 0 0 0 0 0 0 0 0 0 0 0 0 0 0 0 
0 0 0 0 0 0 0 0 0 0 0 0 0 0 0 0 0 0 
0 0 0 0 0 0 0 0 0 0 0 0 0 0 0 0 0 0 
0 0 0 0 0 0 0 0 0 0 0 0 0 0 0 0 0 0 
0 0 0 0 0 0 0 0 0 0 0 0 0 0 0 0 0 0 
0 0 0 0 0 0 0 0 0 0 0 0 0 0 0 0 0 0 
0 0 0 0 0 0 0 0 0 0 0 0 0 0 0 0 0 0 
0 0 0 0 0 0 0 0 0 0 0 0 0 0 0 0 0 0 
0 0 0 0 0 0 0 0 0 0 0 0 0 0 0 0 0 0 
0 0 0 0 0 0 0 0 0 0 0 0 0 0 0 0 0 0 
0 0 0 0 0 0 0 0 0 0 0 0 0 0 0 0 0 0 
0 0 0 0 0 0 0 0 0 0 0 0 0 0 0 0 0 0 

0 0 0 0 0 0 0 0 0 0 0 0 0 0 0 0 0 0 
0 0 0 0 0 0 0 0 0 0 0 0 0 0 0 0 0 0 
0 0 0 0 0 0 0 0 0 0 0 0 0 0 0 0 0 0 
0 0 0 0 0 0 0 0 0 0 0 0 0 0 0 0 0 0 
0 0 0 0 0 0 0 0 0 0 0 0 0 0 0 0 0 0 
0 0 0 0 0 0 0 0 0 0 0 0 0 0 0 0 0 0 
0 0 0 0 0 0 0 0 0 0 0 0 0 0 0 0 0 0 
0 0 0 0 0 0 0 0 0 0 0 0 0 0 0 0 0 0 
0 0 0 0 0 0 0 0 0 0 0 0 0 0 0 0 0 0 
0 0 0 0 0 0 0 0 0 0 0 0 0 0 0 0 0 0 
0 0 0 0 0 0 0 0 0 0 0 0 0 0 0 0 0 0 
0 0 0 0 0 0 0 0 0 0 0 0 0 0 0 0 0 0 
0 0 0 0 0 0 0 0 0 0 0 0 0 0 0 0 0 0 
0 0 0 0 0 0 0 0 0 0 0 0 0 0 0 0 0 0 
0 0 0 0 0 0 0 0 0 0 0 0 0 0 0 0 0 0 
0 0 0 0 0 0 0 0 0 0 0 0 0 0 0 0 0 0 
0 0 0 0 0 0 0 0 0 0 0 0 0 0 0 0 0 0 
0 0 0 0 0 0 0 0 0 0 0 0 0 0 0 0 0 0 

0 0 0 0 0 0 0 0 0 0 0 0 0 0 0 0 0 0 
0 0 0 0 0 0 0 0 0 0 0 0 0 0 0 0 0 0 
0 0 0 0 0 0 0 0 0 0 0 0 0 0 0 0 0 0 
0 0 0 0 0 0 0 0 0 0 0 0 0 0 0 0 0 0 
0 0 0 0 0 0 0 0 0 0 0 0 0 0 0 0 0 0 
0 0 0 0 0 0 0 0 0 0 0 0 0 0 0 0 0 0 
0 0 0 0 0 0 0 0 0 0 0 0 0 0 0 0 0 0 
0 0 0 0 0 0 0 0 0 0 0 0 0 0 0 0 0 0 
0 0 0 0 0 0 0 0 0 0 0 0 0 0 0 0 0 0 
0 0 0 0 0 0 0 0 0 0 0 0 0 0 0 0 0 0 
0 0 0 0 0 0 0 0 0 0 0 0 0 0 0 0 0 0 
0 0 0 0 0 0 0 0 0 0 0 0 0 0 0 0 0 0 
0 0 0 0 0 0 0 0 0 0 0 0 0 0 0 0 0 0 
0 0 0 0 0 0 0 0 0 0 0 0 0 0 0 0 0 0 
0 0 0 0 0 0 0 0 0 0 0 0 0 0 0 0 0 0 
0 0 0 0 0 0 0 0 0 0 0 0 0 0 0 0 0 0 
0 0 0 0 0 0 0 0 0 0 0 0 0 0 0 0 0 0 
0 0 0 0 0 0 0 0 0 0 0 0 0 0 0 0 0 0 

0 0 0 0 0 0 0 0 0 0 0 0 0 0 0 0 0 0 
0 0 0 0 0 0 0 0 0 0 0 0 0 0 0 0 0 0 
0 0 0 0 0 0 0 0 0 0 0 0 0 0 0 0 0 0 
0 0 0 0 0 0 0 0 0 0 0 0 0 0 0 0 0 0 
0 0 0 0 0 0 0 0 0 0 0 0 0 0 0 0 0 0 
0 0 0 0 0 0 0 0 0 0 0 0 0 0 0 0 0 0 
0 0 0 0 0 0 0 0 0 0 0 0 0 0 0 0 0 0 
0 0 0 0 0 0 0 0 0 0 0 0 0 0 0 0 0 0 
0 0 0 0 0 0 0 0 0 0 0 0 0 0 0 0 0 0 
0 0 0 0 0 0 0 0 0 0 0 0 0 0 0 0 0 0 
0 0 0 0 0 0 0 0 0 0 0 0 0 0 0 0 0 0 
0 0 0 0 0 0 0 0 0 0 0 0 0 0 0 0 0 0 
0 0 0 0 0 0 0 0 0 0 0 0 0 0 0 0 0 0 
0 0 0 0 0 0 0 0 0 0 0 0 0 0 0 0 0 0 
0 0 0 0 0 0 0 0 0 0 0 0 0 0 0 0 0 0 
0 0 0 0 0 0 0 0 0 0 0 0 0 0 0 0 0 0 
0 0 0 0 0 0 0 0 0 0 0 0 0 0 0 0 0 0 
0 0 0 0 0 0 0 0 0 0 0 0 0 0 0 0 0 0 

0 0 0 0 0 0 0 0 0 0 0 0 0 0 0 0 0 0 
0 0 0 0 0 0 0 0 0 0 0 0 0 0 0 0 0 0 
0 0 0 0 0 0 0 0 0 0 0 0 0 0 0 0 0 0 
0 0 0 0 0 0 0 0 0 0 0 0 0 0 0 0 0 0 
0 0 0 0 0 0 0 0 0 0 0 0 0 0 0 0 0 0 
0 0 0 0 0 0 0 0 0 0 0 0 0 0 0 0 0 0 
0 0 0 0 0 0 0 0 0 0 0 0 0 0 0 0 0 0 
0 0 0 0 0 0 0 0 0 0 0 0 0 0 0 0 0 0 
0 0 0 0 0 0 0 0 0 0 0 0 0 0 0 0 0 0 
0 0 0 0 0 0 0 0 0 0 0 0 0 0 0 0 0 0 
0 0 0 0 0 0 0 0 0 0 0 0 0 0 0 0 0 0 
0 0 0 0 0 0 0 0 0 0 0 0 0 0 0 0 0 0 
0 0 0 0 0 0 0 0 0 0 0 0 0 0 0 0 0 0 
0 0 0 0 0 0 0 0 0 0 0 0 0 0 0 0 0 0 
0 0 0 0 0 0 0 0 0 0 0 0 0 0 0 0 0 0 
0 0 0 0 0 0 0 0 0 0 0 0 0 0 0 0 0 0 
0 0 0 0 0 0 0 0 0 0 0 0 0 0 0 0 0 0 
0 0 0 0 0 0 0 0 0 0 0 0 0 0 0 0 0 0 

0 0 0 0 0 0 0 0 0 0 0 0 0 0 0 0 0 0 
0 0 0 0 0 0 0 0 0 0 0 0 0 0 0 0 0 0 
0 0 0 0 0 0 0 0 0 0 0 0 0 0 0 0 0 0 
0 0 0 0 0 0 0 0 0 0 0 0 0 0 0 0 0 0 
0 0 0 0 0 0 0 0 0 0 0 0 0 0 0 0 0 0 
0 0 0 0 0 0 0 0 0 0 0 0 0 0 0 0 0 0 
0 0 0 0 0 0 0 0 0 0 0 0 0 0 0 0 0 0 
0 0 0 0 0 0 0 0 0 0 0 0 0 0 0 0 0 0 
0 0 0 0 0 0 0 0 0 0 0 0 0 0 0 0 0 0 
0 0 0 0 0 0 0 0 0 0 0 0 0 0 0 0 0 0 
0 0 0 0 0 0 0 0 0 0 0 0 0 0 0 0 0 0 
0 0 0 0 0 0 0 0 0 0 0 0 0 0 0 0 0 0 
0 0 0 0 0 0 0 0 0 0 0 0 0 0 0 0 0 0 
0 0 0 0 0 0 0 0 0 0 0 0 0 0 0 0 0 0 
0 0 0 0 0 0 0 0 0 0 0 0 0 0 0 0 0 0 
0 0 0 0 0 0 0 0 0 0 0 0 0 0 0 0 0 0 
0 0 0 0 0 0 0 0 0 0 0 0 0 0 0 0 0 0 
0 0 0 0 0 0 0 0 0 0 0 0 0 0 0 0 0 0 

0 0 0 0 0 0 0 0 0 0 0 0 0 0 0 0 0 0 
0 0 0 0 0 0 0 0 0 0 0 0 0 0 0 0 0 0 
0 0 0 0 0 0 0 0 0 0 0 0 0 0 0 0 0 0 
0 0 0 0 0 0 0 0 0 0 0 0 0 0 0 0 0 0 
0 0 0 0 0 0 0 0 0 0 0 0 0 0 0 0 0 0 
0 0 0 0 0 0 0 0 0 0 0 0 0 0 0 0 0 0 
0 0 0 0 0 0 0 0 0 0 0 0 0 0 0 0 0 0 
0 0 0 0 0 0 0 0 0 0 0 0 0 0 0 0 0 0 
0 0 0 0 0 0 0 0 0 0 0 0 0 0 0 0 0 0 
0 0 0 0 0 0 0 0 0 0 0 0 0 0 0 0 0 0 
0 0 0 0 0 0 0 0 0 0 0 0 0 0 0 0 0 0 
0 0 0 0 0 0 0 0 0 0 0 0 0 0 0 0 0 0 
0 0 0 0 0 0 0 0 0 0 0 0 0 0 0 0 0 0 
0 0 0 0 0 0 0 0 0 0 0 0 0 0 0 0 0 0 
0 0 0 0 0 0 0 0 0 0 0 0 0 0 0 0 0 0 
0 0 0 0 0 0 0 0 0 0 0 0 0 0 0 0 0 0 
0 0 0 0 0 0 0 0 0 0 0 0 0 0 0 0 0 0 
0 0 0 0 0 0 0 0 0 0 0 0 0 0 0 0 0 0 

0 0 0 0 0 0 0 0 0 0 0 0 0 0 0 0 0 0 
0 0 0 0 0 0 0 0 0 0 0 0 0 0 0 0 0 0 
0 0 0 0 0 0 0 0 0 0 0 0 0 0 0 0 0 0 
0 0 0 0 0 0 0 0 0 0 0 0 0 0 0 0 0 0 
0 0 0 0 0 0 0 0 0 0 0 0 0 0 0 0 0 0 
0 0 0 0 0 0 0 0 0 0 0 0 0 0 0 0 0 0 
0 0 0 0 0 0 0 0 0 0 0 0 0 0 0 0 0 0 
0 0 0 0 0 0 0 0 0 0 0 0 0 0 0 0 0 0 
0 0 0 0 0 0 0 0 0 0 0 0 0 0 0 0 0 0 
0 0 0 0 0 0 0 0 0 0 0 0 0 0 0 0 0 0 
0 0 0 0 0 0 0 0 0 0 0 0 0 0 0 0 0 0 
0 0 0 0 0 0 0 0 0 0 0 0 0 0 0 0 0 0 
0 0 0 0 0 0 0 0 0 0 0 0 0 0 0 0 0 0 
0 0 0 0 0 0 0 0 0 0 0 0 0 0 0 0 0 0 
0 0 0 0 0 0 0 0 0 0 0 0 0 0 0 0 0 0 
0 0 0 0 0 0 0 0 0 0 0 0 0 0 0 0 0 0 
0 0 0 0 0 0 0 0 0 0 0 0 0 0 0 0 0 0 
0 0 0 0 0 0 0 0 0 0 0 0 0 0 0 0 0 0 

0 0 0 0 0 0 0 0 0 0 0 0 0 0 0 0 0 0 
0 0 0 0 0 0 0 0 0 0 0 0 0 0 0 0 0 0 
0 0 0 0 0 0 0 0 0 0 0 0 0 0 0 0 0 0 
0 0 0 0 0 0 0 0 0 0 0 0 0 0 0 0 0 0 
0 0 0 0 0 0 0 0 0 0 0 0 0 0 0 0 0 0 
0 0 0 0 0 0 0 0 0 0 0 0 0 0 0 0 0 0 
0 0 0 0 0 0 0 0 0 0 0 0 0 0 0 0 0 0 
0 0 0 0 0 0 0 0 0 0 0 0 0 0 0 0 0 0 
0 0 0 0 0 0 0 0 0 0 0 0 0 0 0 0 0 0 
0 0 0 0 0 0 0 0 0 0 0 0 0 0 0 0 0 0 
0 0 0 0 0 0 0 0 0 0 0 0 0 0 0 0 0 0 
0 0 0 0 0 0 0 0 0 0 0 0 0 0 0 0 0 0 
0 0 0 0 0 0 0 0 0 0 0 0 0 0 0 0 0 0 
0 0 0 0 0 0 0 0 0 0 0 0 0 0 0 0 0 0 
0 0 0 0 0 0 0 0 0 0 0 0 0 0 0 0 0 0 
0 0 0 0 0 0 0 0 0 0 0 0 0 0 0 0 0 0 
0 0 0 0 0 0 0 0 0 0 0 0 0 0 0 0 0 0 
0 0 0 0 0 0 0 0 0 0 0 0 0 0 0 0 0 0 

0 0 0 0 0 0 0 0 0 0 0 0 0 0 0 0 0 0 
0 0 0 0 0 0 0 0 0 0 0 0 0 0 0 0 0 0 
0 0 0 0 0 0 0 0 0 0 0 0 0 0 0 0 0 0 
0 0 0 0 0 0 0 0 0 0 0 0 0 0 0 0 0 0 
0 0 0 0 0 0 0 0 0 0 0 0 0 0 0 0 0 0 
0 0 0 0 0 0 0 0 0 0 0 0 0 0 0 0 0 0 
0 0 0 0 0 0 0 0 0 0 0 0 0 0 0 0 0 0 
0 0 0 0 0 0 0 0 0 0 0 0 0 0 0 0 0 0 
0 0 0 0 0 0 0 0 0 0 0 0 0 0 0 0 0 0 
0 0 0 0 0 0 0 0 0 0 0 0 0 0 0 0 0 0 
0 0 0 0 0 0 0 0 0 0 0 0 0 0 0 0 0 0 
0 0 0 0 0 0 0 0 0 0 0 0 0 0 0 0 0 0 
0 0 0 0 0 0 0 0 0 0 0 0 0 0 0 0 0 0 
0 0 0 0 0 0 0 0 0 0 0 0 0 0 0 0 0 0 
0 0 0 0 0 0 0 0 0 0 0 0 0 0 0 0 0 0 
0 0 0 0 0 0 0 0 0 0 0 0 0 0 0 0 0 0 
0 0 0 0 0 0 0 0 0 0 0 0 0 0 0 0 0 0 
0 0 0 0 0 0 0 0 0 0 0 0 0 0 0 0 0 0 

0 0 0 0 0 0 0 0 0 0 0 0 0 0 0 0 0 0 
0 0 0 0 0 0 0 0 0 0 0 0 0 0 0 0 0 0 
0 0 0 0 0 0 0 0 0 0 0 0 0 0 0 0 0 0 
0 0 0 0 0 0 0 0 0 0 0 0 0 0 0 0 0 0 
0 0 0 0 0 0 0 0 0 0 0 0 0 0 0 0 0 0 
0 0 0 0 0 0 0 0 0 0 0 0 0 0 0 0 0 0 
0 0 0 0 0 0 0 0 0 0 0 0 0 0 0 0 0 0 
0 0 0 0 0 0 0 0 0 0 0 0 0 0 0 0 0 0 
0 0 0 0 0 0 0 0 0 0 0 0 0 0 0 0 0 0 
0 0 0 0 0 0 0 0 0 0 0 0 0 0 0 0 0 0 
0 0 0 0 0 0 0 0 0 0 0 0 0 0 0 0 0 0 
0 0 0 0 0 0 0 0 0 0 0 0 0 0 0 0 0 0 
0 0 0 0 0 0 0 0 0 0 0 0 0 0 0 0 0 0 
0 0 0 0 0 0 0 0 0 0 0 0 0 0 0 0 0 0 
0 0 0 0 0 0 0 0 0 0 0 0 0 0 0 0 0 0 
0 0 0 0 0 0 0 0 0 0 0 0 0 0 0 0 0 0 
0 0 0 0 0 0 0 0 0 0 0 0 0 0 0 0 0 0 
0 0 0 0 0 0 0 0 0 0 0 0 0 0 0 0 0 0 

0 0 0 0 0 0 0 0 0 0 0 0 0 0 0 0 0 0 
0 0 0 0 0 0 0 0 0 0 0 0 0 0 0 0 0 0 
0 0 0 0 0 0 0 0 0 0 0 0 0 0 0 0 0 0 
0 0 0 0 0 0 0 0 0 0 0 0 0 0 0 0 0 0 
0 0 0 0 0 0 0 0 0 0 0 0 0 0 0 0 0 0 
0 0 0 0 0 0 0 0 0 0 0 0 0 0 0 0 0 0 
0 0 0 0 0 0 0 0 0 0 0 0 0 0 0 0 0 0 
0 0 0 0 0 0 0 0 0 0 0 0 0 0 0 0 0 0 
0 0 0 0 0 0 0 0 0 0 0 0 0 0 0 0 0 0 
0 0 0 0 0 0 0 0 0 0 0 0 0 0 0 0 0 0 
0 0 0 0 0 0 0 0 0 0 0 0 0 0 0 0 0 0 
0 0 0 0 0 0 0 0 0 0 0 0 0 0 0 0 0 0 
0 0 0 0 0 0 0 0 0 0 0 0 0 0 0 0 0 0 
0 0 0 0 0 0 0 0 0 0 0 0 0 0 0 0 0 0 
0 0 0 0 0 0 0 0 0 0 0 0 0 0 0 0 0 0 
0 0 0 0 0 0 0 0 0 0 0 0 0 0 0 0 0 0 
0 0 0 0 0 0 0 0 0 0 0 0 0 0 0 0 0 0 
0 0 0 0 0 0 0 0 0 0 0 0 0 0 0 0 0 0 

0 0 0 0 0 0 0 0 0 0 0 0 0 0 0 0 0 0 
0 0 0 0 0 0 0 0 0 0 0 0 0 0 0 0 0 0 
0 0 0 0 0 0 0 0 0 0 0 0 0 0 0 0 0 0 
0 0 0 0 0 0 0 0 0 0 0 0 0 0 0 0 0 0 
0 0 0 0 0 0 0 0 0 0 0 0 0 0 0 0 0 0 
0 0 0 0 0 0 0 0 0 0 0 0 0 0 0 0 0 0 
0 0 0 0 0 0 0 0 0 0 0 0 0 0 0 0 0 0 
0 0 0 0 0 0 0 0 0 0 0 0 0 0 0 0 0 0 
0 0 0 0 0 0 0 0 0 0 0 0 0 0 0 0 0 0 
0 0 0 0 0 0 0 0 0 0 0 0 0 0 0 0 0 0 
0 0 0 0 0 0 0 0 0 0 0 0 0 0 0 0 0 0 
0 0 0 0 0 0 0 0 0 0 0 0 0 0 0 0 0 0 
0 0 0 0 0 0 0 0 0 0 0 0 0 0 0 0 0 0 
0 0 0 0 0 0 0 0 0 0 0 0 0 0 0 0 0 0 
0 0 0 0 0 0 0 0 0 0 0 0 0 0 0 0 0 0 
0 0 0 0 0 0 0 0 0 0 0 0 0 0 0 0 0 0 
0 0 0 0 0 0 0 0 0 0 0 0 0 0 0 0 0 0 
0 0 0 0 0 0 0 0 0 0 0 0 0 0 0 0 0 0 

0 0 0 0 0 0 0 0 0 0 0 0 0 0 0 0 0 0 
0 0 0 0 0 0 0 0 0 0 0 0 0 0 0 0 0 0 
0 0 0 0 0 0 0 0 0 0 0 0 0 0 0 0 0 0 
0 0 0 0 0 0 0 0 0 0 0 0 0 0 0 0 0 0 
0 0 0 0 0 0 0 0 0 0 0 0 0 0 0 0 0 0 
0 0 0 0 0 0 0 0 0 0 0 0 0 0 0 0 0 0 
0 0 0 0 0 0 0 0 0 0 0 0 0 0 0 0 0 0 
0 0 0 0 0 0 0 0 0 0 0 0 0 0 0 0 0 0 
0 0 0 0 0 0 0 0 0 0 0 0 0 0 0 0 0 0 
0 0 0 0 0 0 0 0 0 0 0 0 0 0 0 0 0 0 
0 0 0 0 0 0 0 0 0 0 0 0 0 0 0 0 0 0 
0 0 0 0 0 0 0 0 0 0 0 0 0 0 0 0 0 0 
0 0 0 0 0 0 0 0 0 0 0 0 0 0 0 0 0 0 
0 0 0 0 0 0 0 0 0 0 0 0 0 0 0 0 0 0 
0 0 0 0 0 0 0 0 0 0 0 0 0 0 0 0 0 0 
0 0 0 0 0 0 0 0 0 0 0 0 0 0 0 0 0 0 
0 0 0 0 0 0 0 0 0 0 0 0 0 0 0 0 0 0 
0 0 0 0 0 0 0 0 0 0 0 0 0 0 0 0 0 0 
