1 0.998222 0.995766 0.984834 0.970969 0.952006 0.927044 0.894131 0.854544 0.806406 0.750647 0.690744 0.625172 0.55555 0.481544 0.40115 0.313294 0.214962 
0.749778 0.381803 0.235756 0.137316 0.0800094 0.0441062 0.0231437 0.0103219 0.00345313 0.00085625 0.00015625 2.5e-05 0 0 0 0 0 0 
0.602178 0.180891 0.0660969 0.0163375 0.00285 0.000328125 2.1875e-05 3.125e-06 0 0 0 0 0 0 0 0 0 0 
0.487428 0.0929656 0.0198781 0.0017125 3.75e-05 6.25e-06 0 0 0 0 0 0 0 0 0 0 0 0 
0.388347 0.0434906 0.00474062 0.000109375 0 0 0 0 0 0 0 0 0 0 0 0 0 0 
0.300294 0.0173438 0.000746875 1.25e-05 0 0 0 0 0 0 0 0 0 0 0 0 0 0 
0.225634 0.00556875 6.5625e-05 0 0 0 0 0 0 0 0 0 0 0 0 0 0 0 
0.163872 0.001375 3.125e-06 0 0 0 0 0 0 0 0 0 0 0 0 0 0 0 
0.114262 0.0002125 0 0 0 0 0 0 0 0 0 0 0 0 0 0 0 0 
0.0755812 3.125e-05 0 0 0 0 0 0 0 0 0 0 0 0 0 0 0 0 
0.0482812 3.125e-06 0 0 0 0 0 0 0 0 0 0 0 0 0 0 0 0 
0.0287562 0 0 0 0 0 0 0 0 0 0 0 0 0 0 0 0 0 
0.0155094 0 0 0 0 0 0 0 0 0 0 0 0 0 0 0 0 0 
0.00737187 0 0 0 0 0 0 0 0 0 0 0 0 0 0 0 0 0 
0.00296875 0 0 0 0 0 0 0 0 0 0 0 0 0 0 0 0 0 
0.000815625 0 0 0 0 0 0 0 0 0 0 0 0 0 0 0 0 0 
0.000140625 0 0 0 0 0 0 0 0 0 0 0 0 0 0 0 0 0 
1.875e-05 0 0 0 0 0 0 0 0 0 0 0 0 0 0 0 0 0 

----------------------------------------------------------------------------------------------------------------------------------------------------------------------------------------------------------------------------------------------------------------------------------------------------------------------------------------------------------------------------------------------------------------

1 0.997706 0.994187 0.9776 0.954825 0.924594 0.882925 0.833219 0.772781 0.705056 0.634112 0.564194 0.490381 0.420181 0.349406 0.279475 0.208963 0.139669 
0.823494 0.589025 0.417131 0.268469 0.163606 0.0953 0.0498 0.0223187 0.0076625 0.0022125 0.0004375 8.75e-05 1.25e-05 6.25e-06 0 0 0 0 
0.670331 0.317237 0.135362 0.0376063 0.00669375 0.001125 8.75e-05 2.5e-05 0 0 0 0 0 0 0 0 0 0 
0.541081 0.171619 0.044175 0.00474375 0.000175 6.25e-06 0 0 0 0 0 0 0 0 0 0 0 0 
0.419937 0.0805375 0.0107437 0.0002875 6.25e-06 0 0 0 0 0 0 0 0 0 0 0 0 0 
0.314137 0.0326125 0.00179375 2.5e-05 0 0 0 0 0 0 0 0 0 0 0 0 0 0 
0.226162 0.0106437 0.0001875 0 0 0 0 0 0 0 0 0 0 0 0 0 0 0 
0.155256 0.0027875 1.875e-05 0 0 0 0 0 0 0 0 0 0 0 0 0 0 0 
0.102169 0.00049375 0 0 0 0 0 0 0 0 0 0 0 0 0 0 0 0 
0.0645437 8.125e-05 0 0 0 0 0 0 0 0 0 0 0 0 0 0 0 0 
0.0385063 6.25e-06 0 0 0 0 0 0 0 0 0 0 0 0 0 0 0 0 
0.0218687 0 0 0 0 0 0 0 0 0 0 0 0 0 0 0 0 0 
0.0109375 0 0 0 0 0 0 0 0 0 0 0 0 0 0 0 0 0 
0.00469375 0 0 0 0 0 0 0 0 0 0 0 0 0 0 0 0 0 
0.0018625 0 0 0 0 0 0 0 0 0 0 0 0 0 0 0 0 0 
0.00051875 0 0 0 0 0 0 0 0 0 0 0 0 0 0 0 0 0 
6.875e-05 0 0 0 0 0 0 0 0 0 0 0 0 0 0 0 0 0 
6.25e-06 0 0 0 0 0 0 0 0 0 0 0 0 0 0 0 0 0 

1 0.998687 0.996631 0.990231 0.983519 0.974437 0.962112 0.947775 0.927919 0.903844 0.874869 0.839069 0.795388 0.743887 0.680337 0.603512 0.503756 0.362469 
0.624613 0.0402375 0.0135437 0.00565 0.00285 0.001575 0.0007125 0.000325 0.0001125 3.125e-05 6.25e-06 0 0 0 0 0 0 0 
0.482881 0.0100562 0.00136875 0.00013125 1.875e-05 0 0 0 0 0 0 0 0 0 0 0 0 0 
0.391631 0.0041125 0.00033125 1.875e-05 6.25e-06 0 0 0 0 0 0 0 0 0 0 0 0 0 
0.317813 0.00186875 5.625e-05 0 0 0 0 0 0 0 0 0 0 0 0 0 0 0 
0.258081 0.000825 1.875e-05 0 0 0 0 0 0 0 0 0 0 0 0 0 0 0 
0.20715 0.00033125 1.25e-05 0 0 0 0 0 0 0 0 0 0 0 0 0 0 0 
0.163375 5.625e-05 0 0 0 0 0 0 0 0 0 0 0 0 0 0 0 0 
0.124856 1.25e-05 0 0 0 0 0 0 0 0 0 0 0 0 0 0 0 0 
0.092875 0 0 0 0 0 0 0 0 0 0 0 0 0 0 0 0 0 
0.065775 0 0 0 0 0 0 0 0 0 0 0 0 0 0 0 0 0 
0.0437375 0 0 0 0 0 0 0 0 0 0 0 0 0 0 0 0 0 
0.0279812 0 0 0 0 0 0 0 0 0 0 0 0 0 0 0 0 0 
0.01575 0 0 0 0 0 0 0 0 0 0 0 0 0 0 0 0 0 
0.00743125 0 0 0 0 0 0 0 0 0 0 0 0 0 0 0 0 0 
0.0026375 0 0 0 0 0 0 0 0 0 0 0 0 0 0 0 0 0 
0.000625 0 0 0 0 0 0 0 0 0 0 0 0 0 0 0 0 0 
7.5e-05 0 0 0 0 0 0 0 0 0 0 0 0 0 0 0 0 0 

----------------------------------------------------------------------------------------------------------------------------------------------------------------------------------------------------------------------------------------------------------------------------------------------------------------------------------------------------------------------------------------------------------------

0 0 0 0 0 0 0 0 0 0 0 0 0 0 0 0 0 0 
0 0 0 0 0 0 0 0 0 0 0 0 0 0 0 0 0 0 
0 0 0 0 0 0 0 0 0 0 0 0 0 0 0 0 0 0 
0 0 0 0 0 0 0 0 0 0 0 0 0 0 0 0 0 0 
0 0 0 0 0 0 0 0 0 0 0 0 0 0 0 0 0 0 
0 0 0 0 0 0 0 0 0 0 0 0 0 0 0 0 0 0 
0 0 0 0 0 0 0 0 0 0 0 0 0 0 0 0 0 0 
0 0 0 0 0 0 0 0 0 0 0 0 0 0 0 0 0 0 
0 0 0 0 0 0 0 0 0 0 0 0 0 0 0 0 0 0 
0 0 0 0 0 0 0 0 0 0 0 0 0 0 0 0 0 0 
0 0 0 0 0 0 0 0 0 0 0 0 0 0 0 0 0 0 
0 0 0 0 0 0 0 0 0 0 0 0 0 0 0 0 0 0 
0 0 0 0 0 0 0 0 0 0 0 0 0 0 0 0 0 0 
0 0 0 0 0 0 0 0 0 0 0 0 0 0 0 0 0 0 
0 0 0 0 0 0 0 0 0 0 0 0 0 0 0 0 0 0 
0 0 0 0 0 0 0 0 0 0 0 0 0 0 0 0 0 0 
0 0 0 0 0 0 0 0 0 0 0 0 0 0 0 0 0 0 
0 0 0 0 0 0 0 0 0 0 0 0 0 0 0 0 0 0 

1 0.9986 0.996087 0.988687 0.980287 0.967825 0.952625 0.933387 0.910075 0.880225 0.843962 0.80155 0.751938 0.695037 0.629162 0.54985 0.449575 0.317475 
0.664612 0.146463 0.0674875 0.034025 0.01895 0.0109625 0.005825 0.0027125 0.0009 0.0002875 7.5e-05 0 0 0 0 0 0 0 
0.515512 0.0485625 0.0116375 0.002325 0.000425 5e-05 0 0 0 0 0 0 0 0 0 0 0 0 
0.4129 0.0222 0.00305 0.000275 3.75e-05 0 0 0 0 0 0 0 0 0 0 0 0 0 
0.3361 0.0099625 0.0007 5e-05 0 0 0 0 0 0 0 0 0 0 0 0 0 0 
0.27065 0.0042 0.000125 1.25e-05 0 0 0 0 0 0 0 0 0 0 0 0 0 0 
0.215788 0.001575 1.25e-05 0 0 0 0 0 0 0 0 0 0 0 0 0 0 0 
0.166025 0.000325 0 0 0 0 0 0 0 0 0 0 0 0 0 0 0 0 
0.127125 2.5e-05 0 0 0 0 0 0 0 0 0 0 0 0 0 0 0 0 
0.0936125 1.25e-05 0 0 0 0 0 0 0 0 0 0 0 0 0 0 0 0 
0.0649375 0 0 0 0 0 0 0 0 0 0 0 0 0 0 0 0 0 
0.0430625 0 0 0 0 0 0 0 0 0 0 0 0 0 0 0 0 0 
0.0267125 0 0 0 0 0 0 0 0 0 0 0 0 0 0 0 0 0 
0.0141625 0 0 0 0 0 0 0 0 0 0 0 0 0 0 0 0 0 
0.0063375 0 0 0 0 0 0 0 0 0 0 0 0 0 0 0 0 0 
0.0022875 0 0 0 0 0 0 0 0 0 0 0 0 0 0 0 0 0 
0.00055 0 0 0 0 0 0 0 0 0 0 0 0 0 0 0 0 0 
2.5e-05 0 0 0 0 0 0 0 0 0 0 0 0 0 0 0 0 0 

1 0.99805 0.996487 0.9879 0.978737 0.966737 0.951825 0.933187 0.908487 0.880362 0.845125 0.799837 0.745663 0.6824 0.60835 0.51885 0.410937 0.271912 
0.709125 0.1002 0.038225 0.017375 0.0083125 0.0046 0.0023875 0.0012125 0.000425 0.0001125 3.75e-05 1.25e-05 1.25e-05 0 0 0 0 0 
0.56055 0.028275 0.004525 0.0006625 8.75e-05 0 0 0 0 0 0 0 0 0 0 0 0 0 
0.458875 0.01235 0.0009875 5e-05 0 0 0 0 0 0 0 0 0 0 0 0 0 0 
0.377587 0.00525 0.000225 0 0 0 0 0 0 0 0 0 0 0 0 0 0 0 
0.30505 0.0023875 2.5e-05 0 0 0 0 0 0 0 0 0 0 0 0 0 0 0 
0.24495 0.000825 0 0 0 0 0 0 0 0 0 0 0 0 0 0 0 0 
0.190237 0.0002625 0 0 0 0 0 0 0 0 0 0 0 0 0 0 0 0 
0.14525 6.25e-05 0 0 0 0 0 0 0 0 0 0 0 0 0 0 0 0 
0.107225 0 0 0 0 0 0 0 0 0 0 0 0 0 0 0 0 0 
0.0758875 0 0 0 0 0 0 0 0 0 0 0 0 0 0 0 0 0 
0.051 0 0 0 0 0 0 0 0 0 0 0 0 0 0 0 0 0 
0.031475 0 0 0 0 0 0 0 0 0 0 0 0 0 0 0 0 0 
0.017175 0 0 0 0 0 0 0 0 0 0 0 0 0 0 0 0 0 
0.0080875 0 0 0 0 0 0 0 0 0 0 0 0 0 0 0 0 0 
0.0030625 0 0 0 0 0 0 0 0 0 0 0 0 0 0 0 0 0 
0.0006875 0 0 0 0 0 0 0 0 0 0 0 0 0 0 0 0 0 
3.75e-05 0 0 0 0 0 0 0 0 0 0 0 0 0 0 0 0 0 

1 0.998712 0.997262 0.99185 0.985625 0.977787 0.967887 0.955725 0.94 0.921088 0.898475 0.871475 0.836275 0.796537 0.744775 0.6796 0.591163 0.450337 
0.54235 8.75e-05 0 0 0 0 0 0 0 0 0 0 0 0 0 0 0 0 
0.406525 0 0 0 0 0 0 0 0 0 0 0 0 0 0 0 0 0 
0.324862 0 0 0 0 0 0 0 0 0 0 0 0 0 0 0 0 0 
0.262612 0 0 0 0 0 0 0 0 0 0 0 0 0 0 0 0 0 
0.21155 0 0 0 0 0 0 0 0 0 0 0 0 0 0 0 0 0 
0.17175 0 0 0 0 0 0 0 0 0 0 0 0 0 0 0 0 0 
0.136125 0 0 0 0 0 0 0 0 0 0 0 0 0 0 0 0 0 
0.106762 0 0 0 0 0 0 0 0 0 0 0 0 0 0 0 0 0 
0.080575 0 0 0 0 0 0 0 0 0 0 0 0 0 0 0 0 0 
0.0593625 0 0 0 0 0 0 0 0 0 0 0 0 0 0 0 0 0 
0.040775 0 0 0 0 0 0 0 0 0 0 0 0 0 0 0 0 0 
0.0258625 0 0 0 0 0 0 0 0 0 0 0 0 0 0 0 0 0 
0.014775 0 0 0 0 0 0 0 0 0 0 0 0 0 0 0 0 0 
0.0075375 0 0 0 0 0 0 0 0 0 0 0 0 0 0 0 0 0 
0.0030875 0 0 0 0 0 0 0 0 0 0 0 0 0 0 0 0 0 
0.0007125 0 0 0 0 0 0 0 0 0 0 0 0 0 0 0 0 0 
0.0001125 0 0 0 0 0 0 0 0 0 0 0 0 0 0 0 0 0 

----------------------------------------------------------------------------------------------------------------------------------------------------------------------------------------------------------------------------------------------------------------------------------------------------------------------------------------------------------------------------------------------------------------

0 0 0 0 0 0 0 0 0 0 0 0 0 0 0 0 0 0 
0 0 0 0 0 0 0 0 0 0 0 0 0 0 0 0 0 0 
0 0 0 0 0 0 0 0 0 0 0 0 0 0 0 0 0 0 
0 0 0 0 0 0 0 0 0 0 0 0 0 0 0 0 0 0 
0 0 0 0 0 0 0 0 0 0 0 0 0 0 0 0 0 0 
0 0 0 0 0 0 0 0 0 0 0 0 0 0 0 0 0 0 
0 0 0 0 0 0 0 0 0 0 0 0 0 0 0 0 0 0 
0 0 0 0 0 0 0 0 0 0 0 0 0 0 0 0 0 0 
0 0 0 0 0 0 0 0 0 0 0 0 0 0 0 0 0 0 
0 0 0 0 0 0 0 0 0 0 0 0 0 0 0 0 0 0 
0 0 0 0 0 0 0 0 0 0 0 0 0 0 0 0 0 0 
0 0 0 0 0 0 0 0 0 0 0 0 0 0 0 0 0 0 
0 0 0 0 0 0 0 0 0 0 0 0 0 0 0 0 0 0 
0 0 0 0 0 0 0 0 0 0 0 0 0 0 0 0 0 0 
0 0 0 0 0 0 0 0 0 0 0 0 0 0 0 0 0 0 
0 0 0 0 0 0 0 0 0 0 0 0 0 0 0 0 0 0 
0 0 0 0 0 0 0 0 0 0 0 0 0 0 0 0 0 0 
0 0 0 0 0 0 0 0 0 0 0 0 0 0 0 0 0 0 

0 0 0 0 0 0 0 0 0 0 0 0 0 0 0 0 0 0 
0 0 0 0 0 0 0 0 0 0 0 0 0 0 0 0 0 0 
0 0 0 0 0 0 0 0 0 0 0 0 0 0 0 0 0 0 
0 0 0 0 0 0 0 0 0 0 0 0 0 0 0 0 0 0 
0 0 0 0 0 0 0 0 0 0 0 0 0 0 0 0 0 0 
0 0 0 0 0 0 0 0 0 0 0 0 0 0 0 0 0 0 
0 0 0 0 0 0 0 0 0 0 0 0 0 0 0 0 0 0 
0 0 0 0 0 0 0 0 0 0 0 0 0 0 0 0 0 0 
0 0 0 0 0 0 0 0 0 0 0 0 0 0 0 0 0 0 
0 0 0 0 0 0 0 0 0 0 0 0 0 0 0 0 0 0 
0 0 0 0 0 0 0 0 0 0 0 0 0 0 0 0 0 0 
0 0 0 0 0 0 0 0 0 0 0 0 0 0 0 0 0 0 
0 0 0 0 0 0 0 0 0 0 0 0 0 0 0 0 0 0 
0 0 0 0 0 0 0 0 0 0 0 0 0 0 0 0 0 0 
0 0 0 0 0 0 0 0 0 0 0 0 0 0 0 0 0 0 
0 0 0 0 0 0 0 0 0 0 0 0 0 0 0 0 0 0 
0 0 0 0 0 0 0 0 0 0 0 0 0 0 0 0 0 0 
0 0 0 0 0 0 0 0 0 0 0 0 0 0 0 0 0 0 

1 0.998275 0.995775 0.986075 0.972675 0.955525 0.933225 0.9064 0.8728 0.8305 0.787125 0.73675 0.675125 0.606775 0.53035 0.44665 0.346475 0.233775 
0.740275 0.295575 0.160325 0.088225 0.05175 0.03115 0.01675 0.0079 0.0029 0.0006 0.0002 0 0 0 0 0 0 0 
0.5854 0.1193 0.03315 0.007225 0.001575 0.00025 2.5e-05 0 0 0 0 0 0 0 0 0 0 0 
0.4717 0.057075 0.009475 0.00055 5e-05 0 0 0 0 0 0 0 0 0 0 0 0 0 
0.377625 0.026525 0.002325 7.5e-05 0 0 0 0 0 0 0 0 0 0 0 0 0 0 
0.299025 0.0115 0.0004 0 0 0 0 0 0 0 0 0 0 0 0 0 0 0 
0.233625 0.00405 0 0 0 0 0 0 0 0 0 0 0 0 0 0 0 0 
0.1751 0.001175 0 0 0 0 0 0 0 0 0 0 0 0 0 0 0 0 
0.129925 0.00015 0 0 0 0 0 0 0 0 0 0 0 0 0 0 0 0 
0.09355 2.5e-05 0 0 0 0 0 0 0 0 0 0 0 0 0 0 0 0 
0.06505 0 0 0 0 0 0 0 0 0 0 0 0 0 0 0 0 0 
0.04135 0 0 0 0 0 0 0 0 0 0 0 0 0 0 0 0 0 
0.023775 0 0 0 0 0 0 0 0 0 0 0 0 0 0 0 0 0 
0.012025 0 0 0 0 0 0 0 0 0 0 0 0 0 0 0 0 0 
0.004775 0 0 0 0 0 0 0 0 0 0 0 0 0 0 0 0 0 
0.001975 0 0 0 0 0 0 0 0 0 0 0 0 0 0 0 0 0 
0.000275 0 0 0 0 0 0 0 0 0 0 0 0 0 0 0 0 0 
0 0 0 0 0 0 0 0 0 0 0 0 0 0 0 0 0 0 

1 0.9983 0.996825 0.991275 0.985025 0.975875 0.9651 0.9521 0.9368 0.9169 0.8895 0.858375 0.824575 0.77815 0.721775 0.652175 0.559325 0.415725 
0.575975 0.003375 0.000575 0.000375 7.5e-05 0.0001 5e-05 0 0 0 0 0 0 0 0 0 0 0 
0.4386 0.0006 2.5e-05 0 0 0 0 0 0 0 0 0 0 0 0 0 0 0 
0.35085 0.000225 0 0 0 0 0 0 0 0 0 0 0 0 0 0 0 0 
0.284 0.00015 0 0 0 0 0 0 0 0 0 0 0 0 0 0 0 0 
0.229925 7.5e-05 0 0 0 0 0 0 0 0 0 0 0 0 0 0 0 0 
0.186425 2.5e-05 0 0 0 0 0 0 0 0 0 0 0 0 0 0 0 0 
0.147825 2.5e-05 0 0 0 0 0 0 0 0 0 0 0 0 0 0 0 0 
0.114925 0 0 0 0 0 0 0 0 0 0 0 0 0 0 0 0 0 
0.08625 2.5e-05 0 0 0 0 0 0 0 0 0 0 0 0 0 0 0 0 
0.062725 0 0 0 0 0 0 0 0 0 0 0 0 0 0 0 0 0 
0.0431 0 0 0 0 0 0 0 0 0 0 0 0 0 0 0 0 0 
0.0279 0 0 0 0 0 0 0 0 0 0 0 0 0 0 0 0 0 
0.016 0 0 0 0 0 0 0 0 0 0 0 0 0 0 0 0 0 
0.008075 0 0 0 0 0 0 0 0 0 0 0 0 0 0 0 0 0 
0.003175 0 0 0 0 0 0 0 0 0 0 0 0 0 0 0 0 0 
0.00065 0 0 0 0 0 0 0 0 0 0 0 0 0 0 0 0 0 
0.0001 0 0 0 0 0 0 0 0 0 0 0 0 0 0 0 0 0 

1 0.99805 0.9961 0.987175 0.974625 0.959975 0.9414 0.916275 0.88425 0.846325 0.7997 0.74325 0.6785 0.6033 0.5205 0.42455 0.317375 0.195775 
0.78015 0.21525 0.0974 0.04825 0.0254 0.0144 0.0073 0.0034 0.001075 0.0002 5e-05 0 0 0 0 0 0 0 
0.6318 0.071325 0.013675 0.002275 0.000275 5e-05 0 0 0 0 0 0 0 0 0 0 0 0 
0.51905 0.0319 0.003125 0.00015 0 0 0 0 0 0 0 0 0 0 0 0 0 0 
0.4282 0.014475 0.0007 2.5e-05 0 0 0 0 0 0 0 0 0 0 0 0 0 0 
0.346125 0.005825 0.000125 0 0 0 0 0 0 0 0 0 0 0 0 0 0 0 
0.2741 0.001975 2.5e-05 0 0 0 0 0 0 0 0 0 0 0 0 0 0 0 
0.213525 0.000475 0 0 0 0 0 0 0 0 0 0 0 0 0 0 0 0 
0.158975 5e-05 0 0 0 0 0 0 0 0 0 0 0 0 0 0 0 0 
0.113975 2.5e-05 0 0 0 0 0 0 0 0 0 0 0 0 0 0 0 0 
0.08 0 0 0 0 0 0 0 0 0 0 0 0 0 0 0 0 0 
0.051525 0 0 0 0 0 0 0 0 0 0 0 0 0 0 0 0 0 
0.030375 0 0 0 0 0 0 0 0 0 0 0 0 0 0 0 0 0 
0.016375 0 0 0 0 0 0 0 0 0 0 0 0 0 0 0 0 0 
0.00705 0 0 0 0 0 0 0 0 0 0 0 0 0 0 0 0 0 
0.002025 0 0 0 0 0 0 0 0 0 0 0 0 0 0 0 0 0 
0.00035 0 0 0 0 0 0 0 0 0 0 0 0 0 0 0 0 0 
7.5e-05 0 0 0 0 0 0 0 0 0 0 0 0 0 0 0 0 0 

1 0.998375 0.9967 0.989975 0.981975 0.972875 0.962475 0.94825 0.9312 0.907725 0.8811 0.844375 0.804575 0.750425 0.6894 0.614275 0.514325 0.363275 
0.625375 0.000725 0.000175 7.5e-05 0 0 0 0 0 0 0 0 0 0 0 0 0 0 
0.482675 7.5e-05 0 0 0 0 0 0 0 0 0 0 0 0 0 0 0 0 
0.3878 5e-05 0 0 0 0 0 0 0 0 0 0 0 0 0 0 0 0 
0.319675 2.5e-05 0 0 0 0 0 0 0 0 0 0 0 0 0 0 0 0 
0.258975 0 0 0 0 0 0 0 0 0 0 0 0 0 0 0 0 0 
0.2083 0 0 0 0 0 0 0 0 0 0 0 0 0 0 0 0 0 
0.1634 0 0 0 0 0 0 0 0 0 0 0 0 0 0 0 0 0 
0.127525 0 0 0 0 0 0 0 0 0 0 0 0 0 0 0 0 0 
0.095725 0 0 0 0 0 0 0 0 0 0 0 0 0 0 0 0 0 
0.0691 0 0 0 0 0 0 0 0 0 0 0 0 0 0 0 0 0 
0.04785 0 0 0 0 0 0 0 0 0 0 0 0 0 0 0 0 0 
0.030625 0 0 0 0 0 0 0 0 0 0 0 0 0 0 0 0 0 
0.017325 0 0 0 0 0 0 0 0 0 0 0 0 0 0 0 0 0 
0.008675 0 0 0 0 0 0 0 0 0 0 0 0 0 0 0 0 0 
0.003775 0 0 0 0 0 0 0 0 0 0 0 0 0 0 0 0 0 
0.000725 0 0 0 0 0 0 0 0 0 0 0 0 0 0 0 0 0 
5e-05 0 0 0 0 0 0 0 0 0 0 0 0 0 0 0 0 0 

1 0.9985 0.99705 0.990625 0.98275 0.973825 0.960575 0.946625 0.9284 0.905975 0.877125 0.843925 0.80295 0.752225 0.690975 0.6134 0.51135 0.362525 
0.626775 0.00045 2.5e-05 0 0 0 0 0 0 0 0 0 0 0 0 0 0 0 
0.4836 5e-05 0 0 0 0 0 0 0 0 0 0 0 0 0 0 0 0 
0.39055 0 0 0 0 0 0 0 0 0 0 0 0 0 0 0 0 0 
0.318325 0 0 0 0 0 0 0 0 0 0 0 0 0 0 0 0 0 
0.257425 0 0 0 0 0 0 0 0 0 0 0 0 0 0 0 0 0 
0.20645 0 0 0 0 0 0 0 0 0 0 0 0 0 0 0 0 0 
0.16555 0 0 0 0 0 0 0 0 0 0 0 0 0 0 0 0 0 
0.129325 0 0 0 0 0 0 0 0 0 0 0 0 0 0 0 0 0 
0.0969 0 0 0 0 0 0 0 0 0 0 0 0 0 0 0 0 0 
0.071825 0 0 0 0 0 0 0 0 0 0 0 0 0 0 0 0 0 
0.04985 0 0 0 0 0 0 0 0 0 0 0 0 0 0 0 0 0 
0.032125 0 0 0 0 0 0 0 0 0 0 0 0 0 0 0 0 0 
0.0186 0 0 0 0 0 0 0 0 0 0 0 0 0 0 0 0 0 
0.009375 0 0 0 0 0 0 0 0 0 0 0 0 0 0 0 0 0 
0.00325 0 0 0 0 0 0 0 0 0 0 0 0 0 0 0 0 0 
0.0007 0 0 0 0 0 0 0 0 0 0 0 0 0 0 0 0 0 
5e-05 0 0 0 0 0 0 0 0 0 0 0 0 0 0 0 0 0 

1 0.998975 0.9975 0.993225 0.988925 0.981125 0.97195 0.963 0.9495 0.93435 0.91605 0.890975 0.86335 0.828 0.786925 0.7303 0.6553 0.528225 
0.466575 0 0 0 0 0 0 0 0 0 0 0 0 0 0 0 0 0 
0.34465 0 0 0 0 0 0 0 0 0 0 0 0 0 0 0 0 0 
0.272575 0 0 0 0 0 0 0 0 0 0 0 0 0 0 0 0 0 
0.21925 0 0 0 0 0 0 0 0 0 0 0 0 0 0 0 0 0 
0.180225 0 0 0 0 0 0 0 0 0 0 0 0 0 0 0 0 0 
0.144 0 0 0 0 0 0 0 0 0 0 0 0 0 0 0 0 0 
0.115125 0 0 0 0 0 0 0 0 0 0 0 0 0 0 0 0 0 
0.08935 0 0 0 0 0 0 0 0 0 0 0 0 0 0 0 0 0 
0.066175 0 0 0 0 0 0 0 0 0 0 0 0 0 0 0 0 0 
0.0472 0 0 0 0 0 0 0 0 0 0 0 0 0 0 0 0 0 
0.032775 0 0 0 0 0 0 0 0 0 0 0 0 0 0 0 0 0 
0.022025 0 0 0 0 0 0 0 0 0 0 0 0 0 0 0 0 0 
0.012475 0 0 0 0 0 0 0 0 0 0 0 0 0 0 0 0 0 
0.00665 0 0 0 0 0 0 0 0 0 0 0 0 0 0 0 0 0 
0.002575 0 0 0 0 0 0 0 0 0 0 0 0 0 0 0 0 0 
0.00065 0 0 0 0 0 0 0 0 0 0 0 0 0 0 0 0 0 
5e-05 0 0 0 0 0 0 0 0 0 0 0 0 0 0 0 0 0 

----------------------------------------------------------------------------------------------------------------------------------------------------------------------------------------------------------------------------------------------------------------------------------------------------------------------------------------------------------------------------------------------------------------

0 0 0 0 0 0 0 0 0 0 0 0 0 0 0 0 0 0 
0 0 0 0 0 0 0 0 0 0 0 0 0 0 0 0 0 0 
0 0 0 0 0 0 0 0 0 0 0 0 0 0 0 0 0 0 
0 0 0 0 0 0 0 0 0 0 0 0 0 0 0 0 0 0 
0 0 0 0 0 0 0 0 0 0 0 0 0 0 0 0 0 0 
0 0 0 0 0 0 0 0 0 0 0 0 0 0 0 0 0 0 
0 0 0 0 0 0 0 0 0 0 0 0 0 0 0 0 0 0 
0 0 0 0 0 0 0 0 0 0 0 0 0 0 0 0 0 0 
0 0 0 0 0 0 0 0 0 0 0 0 0 0 0 0 0 0 
0 0 0 0 0 0 0 0 0 0 0 0 0 0 0 0 0 0 
0 0 0 0 0 0 0 0 0 0 0 0 0 0 0 0 0 0 
0 0 0 0 0 0 0 0 0 0 0 0 0 0 0 0 0 0 
0 0 0 0 0 0 0 0 0 0 0 0 0 0 0 0 0 0 
0 0 0 0 0 0 0 0 0 0 0 0 0 0 0 0 0 0 
0 0 0 0 0 0 0 0 0 0 0 0 0 0 0 0 0 0 
0 0 0 0 0 0 0 0 0 0 0 0 0 0 0 0 0 0 
0 0 0 0 0 0 0 0 0 0 0 0 0 0 0 0 0 0 
0 0 0 0 0 0 0 0 0 0 0 0 0 0 0 0 0 0 

0 0 0 0 0 0 0 0 0 0 0 0 0 0 0 0 0 0 
0 0 0 0 0 0 0 0 0 0 0 0 0 0 0 0 0 0 
0 0 0 0 0 0 0 0 0 0 0 0 0 0 0 0 0 0 
0 0 0 0 0 0 0 0 0 0 0 0 0 0 0 0 0 0 
0 0 0 0 0 0 0 0 0 0 0 0 0 0 0 0 0 0 
0 0 0 0 0 0 0 0 0 0 0 0 0 0 0 0 0 0 
0 0 0 0 0 0 0 0 0 0 0 0 0 0 0 0 0 0 
0 0 0 0 0 0 0 0 0 0 0 0 0 0 0 0 0 0 
0 0 0 0 0 0 0 0 0 0 0 0 0 0 0 0 0 0 
0 0 0 0 0 0 0 0 0 0 0 0 0 0 0 0 0 0 
0 0 0 0 0 0 0 0 0 0 0 0 0 0 0 0 0 0 
0 0 0 0 0 0 0 0 0 0 0 0 0 0 0 0 0 0 
0 0 0 0 0 0 0 0 0 0 0 0 0 0 0 0 0 0 
0 0 0 0 0 0 0 0 0 0 0 0 0 0 0 0 0 0 
0 0 0 0 0 0 0 0 0 0 0 0 0 0 0 0 0 0 
0 0 0 0 0 0 0 0 0 0 0 0 0 0 0 0 0 0 
0 0 0 0 0 0 0 0 0 0 0 0 0 0 0 0 0 0 
0 0 0 0 0 0 0 0 0 0 0 0 0 0 0 0 0 0 

0 0 0 0 0 0 0 0 0 0 0 0 0 0 0 0 0 0 
0 0 0 0 0 0 0 0 0 0 0 0 0 0 0 0 0 0 
0 0 0 0 0 0 0 0 0 0 0 0 0 0 0 0 0 0 
0 0 0 0 0 0 0 0 0 0 0 0 0 0 0 0 0 0 
0 0 0 0 0 0 0 0 0 0 0 0 0 0 0 0 0 0 
0 0 0 0 0 0 0 0 0 0 0 0 0 0 0 0 0 0 
0 0 0 0 0 0 0 0 0 0 0 0 0 0 0 0 0 0 
0 0 0 0 0 0 0 0 0 0 0 0 0 0 0 0 0 0 
0 0 0 0 0 0 0 0 0 0 0 0 0 0 0 0 0 0 
0 0 0 0 0 0 0 0 0 0 0 0 0 0 0 0 0 0 
0 0 0 0 0 0 0 0 0 0 0 0 0 0 0 0 0 0 
0 0 0 0 0 0 0 0 0 0 0 0 0 0 0 0 0 0 
0 0 0 0 0 0 0 0 0 0 0 0 0 0 0 0 0 0 
0 0 0 0 0 0 0 0 0 0 0 0 0 0 0 0 0 0 
0 0 0 0 0 0 0 0 0 0 0 0 0 0 0 0 0 0 
0 0 0 0 0 0 0 0 0 0 0 0 0 0 0 0 0 0 
0 0 0 0 0 0 0 0 0 0 0 0 0 0 0 0 0 0 
0 0 0 0 0 0 0 0 0 0 0 0 0 0 0 0 0 0 

1 0.9988 0.99695 0.9911 0.98545 0.9748 0.961 0.94895 0.9298 0.9086 0.88235 0.8516 0.8148 0.76775 0.7145 0.64425 0.55175 0.4156 
0.5723 0.0652 0.0285 0.0148 0.0074 0.00435 0.0021 0.0012 0.0006 0 0 0 0 0 0 0 0 0 
0.42995 0.01895 0.0038 0.00065 0.00025 5e-05 0 0 0 0 0 0 0 0 0 0 0 0 
0.3402 0.00835 0.001 5e-05 0 0 0 0 0 0 0 0 0 0 0 0 0 0 
0.2735 0.0042 0.0004 0 0 0 0 0 0 0 0 0 0 0 0 0 0 0 
0.22455 0.002 0.00015 0 0 0 0 0 0 0 0 0 0 0 0 0 0 0 
0.17675 0.00065 0 0 0 0 0 0 0 0 0 0 0 0 0 0 0 0 
0.1411 0.00015 0 0 0 0 0 0 0 0 0 0 0 0 0 0 0 0 
0.10905 0 0 0 0 0 0 0 0 0 0 0 0 0 0 0 0 0 
0.081 0 0 0 0 0 0 0 0 0 0 0 0 0 0 0 0 0 
0.0582 0 0 0 0 0 0 0 0 0 0 0 0 0 0 0 0 0 
0.04055 0 0 0 0 0 0 0 0 0 0 0 0 0 0 0 0 0 
0.02515 0 0 0 0 0 0 0 0 0 0 0 0 0 0 0 0 0 
0.0146 0 0 0 0 0 0 0 0 0 0 0 0 0 0 0 0 0 
0.0071 0 0 0 0 0 0 0 0 0 0 0 0 0 0 0 0 0 
0.00255 0 0 0 0 0 0 0 0 0 0 0 0 0 0 0 0 0 
0.0006 0 0 0 0 0 0 0 0 0 0 0 0 0 0 0 0 0 
0 0 0 0 0 0 0 0 0 0 0 0 0 0 0 0 0 0 

0 0 0 0 0 0 0 0 0 0 0 0 0 0 0 0 0 0 
0 0 0 0 0 0 0 0 0 0 0 0 0 0 0 0 0 0 
0 0 0 0 0 0 0 0 0 0 0 0 0 0 0 0 0 0 
0 0 0 0 0 0 0 0 0 0 0 0 0 0 0 0 0 0 
0 0 0 0 0 0 0 0 0 0 0 0 0 0 0 0 0 0 
0 0 0 0 0 0 0 0 0 0 0 0 0 0 0 0 0 0 
0 0 0 0 0 0 0 0 0 0 0 0 0 0 0 0 0 0 
0 0 0 0 0 0 0 0 0 0 0 0 0 0 0 0 0 0 
0 0 0 0 0 0 0 0 0 0 0 0 0 0 0 0 0 0 
0 0 0 0 0 0 0 0 0 0 0 0 0 0 0 0 0 0 
0 0 0 0 0 0 0 0 0 0 0 0 0 0 0 0 0 0 
0 0 0 0 0 0 0 0 0 0 0 0 0 0 0 0 0 0 
0 0 0 0 0 0 0 0 0 0 0 0 0 0 0 0 0 0 
0 0 0 0 0 0 0 0 0 0 0 0 0 0 0 0 0 0 
0 0 0 0 0 0 0 0 0 0 0 0 0 0 0 0 0 0 
0 0 0 0 0 0 0 0 0 0 0 0 0 0 0 0 0 0 
0 0 0 0 0 0 0 0 0 0 0 0 0 0 0 0 0 0 
0 0 0 0 0 0 0 0 0 0 0 0 0 0 0 0 0 0 

1 0.99865 0.99675 0.9891 0.9815 0.97255 0.9608 0.9437 0.926 0.90025 0.8766 0.8391 0.7954 0.7468 0.6842 0.60735 0.50735 0.36185 
0.62735 0.01945 0.00455 0.00175 0.00085 0.00045 0.0002 5e-05 0 0 0 0 0 0 0 0 0 0 
0.4833 0.0038 0.0004 0 0 0 0 0 0 0 0 0 0 0 0 0 0 0 
0.38935 0.0014 0.0001 0 0 0 0 0 0 0 0 0 0 0 0 0 0 0 
0.32255 0.0008 5e-05 0 0 0 0 0 0 0 0 0 0 0 0 0 0 0 
0.2637 0.0005 0 0 0 0 0 0 0 0 0 0 0 0 0 0 0 0 
0.21215 0.0002 0 0 0 0 0 0 0 0 0 0 0 0 0 0 0 0 
0.16635 5e-05 0 0 0 0 0 0 0 0 0 0 0 0 0 0 0 0 
0.13045 0 0 0 0 0 0 0 0 0 0 0 0 0 0 0 0 0 
0.09615 0 0 0 0 0 0 0 0 0 0 0 0 0 0 0 0 0 
0.0717 0 0 0 0 0 0 0 0 0 0 0 0 0 0 0 0 0 
0.0509 0 0 0 0 0 0 0 0 0 0 0 0 0 0 0 0 0 
0.03195 0 0 0 0 0 0 0 0 0 0 0 0 0 0 0 0 0 
0.01855 0 0 0 0 0 0 0 0 0 0 0 0 0 0 0 0 0 
0.00945 0 0 0 0 0 0 0 0 0 0 0 0 0 0 0 0 0 
0.0029 0 0 0 0 0 0 0 0 0 0 0 0 0 0 0 0 0 
0.00065 0 0 0 0 0 0 0 0 0 0 0 0 0 0 0 0 0 
0 0 0 0 0 0 0 0 0 0 0 0 0 0 0 0 0 0 

1 0.999 0.99665 0.9899 0.98295 0.97235 0.96115 0.94465 0.9248 0.90075 0.8663 0.835 0.79435 0.73945 0.67435 0.5951 0.49085 0.34445 
0.64495 0.00925 0.00225 0.0005 0.00025 0.00015 0.0001 0 0 0 0 0 0 0 0 0 0 0 
0.5026 0.0018 0.0001 0 0 0 0 0 0 0 0 0 0 0 0 0 0 0 
0.4087 0.00045 0 0 0 0 0 0 0 0 0 0 0 0 0 0 0 0 
0.33125 0.00025 0 0 0 0 0 0 0 0 0 0 0 0 0 0 0 0 
0.26965 0.0002 0 0 0 0 0 0 0 0 0 0 0 0 0 0 0 0 
0.21745 5e-05 0 0 0 0 0 0 0 0 0 0 0 0 0 0 0 0 
0.1752 5e-05 0 0 0 0 0 0 0 0 0 0 0 0 0 0 0 0 
0.13555 0 0 0 0 0 0 0 0 0 0 0 0 0 0 0 0 0 
0.1025 0 0 0 0 0 0 0 0 0 0 0 0 0 0 0 0 0 
0.07285 0 0 0 0 0 0 0 0 0 0 0 0 0 0 0 0 0 
0.0491 0 0 0 0 0 0 0 0 0 0 0 0 0 0 0 0 0 
0.0317 0 0 0 0 0 0 0 0 0 0 0 0 0 0 0 0 0 
0.01785 0 0 0 0 0 0 0 0 0 0 0 0 0 0 0 0 0 
0.0084 0 0 0 0 0 0 0 0 0 0 0 0 0 0 0 0 0 
0.0039 0 0 0 0 0 0 0 0 0 0 0 0 0 0 0 0 0 
0.00075 0 0 0 0 0 0 0 0 0 0 0 0 0 0 0 0 0 
0.00015 0 0 0 0 0 0 0 0 0 0 0 0 0 0 0 0 0 

1 0.9983 0.99785 0.99175 0.98675 0.9776 0.9687 0.95625 0.9444 0.9266 0.9057 0.88245 0.84855 0.8082 0.76675 0.70945 0.62725 0.49395 
0.50035 0 0 0 0 0 0 0 0 0 0 0 0 0 0 0 0 0 
0.3742 0 0 0 0 0 0 0 0 0 0 0 0 0 0 0 0 0 
0.2942 0 0 0 0 0 0 0 0 0 0 0 0 0 0 0 0 0 
0.2397 0 0 0 0 0 0 0 0 0 0 0 0 0 0 0 0 0 
0.19695 0 0 0 0 0 0 0 0 0 0 0 0 0 0 0 0 0 
0.15815 0 0 0 0 0 0 0 0 0 0 0 0 0 0 0 0 0 
0.12665 0 0 0 0 0 0 0 0 0 0 0 0 0 0 0 0 0 
0.09745 0 0 0 0 0 0 0 0 0 0 0 0 0 0 0 0 0 
0.07325 0 0 0 0 0 0 0 0 0 0 0 0 0 0 0 0 0 
0.0548 0 0 0 0 0 0 0 0 0 0 0 0 0 0 0 0 0 
0.03855 0 0 0 0 0 0 0 0 0 0 0 0 0 0 0 0 0 
0.0261 0 0 0 0 0 0 0 0 0 0 0 0 0 0 0 0 0 
0.01675 0 0 0 0 0 0 0 0 0 0 0 0 0 0 0 0 0 
0.00845 0 0 0 0 0 0 0 0 0 0 0 0 0 0 0 0 0 
0.0032 0 0 0 0 0 0 0 0 0 0 0 0 0 0 0 0 0 
0.0007 0 0 0 0 0 0 0 0 0 0 0 0 0 0 0 0 0 
5e-05 0 0 0 0 0 0 0 0 0 0 0 0 0 0 0 0 0 

0 0 0 0 0 0 0 0 0 0 0 0 0 0 0 0 0 0 
0 0 0 0 0 0 0 0 0 0 0 0 0 0 0 0 0 0 
0 0 0 0 0 0 0 0 0 0 0 0 0 0 0 0 0 0 
0 0 0 0 0 0 0 0 0 0 0 0 0 0 0 0 0 0 
0 0 0 0 0 0 0 0 0 0 0 0 0 0 0 0 0 0 
0 0 0 0 0 0 0 0 0 0 0 0 0 0 0 0 0 0 
0 0 0 0 0 0 0 0 0 0 0 0 0 0 0 0 0 0 
0 0 0 0 0 0 0 0 0 0 0 0 0 0 0 0 0 0 
0 0 0 0 0 0 0 0 0 0 0 0 0 0 0 0 0 0 
0 0 0 0 0 0 0 0 0 0 0 0 0 0 0 0 0 0 
0 0 0 0 0 0 0 0 0 0 0 0 0 0 0 0 0 0 
0 0 0 0 0 0 0 0 0 0 0 0 0 0 0 0 0 0 
0 0 0 0 0 0 0 0 0 0 0 0 0 0 0 0 0 0 
0 0 0 0 0 0 0 0 0 0 0 0 0 0 0 0 0 0 
0 0 0 0 0 0 0 0 0 0 0 0 0 0 0 0 0 0 
0 0 0 0 0 0 0 0 0 0 0 0 0 0 0 0 0 0 
0 0 0 0 0 0 0 0 0 0 0 0 0 0 0 0 0 0 
0 0 0 0 0 0 0 0 0 0 0 0 0 0 0 0 0 0 

1 0.99805 0.99555 0.98825 0.9808 0.96845 0.95595 0.9396 0.914 0.88925 0.85435 0.8153 0.765 0.706 0.63555 0.547 0.4408 0.29385 
0.69385 0.0046 0.00055 0.00015 0.0001 5e-05 0 5e-05 5e-05 0 0 0 0 0 0 0 0 0 
0.5527 0.00065 0 0 0 0 0 0 0 0 0 0 0 0 0 0 0 0 
0.45235 0.0002 0 0 0 0 0 0 0 0 0 0 0 0 0 0 0 0 
0.37235 0.00015 0 0 0 0 0 0 0 0 0 0 0 0 0 0 0 0 
0.30695 0.00015 0 0 0 0 0 0 0 0 0 0 0 0 0 0 0 0 
0.24755 5e-05 0 0 0 0 0 0 0 0 0 0 0 0 0 0 0 0 
0.1966 5e-05 0 0 0 0 0 0 0 0 0 0 0 0 0 0 0 0 
0.15315 0 0 0 0 0 0 0 0 0 0 0 0 0 0 0 0 0 
0.1161 0 0 0 0 0 0 0 0 0 0 0 0 0 0 0 0 0 
0.08465 0 0 0 0 0 0 0 0 0 0 0 0 0 0 0 0 0 
0.05705 0 0 0 0 0 0 0 0 0 0 0 0 0 0 0 0 0 
0.0359 0 0 0 0 0 0 0 0 0 0 0 0 0 0 0 0 0 
0.0212 0 0 0 0 0 0 0 0 0 0 0 0 0 0 0 0 0 
0.01005 0 0 0 0 0 0 0 0 0 0 0 0 0 0 0 0 0 
0.0039 0 0 0 0 0 0 0 0 0 0 0 0 0 0 0 0 0 
0.0009 0 0 0 0 0 0 0 0 0 0 0 0 0 0 0 0 0 
0.0002 0 0 0 0 0 0 0 0 0 0 0 0 0 0 0 0 0 

1 0.99855 0.9965 0.9894 0.9813 0.97145 0.95555 0.93885 0.9176 0.8916 0.8574 0.81745 0.76825 0.70795 0.6389 0.5474 0.43255 0.28115 
0.70615 0.0029 0.00035 0.0001 5e-05 5e-05 5e-05 0 0 0 0 0 0 0 0 0 0 0 
0.55605 0.00015 0 0 0 0 0 0 0 0 0 0 0 0 0 0 0 0 
0.4554 5e-05 0 0 0 0 0 0 0 0 0 0 0 0 0 0 0 0 
0.37375 0 0 0 0 0 0 0 0 0 0 0 0 0 0 0 0 0 
0.30595 0 0 0 0 0 0 0 0 0 0 0 0 0 0 0 0 0 
0.24525 0 0 0 0 0 0 0 0 0 0 0 0 0 0 0 0 0 
0.19415 0 0 0 0 0 0 0 0 0 0 0 0 0 0 0 0 0 
0.14935 0 0 0 0 0 0 0 0 0 0 0 0 0 0 0 0 0 
0.1117 0 0 0 0 0 0 0 0 0 0 0 0 0 0 0 0 0 
0.0826 0 0 0 0 0 0 0 0 0 0 0 0 0 0 0 0 0 
0.0567 0 0 0 0 0 0 0 0 0 0 0 0 0 0 0 0 0 
0.03405 0 0 0 0 0 0 0 0 0 0 0 0 0 0 0 0 0 
0.02 0 0 0 0 0 0 0 0 0 0 0 0 0 0 0 0 0 
0.00905 0 0 0 0 0 0 0 0 0 0 0 0 0 0 0 0 0 
0.0036 0 0 0 0 0 0 0 0 0 0 0 0 0 0 0 0 0 
0.00065 0 0 0 0 0 0 0 0 0 0 0 0 0 0 0 0 0 
5e-05 0 0 0 0 0 0 0 0 0 0 0 0 0 0 0 0 0 

1 0.9986 0.99695 0.9916 0.98565 0.9777 0.9675 0.95355 0.9365 0.91915 0.89705 0.86575 0.8315 0.79115 0.7397 0.67215 0.58365 0.44525 
0.5489 0 0 0 0 0 0 0 0 0 0 0 0 0 0 0 0 0 
0.41205 0 0 0 0 0 0 0 0 0 0 0 0 0 0 0 0 0 
0.33235 0 0 0 0 0 0 0 0 0 0 0 0 0 0 0 0 0 
0.2689 0 0 0 0 0 0 0 0 0 0 0 0 0 0 0 0 0 
0.2181 0 0 0 0 0 0 0 0 0 0 0 0 0 0 0 0 0 
0.1738 0 0 0 0 0 0 0 0 0 0 0 0 0 0 0 0 0 
0.14175 0 0 0 0 0 0 0 0 0 0 0 0 0 0 0 0 0 
0.11005 0 0 0 0 0 0 0 0 0 0 0 0 0 0 0 0 0 
0.08295 0 0 0 0 0 0 0 0 0 0 0 0 0 0 0 0 0 
0.06025 0 0 0 0 0 0 0 0 0 0 0 0 0 0 0 0 0 
0.04315 0 0 0 0 0 0 0 0 0 0 0 0 0 0 0 0 0 
0.02805 0 0 0 0 0 0 0 0 0 0 0 0 0 0 0 0 0 
0.01475 0 0 0 0 0 0 0 0 0 0 0 0 0 0 0 0 0 
0.00745 0 0 0 0 0 0 0 0 0 0 0 0 0 0 0 0 0 
0.00325 0 0 0 0 0 0 0 0 0 0 0 0 0 0 0 0 0 
0.00065 0 0 0 0 0 0 0 0 0 0 0 0 0 0 0 0 0 
0.0002 0 0 0 0 0 0 0 0 0 0 0 0 0 0 0 0 0 

1 0.99805 0.99655 0.98835 0.9793 0.96805 0.9536 0.9384 0.9103 0.8876 0.8522 0.81195 0.76615 0.70695 0.634 0.55005 0.4406 0.28895 
0.6991 0.001 0.00025 5e-05 0 0 0 0 0 0 0 0 0 0 0 0 0 0 
0.5535 0.0001 0 0 0 0 0 0 0 0 0 0 0 0 0 0 0 0 
0.45405 5e-05 0 0 0 0 0 0 0 0 0 0 0 0 0 0 0 0 
0.37375 0 0 0 0 0 0 0 0 0 0 0 0 0 0 0 0 0 
0.30745 0 0 0 0 0 0 0 0 0 0 0 0 0 0 0 0 0 
0.2488 0 0 0 0 0 0 0 0 0 0 0 0 0 0 0 0 0 
0.1985 0 0 0 0 0 0 0 0 0 0 0 0 0 0 0 0 0 
0.15365 0 0 0 0 0 0 0 0 0 0 0 0 0 0 0 0 0 
0.1174 0 0 0 0 0 0 0 0 0 0 0 0 0 0 0 0 0 
0.08605 0 0 0 0 0 0 0 0 0 0 0 0 0 0 0 0 0 
0.059 0 0 0 0 0 0 0 0 0 0 0 0 0 0 0 0 0 
0.03945 0 0 0 0 0 0 0 0 0 0 0 0 0 0 0 0 0 
0.02085 0 0 0 0 0 0 0 0 0 0 0 0 0 0 0 0 0 
0.01115 0 0 0 0 0 0 0 0 0 0 0 0 0 0 0 0 0 
0.00395 0 0 0 0 0 0 0 0 0 0 0 0 0 0 0 0 0 
0.00075 0 0 0 0 0 0 0 0 0 0 0 0 0 0 0 0 0 
0.0001 0 0 0 0 0 0 0 0 0 0 0 0 0 0 0 0 0 

1 0.9986 0.99675 0.992 0.9856 0.97525 0.9667 0.9516 0.9384 0.9196 0.89705 0.8644 0.8358 0.79295 0.7418 0.6772 0.5883 0.4486 
0.54485 0 0 0 0 0 0 0 0 0 0 0 0 0 0 0 0 0 
0.4105 0 0 0 0 0 0 0 0 0 0 0 0 0 0 0 0 0 
0.32785 0 0 0 0 0 0 0 0 0 0 0 0 0 0 0 0 0 
0.26175 0 0 0 0 0 0 0 0 0 0 0 0 0 0 0 0 0 
0.214 0 0 0 0 0 0 0 0 0 0 0 0 0 0 0 0 0 
0.1762 0 0 0 0 0 0 0 0 0 0 0 0 0 0 0 0 0 
0.1397 0 0 0 0 0 0 0 0 0 0 0 0 0 0 0 0 0 
0.10755 0 0 0 0 0 0 0 0 0 0 0 0 0 0 0 0 0 
0.0834 0 0 0 0 0 0 0 0 0 0 0 0 0 0 0 0 0 
0.0614 0 0 0 0 0 0 0 0 0 0 0 0 0 0 0 0 0 
0.0446 0 0 0 0 0 0 0 0 0 0 0 0 0 0 0 0 0 
0.02855 0 0 0 0 0 0 0 0 0 0 0 0 0 0 0 0 0 
0.0163 0 0 0 0 0 0 0 0 0 0 0 0 0 0 0 0 0 
0.0084 0 0 0 0 0 0 0 0 0 0 0 0 0 0 0 0 0 
0.0033 0 0 0 0 0 0 0 0 0 0 0 0 0 0 0 0 0 
0.00105 0 0 0 0 0 0 0 0 0 0 0 0 0 0 0 0 0 
0 0 0 0 0 0 0 0 0 0 0 0 0 0 0 0 0 0 

1 0.9989 0.9981 0.9921 0.98455 0.977 0.9669 0.95375 0.93925 0.92145 0.89985 0.8708 0.83465 0.79335 0.74045 0.67475 0.58935 0.4496 
0.5443 0 0 0 0 0 0 0 0 0 0 0 0 0 0 0 0 0 
0.40875 0 0 0 0 0 0 0 0 0 0 0 0 0 0 0 0 0 
0.328 0 0 0 0 0 0 0 0 0 0 0 0 0 0 0 0 0 
0.266 0 0 0 0 0 0 0 0 0 0 0 0 0 0 0 0 0 
0.2151 0 0 0 0 0 0 0 0 0 0 0 0 0 0 0 0 0 
0.17275 0 0 0 0 0 0 0 0 0 0 0 0 0 0 0 0 0 
0.1376 0 0 0 0 0 0 0 0 0 0 0 0 0 0 0 0 0 
0.10735 0 0 0 0 0 0 0 0 0 0 0 0 0 0 0 0 0 
0.0777 0 0 0 0 0 0 0 0 0 0 0 0 0 0 0 0 0 
0.05885 0 0 0 0 0 0 0 0 0 0 0 0 0 0 0 0 0 
0.0425 0 0 0 0 0 0 0 0 0 0 0 0 0 0 0 0 0 
0.0271 0 0 0 0 0 0 0 0 0 0 0 0 0 0 0 0 0 
0.01645 0 0 0 0 0 0 0 0 0 0 0 0 0 0 0 0 0 
0.0084 0 0 0 0 0 0 0 0 0 0 0 0 0 0 0 0 0 
0.0034 0 0 0 0 0 0 0 0 0 0 0 0 0 0 0 0 0 
0.0009 0 0 0 0 0 0 0 0 0 0 0 0 0 0 0 0 0 
5e-05 0 0 0 0 0 0 0 0 0 0 0 0 0 0 0 0 0 

1 0.9995 0.9982 0.99435 0.98905 0.9821 0.97705 0.96705 0.95675 0.9449 0.9295 0.9092 0.887 0.85925 0.82505 0.78025 0.7143 0.60415 
0.39455 0 0 0 0 0 0 0 0 0 0 0 0 0 0 0 0 0 
0.285 0 0 0 0 0 0 0 0 0 0 0 0 0 0 0 0 0 
0.2247 0 0 0 0 0 0 0 0 0 0 0 0 0 0 0 0 0 
0.1793 0 0 0 0 0 0 0 0 0 0 0 0 0 0 0 0 0 
0.1459 0 0 0 0 0 0 0 0 0 0 0 0 0 0 0 0 0 
0.11635 0 0 0 0 0 0 0 0 0 0 0 0 0 0 0 0 0 
0.09445 0 0 0 0 0 0 0 0 0 0 0 0 0 0 0 0 0 
0.07345 0 0 0 0 0 0 0 0 0 0 0 0 0 0 0 0 0 
0.0542 0 0 0 0 0 0 0 0 0 0 0 0 0 0 0 0 0 
0.04105 0 0 0 0 0 0 0 0 0 0 0 0 0 0 0 0 0 
0.0294 0 0 0 0 0 0 0 0 0 0 0 0 0 0 0 0 0 
0.02065 0 0 0 0 0 0 0 0 0 0 0 0 0 0 0 0 0 
0.0123 0 0 0 0 0 0 0 0 0 0 0 0 0 0 0 0 0 
0.0071 0 0 0 0 0 0 0 0 0 0 0 0 0 0 0 0 0 
0.00335 0 0 0 0 0 0 0 0 0 0 0 0 0 0 0 0 0 
0.0006 0 0 0 0 0 0 0 0 0 0 0 0 0 0 0 0 0 
0 0 0 0 0 0 0 0 0 0 0 0 0 0 0 0 0 0 

----------------------------------------------------------------------------------------------------------------------------------------------------------------------------------------------------------------------------------------------------------------------------------------------------------------------------------------------------------------------------------------------------------------

0 0 0 0 0 0 0 0 0 0 0 0 0 0 0 0 0 0 
0 0 0 0 0 0 0 0 0 0 0 0 0 0 0 0 0 0 
0 0 0 0 0 0 0 0 0 0 0 0 0 0 0 0 0 0 
0 0 0 0 0 0 0 0 0 0 0 0 0 0 0 0 0 0 
0 0 0 0 0 0 0 0 0 0 0 0 0 0 0 0 0 0 
0 0 0 0 0 0 0 0 0 0 0 0 0 0 0 0 0 0 
0 0 0 0 0 0 0 0 0 0 0 0 0 0 0 0 0 0 
0 0 0 0 0 0 0 0 0 0 0 0 0 0 0 0 0 0 
0 0 0 0 0 0 0 0 0 0 0 0 0 0 0 0 0 0 
0 0 0 0 0 0 0 0 0 0 0 0 0 0 0 0 0 0 
0 0 0 0 0 0 0 0 0 0 0 0 0 0 0 0 0 0 
0 0 0 0 0 0 0 0 0 0 0 0 0 0 0 0 0 0 
0 0 0 0 0 0 0 0 0 0 0 0 0 0 0 0 0 0 
0 0 0 0 0 0 0 0 0 0 0 0 0 0 0 0 0 0 
0 0 0 0 0 0 0 0 0 0 0 0 0 0 0 0 0 0 
0 0 0 0 0 0 0 0 0 0 0 0 0 0 0 0 0 0 
0 0 0 0 0 0 0 0 0 0 0 0 0 0 0 0 0 0 
0 0 0 0 0 0 0 0 0 0 0 0 0 0 0 0 0 0 

0 0 0 0 0 0 0 0 0 0 0 0 0 0 0 0 0 0 
0 0 0 0 0 0 0 0 0 0 0 0 0 0 0 0 0 0 
0 0 0 0 0 0 0 0 0 0 0 0 0 0 0 0 0 0 
0 0 0 0 0 0 0 0 0 0 0 0 0 0 0 0 0 0 
0 0 0 0 0 0 0 0 0 0 0 0 0 0 0 0 0 0 
0 0 0 0 0 0 0 0 0 0 0 0 0 0 0 0 0 0 
0 0 0 0 0 0 0 0 0 0 0 0 0 0 0 0 0 0 
0 0 0 0 0 0 0 0 0 0 0 0 0 0 0 0 0 0 
0 0 0 0 0 0 0 0 0 0 0 0 0 0 0 0 0 0 
0 0 0 0 0 0 0 0 0 0 0 0 0 0 0 0 0 0 
0 0 0 0 0 0 0 0 0 0 0 0 0 0 0 0 0 0 
0 0 0 0 0 0 0 0 0 0 0 0 0 0 0 0 0 0 
0 0 0 0 0 0 0 0 0 0 0 0 0 0 0 0 0 0 
0 0 0 0 0 0 0 0 0 0 0 0 0 0 0 0 0 0 
0 0 0 0 0 0 0 0 0 0 0 0 0 0 0 0 0 0 
0 0 0 0 0 0 0 0 0 0 0 0 0 0 0 0 0 0 
0 0 0 0 0 0 0 0 0 0 0 0 0 0 0 0 0 0 
0 0 0 0 0 0 0 0 0 0 0 0 0 0 0 0 0 0 

0 0 0 0 0 0 0 0 0 0 0 0 0 0 0 0 0 0 
0 0 0 0 0 0 0 0 0 0 0 0 0 0 0 0 0 0 
0 0 0 0 0 0 0 0 0 0 0 0 0 0 0 0 0 0 
0 0 0 0 0 0 0 0 0 0 0 0 0 0 0 0 0 0 
0 0 0 0 0 0 0 0 0 0 0 0 0 0 0 0 0 0 
0 0 0 0 0 0 0 0 0 0 0 0 0 0 0 0 0 0 
0 0 0 0 0 0 0 0 0 0 0 0 0 0 0 0 0 0 
0 0 0 0 0 0 0 0 0 0 0 0 0 0 0 0 0 0 
0 0 0 0 0 0 0 0 0 0 0 0 0 0 0 0 0 0 
0 0 0 0 0 0 0 0 0 0 0 0 0 0 0 0 0 0 
0 0 0 0 0 0 0 0 0 0 0 0 0 0 0 0 0 0 
0 0 0 0 0 0 0 0 0 0 0 0 0 0 0 0 0 0 
0 0 0 0 0 0 0 0 0 0 0 0 0 0 0 0 0 0 
0 0 0 0 0 0 0 0 0 0 0 0 0 0 0 0 0 0 
0 0 0 0 0 0 0 0 0 0 0 0 0 0 0 0 0 0 
0 0 0 0 0 0 0 0 0 0 0 0 0 0 0 0 0 0 
0 0 0 0 0 0 0 0 0 0 0 0 0 0 0 0 0 0 
0 0 0 0 0 0 0 0 0 0 0 0 0 0 0 0 0 0 

0 0 0 0 0 0 0 0 0 0 0 0 0 0 0 0 0 0 
0 0 0 0 0 0 0 0 0 0 0 0 0 0 0 0 0 0 
0 0 0 0 0 0 0 0 0 0 0 0 0 0 0 0 0 0 
0 0 0 0 0 0 0 0 0 0 0 0 0 0 0 0 0 0 
0 0 0 0 0 0 0 0 0 0 0 0 0 0 0 0 0 0 
0 0 0 0 0 0 0 0 0 0 0 0 0 0 0 0 0 0 
0 0 0 0 0 0 0 0 0 0 0 0 0 0 0 0 0 0 
0 0 0 0 0 0 0 0 0 0 0 0 0 0 0 0 0 0 
0 0 0 0 0 0 0 0 0 0 0 0 0 0 0 0 0 0 
0 0 0 0 0 0 0 0 0 0 0 0 0 0 0 0 0 0 
0 0 0 0 0 0 0 0 0 0 0 0 0 0 0 0 0 0 
0 0 0 0 0 0 0 0 0 0 0 0 0 0 0 0 0 0 
0 0 0 0 0 0 0 0 0 0 0 0 0 0 0 0 0 0 
0 0 0 0 0 0 0 0 0 0 0 0 0 0 0 0 0 0 
0 0 0 0 0 0 0 0 0 0 0 0 0 0 0 0 0 0 
0 0 0 0 0 0 0 0 0 0 0 0 0 0 0 0 0 0 
0 0 0 0 0 0 0 0 0 0 0 0 0 0 0 0 0 0 
0 0 0 0 0 0 0 0 0 0 0 0 0 0 0 0 0 0 

0 0 0 0 0 0 0 0 0 0 0 0 0 0 0 0 0 0 
0 0 0 0 0 0 0 0 0 0 0 0 0 0 0 0 0 0 
0 0 0 0 0 0 0 0 0 0 0 0 0 0 0 0 0 0 
0 0 0 0 0 0 0 0 0 0 0 0 0 0 0 0 0 0 
0 0 0 0 0 0 0 0 0 0 0 0 0 0 0 0 0 0 
0 0 0 0 0 0 0 0 0 0 0 0 0 0 0 0 0 0 
0 0 0 0 0 0 0 0 0 0 0 0 0 0 0 0 0 0 
0 0 0 0 0 0 0 0 0 0 0 0 0 0 0 0 0 0 
0 0 0 0 0 0 0 0 0 0 0 0 0 0 0 0 0 0 
0 0 0 0 0 0 0 0 0 0 0 0 0 0 0 0 0 0 
0 0 0 0 0 0 0 0 0 0 0 0 0 0 0 0 0 0 
0 0 0 0 0 0 0 0 0 0 0 0 0 0 0 0 0 0 
0 0 0 0 0 0 0 0 0 0 0 0 0 0 0 0 0 0 
0 0 0 0 0 0 0 0 0 0 0 0 0 0 0 0 0 0 
0 0 0 0 0 0 0 0 0 0 0 0 0 0 0 0 0 0 
0 0 0 0 0 0 0 0 0 0 0 0 0 0 0 0 0 0 
0 0 0 0 0 0 0 0 0 0 0 0 0 0 0 0 0 0 
0 0 0 0 0 0 0 0 0 0 0 0 0 0 0 0 0 0 

0 0 0 0 0 0 0 0 0 0 0 0 0 0 0 0 0 0 
0 0 0 0 0 0 0 0 0 0 0 0 0 0 0 0 0 0 
0 0 0 0 0 0 0 0 0 0 0 0 0 0 0 0 0 0 
0 0 0 0 0 0 0 0 0 0 0 0 0 0 0 0 0 0 
0 0 0 0 0 0 0 0 0 0 0 0 0 0 0 0 0 0 
0 0 0 0 0 0 0 0 0 0 0 0 0 0 0 0 0 0 
0 0 0 0 0 0 0 0 0 0 0 0 0 0 0 0 0 0 
0 0 0 0 0 0 0 0 0 0 0 0 0 0 0 0 0 0 
0 0 0 0 0 0 0 0 0 0 0 0 0 0 0 0 0 0 
0 0 0 0 0 0 0 0 0 0 0 0 0 0 0 0 0 0 
0 0 0 0 0 0 0 0 0 0 0 0 0 0 0 0 0 0 
0 0 0 0 0 0 0 0 0 0 0 0 0 0 0 0 0 0 
0 0 0 0 0 0 0 0 0 0 0 0 0 0 0 0 0 0 
0 0 0 0 0 0 0 0 0 0 0 0 0 0 0 0 0 0 
0 0 0 0 0 0 0 0 0 0 0 0 0 0 0 0 0 0 
0 0 0 0 0 0 0 0 0 0 0 0 0 0 0 0 0 0 
0 0 0 0 0 0 0 0 0 0 0 0 0 0 0 0 0 0 
0 0 0 0 0 0 0 0 0 0 0 0 0 0 0 0 0 0 

0 0 0 0 0 0 0 0 0 0 0 0 0 0 0 0 0 0 
0 0 0 0 0 0 0 0 0 0 0 0 0 0 0 0 0 0 
0 0 0 0 0 0 0 0 0 0 0 0 0 0 0 0 0 0 
0 0 0 0 0 0 0 0 0 0 0 0 0 0 0 0 0 0 
0 0 0 0 0 0 0 0 0 0 0 0 0 0 0 0 0 0 
0 0 0 0 0 0 0 0 0 0 0 0 0 0 0 0 0 0 
0 0 0 0 0 0 0 0 0 0 0 0 0 0 0 0 0 0 
0 0 0 0 0 0 0 0 0 0 0 0 0 0 0 0 0 0 
0 0 0 0 0 0 0 0 0 0 0 0 0 0 0 0 0 0 
0 0 0 0 0 0 0 0 0 0 0 0 0 0 0 0 0 0 
0 0 0 0 0 0 0 0 0 0 0 0 0 0 0 0 0 0 
0 0 0 0 0 0 0 0 0 0 0 0 0 0 0 0 0 0 
0 0 0 0 0 0 0 0 0 0 0 0 0 0 0 0 0 0 
0 0 0 0 0 0 0 0 0 0 0 0 0 0 0 0 0 0 
0 0 0 0 0 0 0 0 0 0 0 0 0 0 0 0 0 0 
0 0 0 0 0 0 0 0 0 0 0 0 0 0 0 0 0 0 
0 0 0 0 0 0 0 0 0 0 0 0 0 0 0 0 0 0 
0 0 0 0 0 0 0 0 0 0 0 0 0 0 0 0 0 0 

0 0 0 0 0 0 0 0 0 0 0 0 0 0 0 0 0 0 
0 0 0 0 0 0 0 0 0 0 0 0 0 0 0 0 0 0 
0 0 0 0 0 0 0 0 0 0 0 0 0 0 0 0 0 0 
0 0 0 0 0 0 0 0 0 0 0 0 0 0 0 0 0 0 
0 0 0 0 0 0 0 0 0 0 0 0 0 0 0 0 0 0 
0 0 0 0 0 0 0 0 0 0 0 0 0 0 0 0 0 0 
0 0 0 0 0 0 0 0 0 0 0 0 0 0 0 0 0 0 
0 0 0 0 0 0 0 0 0 0 0 0 0 0 0 0 0 0 
0 0 0 0 0 0 0 0 0 0 0 0 0 0 0 0 0 0 
0 0 0 0 0 0 0 0 0 0 0 0 0 0 0 0 0 0 
0 0 0 0 0 0 0 0 0 0 0 0 0 0 0 0 0 0 
0 0 0 0 0 0 0 0 0 0 0 0 0 0 0 0 0 0 
0 0 0 0 0 0 0 0 0 0 0 0 0 0 0 0 0 0 
0 0 0 0 0 0 0 0 0 0 0 0 0 0 0 0 0 0 
0 0 0 0 0 0 0 0 0 0 0 0 0 0 0 0 0 0 
0 0 0 0 0 0 0 0 0 0 0 0 0 0 0 0 0 0 
0 0 0 0 0 0 0 0 0 0 0 0 0 0 0 0 0 0 
0 0 0 0 0 0 0 0 0 0 0 0 0 0 0 0 0 0 

0 0 0 0 0 0 0 0 0 0 0 0 0 0 0 0 0 0 
0 0 0 0 0 0 0 0 0 0 0 0 0 0 0 0 0 0 
0 0 0 0 0 0 0 0 0 0 0 0 0 0 0 0 0 0 
0 0 0 0 0 0 0 0 0 0 0 0 0 0 0 0 0 0 
0 0 0 0 0 0 0 0 0 0 0 0 0 0 0 0 0 0 
0 0 0 0 0 0 0 0 0 0 0 0 0 0 0 0 0 0 
0 0 0 0 0 0 0 0 0 0 0 0 0 0 0 0 0 0 
0 0 0 0 0 0 0 0 0 0 0 0 0 0 0 0 0 0 
0 0 0 0 0 0 0 0 0 0 0 0 0 0 0 0 0 0 
0 0 0 0 0 0 0 0 0 0 0 0 0 0 0 0 0 0 
0 0 0 0 0 0 0 0 0 0 0 0 0 0 0 0 0 0 
0 0 0 0 0 0 0 0 0 0 0 0 0 0 0 0 0 0 
0 0 0 0 0 0 0 0 0 0 0 0 0 0 0 0 0 0 
0 0 0 0 0 0 0 0 0 0 0 0 0 0 0 0 0 0 
0 0 0 0 0 0 0 0 0 0 0 0 0 0 0 0 0 0 
0 0 0 0 0 0 0 0 0 0 0 0 0 0 0 0 0 0 
0 0 0 0 0 0 0 0 0 0 0 0 0 0 0 0 0 0 
0 0 0 0 0 0 0 0 0 0 0 0 0 0 0 0 0 0 

0 0 0 0 0 0 0 0 0 0 0 0 0 0 0 0 0 0 
0 0 0 0 0 0 0 0 0 0 0 0 0 0 0 0 0 0 
0 0 0 0 0 0 0 0 0 0 0 0 0 0 0 0 0 0 
0 0 0 0 0 0 0 0 0 0 0 0 0 0 0 0 0 0 
0 0 0 0 0 0 0 0 0 0 0 0 0 0 0 0 0 0 
0 0 0 0 0 0 0 0 0 0 0 0 0 0 0 0 0 0 
0 0 0 0 0 0 0 0 0 0 0 0 0 0 0 0 0 0 
0 0 0 0 0 0 0 0 0 0 0 0 0 0 0 0 0 0 
0 0 0 0 0 0 0 0 0 0 0 0 0 0 0 0 0 0 
0 0 0 0 0 0 0 0 0 0 0 0 0 0 0 0 0 0 
0 0 0 0 0 0 0 0 0 0 0 0 0 0 0 0 0 0 
0 0 0 0 0 0 0 0 0 0 0 0 0 0 0 0 0 0 
0 0 0 0 0 0 0 0 0 0 0 0 0 0 0 0 0 0 
0 0 0 0 0 0 0 0 0 0 0 0 0 0 0 0 0 0 
0 0 0 0 0 0 0 0 0 0 0 0 0 0 0 0 0 0 
0 0 0 0 0 0 0 0 0 0 0 0 0 0 0 0 0 0 
0 0 0 0 0 0 0 0 0 0 0 0 0 0 0 0 0 0 
0 0 0 0 0 0 0 0 0 0 0 0 0 0 0 0 0 0 

0 0 0 0 0 0 0 0 0 0 0 0 0 0 0 0 0 0 
0 0 0 0 0 0 0 0 0 0 0 0 0 0 0 0 0 0 
0 0 0 0 0 0 0 0 0 0 0 0 0 0 0 0 0 0 
0 0 0 0 0 0 0 0 0 0 0 0 0 0 0 0 0 0 
0 0 0 0 0 0 0 0 0 0 0 0 0 0 0 0 0 0 
0 0 0 0 0 0 0 0 0 0 0 0 0 0 0 0 0 0 
0 0 0 0 0 0 0 0 0 0 0 0 0 0 0 0 0 0 
0 0 0 0 0 0 0 0 0 0 0 0 0 0 0 0 0 0 
0 0 0 0 0 0 0 0 0 0 0 0 0 0 0 0 0 0 
0 0 0 0 0 0 0 0 0 0 0 0 0 0 0 0 0 0 
0 0 0 0 0 0 0 0 0 0 0 0 0 0 0 0 0 0 
0 0 0 0 0 0 0 0 0 0 0 0 0 0 0 0 0 0 
0 0 0 0 0 0 0 0 0 0 0 0 0 0 0 0 0 0 
0 0 0 0 0 0 0 0 0 0 0 0 0 0 0 0 0 0 
0 0 0 0 0 0 0 0 0 0 0 0 0 0 0 0 0 0 
0 0 0 0 0 0 0 0 0 0 0 0 0 0 0 0 0 0 
0 0 0 0 0 0 0 0 0 0 0 0 0 0 0 0 0 0 
0 0 0 0 0 0 0 0 0 0 0 0 0 0 0 0 0 0 

0 0 0 0 0 0 0 0 0 0 0 0 0 0 0 0 0 0 
0 0 0 0 0 0 0 0 0 0 0 0 0 0 0 0 0 0 
0 0 0 0 0 0 0 0 0 0 0 0 0 0 0 0 0 0 
0 0 0 0 0 0 0 0 0 0 0 0 0 0 0 0 0 0 
0 0 0 0 0 0 0 0 0 0 0 0 0 0 0 0 0 0 
0 0 0 0 0 0 0 0 0 0 0 0 0 0 0 0 0 0 
0 0 0 0 0 0 0 0 0 0 0 0 0 0 0 0 0 0 
0 0 0 0 0 0 0 0 0 0 0 0 0 0 0 0 0 0 
0 0 0 0 0 0 0 0 0 0 0 0 0 0 0 0 0 0 
0 0 0 0 0 0 0 0 0 0 0 0 0 0 0 0 0 0 
0 0 0 0 0 0 0 0 0 0 0 0 0 0 0 0 0 0 
0 0 0 0 0 0 0 0 0 0 0 0 0 0 0 0 0 0 
0 0 0 0 0 0 0 0 0 0 0 0 0 0 0 0 0 0 
0 0 0 0 0 0 0 0 0 0 0 0 0 0 0 0 0 0 
0 0 0 0 0 0 0 0 0 0 0 0 0 0 0 0 0 0 
0 0 0 0 0 0 0 0 0 0 0 0 0 0 0 0 0 0 
0 0 0 0 0 0 0 0 0 0 0 0 0 0 0 0 0 0 
0 0 0 0 0 0 0 0 0 0 0 0 0 0 0 0 0 0 

0 0 0 0 0 0 0 0 0 0 0 0 0 0 0 0 0 0 
0 0 0 0 0 0 0 0 0 0 0 0 0 0 0 0 0 0 
0 0 0 0 0 0 0 0 0 0 0 0 0 0 0 0 0 0 
0 0 0 0 0 0 0 0 0 0 0 0 0 0 0 0 0 0 
0 0 0 0 0 0 0 0 0 0 0 0 0 0 0 0 0 0 
0 0 0 0 0 0 0 0 0 0 0 0 0 0 0 0 0 0 
0 0 0 0 0 0 0 0 0 0 0 0 0 0 0 0 0 0 
0 0 0 0 0 0 0 0 0 0 0 0 0 0 0 0 0 0 
0 0 0 0 0 0 0 0 0 0 0 0 0 0 0 0 0 0 
0 0 0 0 0 0 0 0 0 0 0 0 0 0 0 0 0 0 
0 0 0 0 0 0 0 0 0 0 0 0 0 0 0 0 0 0 
0 0 0 0 0 0 0 0 0 0 0 0 0 0 0 0 0 0 
0 0 0 0 0 0 0 0 0 0 0 0 0 0 0 0 0 0 
0 0 0 0 0 0 0 0 0 0 0 0 0 0 0 0 0 0 
0 0 0 0 0 0 0 0 0 0 0 0 0 0 0 0 0 0 
0 0 0 0 0 0 0 0 0 0 0 0 0 0 0 0 0 0 
0 0 0 0 0 0 0 0 0 0 0 0 0 0 0 0 0 0 
0 0 0 0 0 0 0 0 0 0 0 0 0 0 0 0 0 0 

0 0 0 0 0 0 0 0 0 0 0 0 0 0 0 0 0 0 
0 0 0 0 0 0 0 0 0 0 0 0 0 0 0 0 0 0 
0 0 0 0 0 0 0 0 0 0 0 0 0 0 0 0 0 0 
0 0 0 0 0 0 0 0 0 0 0 0 0 0 0 0 0 0 
0 0 0 0 0 0 0 0 0 0 0 0 0 0 0 0 0 0 
0 0 0 0 0 0 0 0 0 0 0 0 0 0 0 0 0 0 
0 0 0 0 0 0 0 0 0 0 0 0 0 0 0 0 0 0 
0 0 0 0 0 0 0 0 0 0 0 0 0 0 0 0 0 0 
0 0 0 0 0 0 0 0 0 0 0 0 0 0 0 0 0 0 
0 0 0 0 0 0 0 0 0 0 0 0 0 0 0 0 0 0 
0 0 0 0 0 0 0 0 0 0 0 0 0 0 0 0 0 0 
0 0 0 0 0 0 0 0 0 0 0 0 0 0 0 0 0 0 
0 0 0 0 0 0 0 0 0 0 0 0 0 0 0 0 0 0 
0 0 0 0 0 0 0 0 0 0 0 0 0 0 0 0 0 0 
0 0 0 0 0 0 0 0 0 0 0 0 0 0 0 0 0 0 
0 0 0 0 0 0 0 0 0 0 0 0 0 0 0 0 0 0 
0 0 0 0 0 0 0 0 0 0 0 0 0 0 0 0 0 0 
0 0 0 0 0 0 0 0 0 0 0 0 0 0 0 0 0 0 

0 0 0 0 0 0 0 0 0 0 0 0 0 0 0 0 0 0 
0 0 0 0 0 0 0 0 0 0 0 0 0 0 0 0 0 0 
0 0 0 0 0 0 0 0 0 0 0 0 0 0 0 0 0 0 
0 0 0 0 0 0 0 0 0 0 0 0 0 0 0 0 0 0 
0 0 0 0 0 0 0 0 0 0 0 0 0 0 0 0 0 0 
0 0 0 0 0 0 0 0 0 0 0 0 0 0 0 0 0 0 
0 0 0 0 0 0 0 0 0 0 0 0 0 0 0 0 0 0 
0 0 0 0 0 0 0 0 0 0 0 0 0 0 0 0 0 0 
0 0 0 0 0 0 0 0 0 0 0 0 0 0 0 0 0 0 
0 0 0 0 0 0 0 0 0 0 0 0 0 0 0 0 0 0 
0 0 0 0 0 0 0 0 0 0 0 0 0 0 0 0 0 0 
0 0 0 0 0 0 0 0 0 0 0 0 0 0 0 0 0 0 
0 0 0 0 0 0 0 0 0 0 0 0 0 0 0 0 0 0 
0 0 0 0 0 0 0 0 0 0 0 0 0 0 0 0 0 0 
0 0 0 0 0 0 0 0 0 0 0 0 0 0 0 0 0 0 
0 0 0 0 0 0 0 0 0 0 0 0 0 0 0 0 0 0 
0 0 0 0 0 0 0 0 0 0 0 0 0 0 0 0 0 0 
0 0 0 0 0 0 0 0 0 0 0 0 0 0 0 0 0 0 

0 0 0 0 0 0 0 0 0 0 0 0 0 0 0 0 0 0 
0 0 0 0 0 0 0 0 0 0 0 0 0 0 0 0 0 0 
0 0 0 0 0 0 0 0 0 0 0 0 0 0 0 0 0 0 
0 0 0 0 0 0 0 0 0 0 0 0 0 0 0 0 0 0 
0 0 0 0 0 0 0 0 0 0 0 0 0 0 0 0 0 0 
0 0 0 0 0 0 0 0 0 0 0 0 0 0 0 0 0 0 
0 0 0 0 0 0 0 0 0 0 0 0 0 0 0 0 0 0 
0 0 0 0 0 0 0 0 0 0 0 0 0 0 0 0 0 0 
0 0 0 0 0 0 0 0 0 0 0 0 0 0 0 0 0 0 
0 0 0 0 0 0 0 0 0 0 0 0 0 0 0 0 0 0 
0 0 0 0 0 0 0 0 0 0 0 0 0 0 0 0 0 0 
0 0 0 0 0 0 0 0 0 0 0 0 0 0 0 0 0 0 
0 0 0 0 0 0 0 0 0 0 0 0 0 0 0 0 0 0 
0 0 0 0 0 0 0 0 0 0 0 0 0 0 0 0 0 0 
0 0 0 0 0 0 0 0 0 0 0 0 0 0 0 0 0 0 
0 0 0 0 0 0 0 0 0 0 0 0 0 0 0 0 0 0 
0 0 0 0 0 0 0 0 0 0 0 0 0 0 0 0 0 0 
0 0 0 0 0 0 0 0 0 0 0 0 0 0 0 0 0 0 

0 0 0 0 0 0 0 0 0 0 0 0 0 0 0 0 0 0 
0 0 0 0 0 0 0 0 0 0 0 0 0 0 0 0 0 0 
0 0 0 0 0 0 0 0 0 0 0 0 0 0 0 0 0 0 
0 0 0 0 0 0 0 0 0 0 0 0 0 0 0 0 0 0 
0 0 0 0 0 0 0 0 0 0 0 0 0 0 0 0 0 0 
0 0 0 0 0 0 0 0 0 0 0 0 0 0 0 0 0 0 
0 0 0 0 0 0 0 0 0 0 0 0 0 0 0 0 0 0 
0 0 0 0 0 0 0 0 0 0 0 0 0 0 0 0 0 0 
0 0 0 0 0 0 0 0 0 0 0 0 0 0 0 0 0 0 
0 0 0 0 0 0 0 0 0 0 0 0 0 0 0 0 0 0 
0 0 0 0 0 0 0 0 0 0 0 0 0 0 0 0 0 0 
0 0 0 0 0 0 0 0 0 0 0 0 0 0 0 0 0 0 
0 0 0 0 0 0 0 0 0 0 0 0 0 0 0 0 0 0 
0 0 0 0 0 0 0 0 0 0 0 0 0 0 0 0 0 0 
0 0 0 0 0 0 0 0 0 0 0 0 0 0 0 0 0 0 
0 0 0 0 0 0 0 0 0 0 0 0 0 0 0 0 0 0 
0 0 0 0 0 0 0 0 0 0 0 0 0 0 0 0 0 0 
0 0 0 0 0 0 0 0 0 0 0 0 0 0 0 0 0 0 

0 0 0 0 0 0 0 0 0 0 0 0 0 0 0 0 0 0 
0 0 0 0 0 0 0 0 0 0 0 0 0 0 0 0 0 0 
0 0 0 0 0 0 0 0 0 0 0 0 0 0 0 0 0 0 
0 0 0 0 0 0 0 0 0 0 0 0 0 0 0 0 0 0 
0 0 0 0 0 0 0 0 0 0 0 0 0 0 0 0 0 0 
0 0 0 0 0 0 0 0 0 0 0 0 0 0 0 0 0 0 
0 0 0 0 0 0 0 0 0 0 0 0 0 0 0 0 0 0 
0 0 0 0 0 0 0 0 0 0 0 0 0 0 0 0 0 0 
0 0 0 0 0 0 0 0 0 0 0 0 0 0 0 0 0 0 
0 0 0 0 0 0 0 0 0 0 0 0 0 0 0 0 0 0 
0 0 0 0 0 0 0 0 0 0 0 0 0 0 0 0 0 0 
0 0 0 0 0 0 0 0 0 0 0 0 0 0 0 0 0 0 
0 0 0 0 0 0 0 0 0 0 0 0 0 0 0 0 0 0 
0 0 0 0 0 0 0 0 0 0 0 0 0 0 0 0 0 0 
0 0 0 0 0 0 0 0 0 0 0 0 0 0 0 0 0 0 
0 0 0 0 0 0 0 0 0 0 0 0 0 0 0 0 0 0 
0 0 0 0 0 0 0 0 0 0 0 0 0 0 0 0 0 0 
0 0 0 0 0 0 0 0 0 0 0 0 0 0 0 0 0 0 

0 0 0 0 0 0 0 0 0 0 0 0 0 0 0 0 0 0 
0 0 0 0 0 0 0 0 0 0 0 0 0 0 0 0 0 0 
0 0 0 0 0 0 0 0 0 0 0 0 0 0 0 0 0 0 
0 0 0 0 0 0 0 0 0 0 0 0 0 0 0 0 0 0 
0 0 0 0 0 0 0 0 0 0 0 0 0 0 0 0 0 0 
0 0 0 0 0 0 0 0 0 0 0 0 0 0 0 0 0 0 
0 0 0 0 0 0 0 0 0 0 0 0 0 0 0 0 0 0 
0 0 0 0 0 0 0 0 0 0 0 0 0 0 0 0 0 0 
0 0 0 0 0 0 0 0 0 0 0 0 0 0 0 0 0 0 
0 0 0 0 0 0 0 0 0 0 0 0 0 0 0 0 0 0 
0 0 0 0 0 0 0 0 0 0 0 0 0 0 0 0 0 0 
0 0 0 0 0 0 0 0 0 0 0 0 0 0 0 0 0 0 
0 0 0 0 0 0 0 0 0 0 0 0 0 0 0 0 0 0 
0 0 0 0 0 0 0 0 0 0 0 0 0 0 0 0 0 0 
0 0 0 0 0 0 0 0 0 0 0 0 0 0 0 0 0 0 
0 0 0 0 0 0 0 0 0 0 0 0 0 0 0 0 0 0 
0 0 0 0 0 0 0 0 0 0 0 0 0 0 0 0 0 0 
0 0 0 0 0 0 0 0 0 0 0 0 0 0 0 0 0 0 

0 0 0 0 0 0 0 0 0 0 0 0 0 0 0 0 0 0 
0 0 0 0 0 0 0 0 0 0 0 0 0 0 0 0 0 0 
0 0 0 0 0 0 0 0 0 0 0 0 0 0 0 0 0 0 
0 0 0 0 0 0 0 0 0 0 0 0 0 0 0 0 0 0 
0 0 0 0 0 0 0 0 0 0 0 0 0 0 0 0 0 0 
0 0 0 0 0 0 0 0 0 0 0 0 0 0 0 0 0 0 
0 0 0 0 0 0 0 0 0 0 0 0 0 0 0 0 0 0 
0 0 0 0 0 0 0 0 0 0 0 0 0 0 0 0 0 0 
0 0 0 0 0 0 0 0 0 0 0 0 0 0 0 0 0 0 
0 0 0 0 0 0 0 0 0 0 0 0 0 0 0 0 0 0 
0 0 0 0 0 0 0 0 0 0 0 0 0 0 0 0 0 0 
0 0 0 0 0 0 0 0 0 0 0 0 0 0 0 0 0 0 
0 0 0 0 0 0 0 0 0 0 0 0 0 0 0 0 0 0 
0 0 0 0 0 0 0 0 0 0 0 0 0 0 0 0 0 0 
0 0 0 0 0 0 0 0 0 0 0 0 0 0 0 0 0 0 
0 0 0 0 0 0 0 0 0 0 0 0 0 0 0 0 0 0 
0 0 0 0 0 0 0 0 0 0 0 0 0 0 0 0 0 0 
0 0 0 0 0 0 0 0 0 0 0 0 0 0 0 0 0 0 

0 0 0 0 0 0 0 0 0 0 0 0 0 0 0 0 0 0 
0 0 0 0 0 0 0 0 0 0 0 0 0 0 0 0 0 0 
0 0 0 0 0 0 0 0 0 0 0 0 0 0 0 0 0 0 
0 0 0 0 0 0 0 0 0 0 0 0 0 0 0 0 0 0 
0 0 0 0 0 0 0 0 0 0 0 0 0 0 0 0 0 0 
0 0 0 0 0 0 0 0 0 0 0 0 0 0 0 0 0 0 
0 0 0 0 0 0 0 0 0 0 0 0 0 0 0 0 0 0 
0 0 0 0 0 0 0 0 0 0 0 0 0 0 0 0 0 0 
0 0 0 0 0 0 0 0 0 0 0 0 0 0 0 0 0 0 
0 0 0 0 0 0 0 0 0 0 0 0 0 0 0 0 0 0 
0 0 0 0 0 0 0 0 0 0 0 0 0 0 0 0 0 0 
0 0 0 0 0 0 0 0 0 0 0 0 0 0 0 0 0 0 
0 0 0 0 0 0 0 0 0 0 0 0 0 0 0 0 0 0 
0 0 0 0 0 0 0 0 0 0 0 0 0 0 0 0 0 0 
0 0 0 0 0 0 0 0 0 0 0 0 0 0 0 0 0 0 
0 0 0 0 0 0 0 0 0 0 0 0 0 0 0 0 0 0 
0 0 0 0 0 0 0 0 0 0 0 0 0 0 0 0 0 0 
0 0 0 0 0 0 0 0 0 0 0 0 0 0 0 0 0 0 

0 0 0 0 0 0 0 0 0 0 0 0 0 0 0 0 0 0 
0 0 0 0 0 0 0 0 0 0 0 0 0 0 0 0 0 0 
0 0 0 0 0 0 0 0 0 0 0 0 0 0 0 0 0 0 
0 0 0 0 0 0 0 0 0 0 0 0 0 0 0 0 0 0 
0 0 0 0 0 0 0 0 0 0 0 0 0 0 0 0 0 0 
0 0 0 0 0 0 0 0 0 0 0 0 0 0 0 0 0 0 
0 0 0 0 0 0 0 0 0 0 0 0 0 0 0 0 0 0 
0 0 0 0 0 0 0 0 0 0 0 0 0 0 0 0 0 0 
0 0 0 0 0 0 0 0 0 0 0 0 0 0 0 0 0 0 
0 0 0 0 0 0 0 0 0 0 0 0 0 0 0 0 0 0 
0 0 0 0 0 0 0 0 0 0 0 0 0 0 0 0 0 0 
0 0 0 0 0 0 0 0 0 0 0 0 0 0 0 0 0 0 
0 0 0 0 0 0 0 0 0 0 0 0 0 0 0 0 0 0 
0 0 0 0 0 0 0 0 0 0 0 0 0 0 0 0 0 0 
0 0 0 0 0 0 0 0 0 0 0 0 0 0 0 0 0 0 
0 0 0 0 0 0 0 0 0 0 0 0 0 0 0 0 0 0 
0 0 0 0 0 0 0 0 0 0 0 0 0 0 0 0 0 0 
0 0 0 0 0 0 0 0 0 0 0 0 0 0 0 0 0 0 

0 0 0 0 0 0 0 0 0 0 0 0 0 0 0 0 0 0 
0 0 0 0 0 0 0 0 0 0 0 0 0 0 0 0 0 0 
0 0 0 0 0 0 0 0 0 0 0 0 0 0 0 0 0 0 
0 0 0 0 0 0 0 0 0 0 0 0 0 0 0 0 0 0 
0 0 0 0 0 0 0 0 0 0 0 0 0 0 0 0 0 0 
0 0 0 0 0 0 0 0 0 0 0 0 0 0 0 0 0 0 
0 0 0 0 0 0 0 0 0 0 0 0 0 0 0 0 0 0 
0 0 0 0 0 0 0 0 0 0 0 0 0 0 0 0 0 0 
0 0 0 0 0 0 0 0 0 0 0 0 0 0 0 0 0 0 
0 0 0 0 0 0 0 0 0 0 0 0 0 0 0 0 0 0 
0 0 0 0 0 0 0 0 0 0 0 0 0 0 0 0 0 0 
0 0 0 0 0 0 0 0 0 0 0 0 0 0 0 0 0 0 
0 0 0 0 0 0 0 0 0 0 0 0 0 0 0 0 0 0 
0 0 0 0 0 0 0 0 0 0 0 0 0 0 0 0 0 0 
0 0 0 0 0 0 0 0 0 0 0 0 0 0 0 0 0 0 
0 0 0 0 0 0 0 0 0 0 0 0 0 0 0 0 0 0 
0 0 0 0 0 0 0 0 0 0 0 0 0 0 0 0 0 0 
0 0 0 0 0 0 0 0 0 0 0 0 0 0 0 0 0 0 

0 0 0 0 0 0 0 0 0 0 0 0 0 0 0 0 0 0 
0 0 0 0 0 0 0 0 0 0 0 0 0 0 0 0 0 0 
0 0 0 0 0 0 0 0 0 0 0 0 0 0 0 0 0 0 
0 0 0 0 0 0 0 0 0 0 0 0 0 0 0 0 0 0 
0 0 0 0 0 0 0 0 0 0 0 0 0 0 0 0 0 0 
0 0 0 0 0 0 0 0 0 0 0 0 0 0 0 0 0 0 
0 0 0 0 0 0 0 0 0 0 0 0 0 0 0 0 0 0 
0 0 0 0 0 0 0 0 0 0 0 0 0 0 0 0 0 0 
0 0 0 0 0 0 0 0 0 0 0 0 0 0 0 0 0 0 
0 0 0 0 0 0 0 0 0 0 0 0 0 0 0 0 0 0 
0 0 0 0 0 0 0 0 0 0 0 0 0 0 0 0 0 0 
0 0 0 0 0 0 0 0 0 0 0 0 0 0 0 0 0 0 
0 0 0 0 0 0 0 0 0 0 0 0 0 0 0 0 0 0 
0 0 0 0 0 0 0 0 0 0 0 0 0 0 0 0 0 0 
0 0 0 0 0 0 0 0 0 0 0 0 0 0 0 0 0 0 
0 0 0 0 0 0 0 0 0 0 0 0 0 0 0 0 0 0 
0 0 0 0 0 0 0 0 0 0 0 0 0 0 0 0 0 0 
0 0 0 0 0 0 0 0 0 0 0 0 0 0 0 0 0 0 

0 0 0 0 0 0 0 0 0 0 0 0 0 0 0 0 0 0 
0 0 0 0 0 0 0 0 0 0 0 0 0 0 0 0 0 0 
0 0 0 0 0 0 0 0 0 0 0 0 0 0 0 0 0 0 
0 0 0 0 0 0 0 0 0 0 0 0 0 0 0 0 0 0 
0 0 0 0 0 0 0 0 0 0 0 0 0 0 0 0 0 0 
0 0 0 0 0 0 0 0 0 0 0 0 0 0 0 0 0 0 
0 0 0 0 0 0 0 0 0 0 0 0 0 0 0 0 0 0 
0 0 0 0 0 0 0 0 0 0 0 0 0 0 0 0 0 0 
0 0 0 0 0 0 0 0 0 0 0 0 0 0 0 0 0 0 
0 0 0 0 0 0 0 0 0 0 0 0 0 0 0 0 0 0 
0 0 0 0 0 0 0 0 0 0 0 0 0 0 0 0 0 0 
0 0 0 0 0 0 0 0 0 0 0 0 0 0 0 0 0 0 
0 0 0 0 0 0 0 0 0 0 0 0 0 0 0 0 0 0 
0 0 0 0 0 0 0 0 0 0 0 0 0 0 0 0 0 0 
0 0 0 0 0 0 0 0 0 0 0 0 0 0 0 0 0 0 
0 0 0 0 0 0 0 0 0 0 0 0 0 0 0 0 0 0 
0 0 0 0 0 0 0 0 0 0 0 0 0 0 0 0 0 0 
0 0 0 0 0 0 0 0 0 0 0 0 0 0 0 0 0 0 

0 0 0 0 0 0 0 0 0 0 0 0 0 0 0 0 0 0 
0 0 0 0 0 0 0 0 0 0 0 0 0 0 0 0 0 0 
0 0 0 0 0 0 0 0 0 0 0 0 0 0 0 0 0 0 
0 0 0 0 0 0 0 0 0 0 0 0 0 0 0 0 0 0 
0 0 0 0 0 0 0 0 0 0 0 0 0 0 0 0 0 0 
0 0 0 0 0 0 0 0 0 0 0 0 0 0 0 0 0 0 
0 0 0 0 0 0 0 0 0 0 0 0 0 0 0 0 0 0 
0 0 0 0 0 0 0 0 0 0 0 0 0 0 0 0 0 0 
0 0 0 0 0 0 0 0 0 0 0 0 0 0 0 0 0 0 
0 0 0 0 0 0 0 0 0 0 0 0 0 0 0 0 0 0 
0 0 0 0 0 0 0 0 0 0 0 0 0 0 0 0 0 0 
0 0 0 0 0 0 0 0 0 0 0 0 0 0 0 0 0 0 
0 0 0 0 0 0 0 0 0 0 0 0 0 0 0 0 0 0 
0 0 0 0 0 0 0 0 0 0 0 0 0 0 0 0 0 0 
0 0 0 0 0 0 0 0 0 0 0 0 0 0 0 0 0 0 
0 0 0 0 0 0 0 0 0 0 0 0 0 0 0 0 0 0 
0 0 0 0 0 0 0 0 0 0 0 0 0 0 0 0 0 0 
0 0 0 0 0 0 0 0 0 0 0 0 0 0 0 0 0 0 

0 0 0 0 0 0 0 0 0 0 0 0 0 0 0 0 0 0 
0 0 0 0 0 0 0 0 0 0 0 0 0 0 0 0 0 0 
0 0 0 0 0 0 0 0 0 0 0 0 0 0 0 0 0 0 
0 0 0 0 0 0 0 0 0 0 0 0 0 0 0 0 0 0 
0 0 0 0 0 0 0 0 0 0 0 0 0 0 0 0 0 0 
0 0 0 0 0 0 0 0 0 0 0 0 0 0 0 0 0 0 
0 0 0 0 0 0 0 0 0 0 0 0 0 0 0 0 0 0 
0 0 0 0 0 0 0 0 0 0 0 0 0 0 0 0 0 0 
0 0 0 0 0 0 0 0 0 0 0 0 0 0 0 0 0 0 
0 0 0 0 0 0 0 0 0 0 0 0 0 0 0 0 0 0 
0 0 0 0 0 0 0 0 0 0 0 0 0 0 0 0 0 0 
0 0 0 0 0 0 0 0 0 0 0 0 0 0 0 0 0 0 
0 0 0 0 0 0 0 0 0 0 0 0 0 0 0 0 0 0 
0 0 0 0 0 0 0 0 0 0 0 0 0 0 0 0 0 0 
0 0 0 0 0 0 0 0 0 0 0 0 0 0 0 0 0 0 
0 0 0 0 0 0 0 0 0 0 0 0 0 0 0 0 0 0 
0 0 0 0 0 0 0 0 0 0 0 0 0 0 0 0 0 0 
0 0 0 0 0 0 0 0 0 0 0 0 0 0 0 0 0 0 

0 0 0 0 0 0 0 0 0 0 0 0 0 0 0 0 0 0 
0 0 0 0 0 0 0 0 0 0 0 0 0 0 0 0 0 0 
0 0 0 0 0 0 0 0 0 0 0 0 0 0 0 0 0 0 
0 0 0 0 0 0 0 0 0 0 0 0 0 0 0 0 0 0 
0 0 0 0 0 0 0 0 0 0 0 0 0 0 0 0 0 0 
0 0 0 0 0 0 0 0 0 0 0 0 0 0 0 0 0 0 
0 0 0 0 0 0 0 0 0 0 0 0 0 0 0 0 0 0 
0 0 0 0 0 0 0 0 0 0 0 0 0 0 0 0 0 0 
0 0 0 0 0 0 0 0 0 0 0 0 0 0 0 0 0 0 
0 0 0 0 0 0 0 0 0 0 0 0 0 0 0 0 0 0 
0 0 0 0 0 0 0 0 0 0 0 0 0 0 0 0 0 0 
0 0 0 0 0 0 0 0 0 0 0 0 0 0 0 0 0 0 
0 0 0 0 0 0 0 0 0 0 0 0 0 0 0 0 0 0 
0 0 0 0 0 0 0 0 0 0 0 0 0 0 0 0 0 0 
0 0 0 0 0 0 0 0 0 0 0 0 0 0 0 0 0 0 
0 0 0 0 0 0 0 0 0 0 0 0 0 0 0 0 0 0 
0 0 0 0 0 0 0 0 0 0 0 0 0 0 0 0 0 0 
0 0 0 0 0 0 0 0 0 0 0 0 0 0 0 0 0 0 

0 0 0 0 0 0 0 0 0 0 0 0 0 0 0 0 0 0 
0 0 0 0 0 0 0 0 0 0 0 0 0 0 0 0 0 0 
0 0 0 0 0 0 0 0 0 0 0 0 0 0 0 0 0 0 
0 0 0 0 0 0 0 0 0 0 0 0 0 0 0 0 0 0 
0 0 0 0 0 0 0 0 0 0 0 0 0 0 0 0 0 0 
0 0 0 0 0 0 0 0 0 0 0 0 0 0 0 0 0 0 
0 0 0 0 0 0 0 0 0 0 0 0 0 0 0 0 0 0 
0 0 0 0 0 0 0 0 0 0 0 0 0 0 0 0 0 0 
0 0 0 0 0 0 0 0 0 0 0 0 0 0 0 0 0 0 
0 0 0 0 0 0 0 0 0 0 0 0 0 0 0 0 0 0 
0 0 0 0 0 0 0 0 0 0 0 0 0 0 0 0 0 0 
0 0 0 0 0 0 0 0 0 0 0 0 0 0 0 0 0 0 
0 0 0 0 0 0 0 0 0 0 0 0 0 0 0 0 0 0 
0 0 0 0 0 0 0 0 0 0 0 0 0 0 0 0 0 0 
0 0 0 0 0 0 0 0 0 0 0 0 0 0 0 0 0 0 
0 0 0 0 0 0 0 0 0 0 0 0 0 0 0 0 0 0 
0 0 0 0 0 0 0 0 0 0 0 0 0 0 0 0 0 0 
0 0 0 0 0 0 0 0 0 0 0 0 0 0 0 0 0 0 

0 0 0 0 0 0 0 0 0 0 0 0 0 0 0 0 0 0 
0 0 0 0 0 0 0 0 0 0 0 0 0 0 0 0 0 0 
0 0 0 0 0 0 0 0 0 0 0 0 0 0 0 0 0 0 
0 0 0 0 0 0 0 0 0 0 0 0 0 0 0 0 0 0 
0 0 0 0 0 0 0 0 0 0 0 0 0 0 0 0 0 0 
0 0 0 0 0 0 0 0 0 0 0 0 0 0 0 0 0 0 
0 0 0 0 0 0 0 0 0 0 0 0 0 0 0 0 0 0 
0 0 0 0 0 0 0 0 0 0 0 0 0 0 0 0 0 0 
0 0 0 0 0 0 0 0 0 0 0 0 0 0 0 0 0 0 
0 0 0 0 0 0 0 0 0 0 0 0 0 0 0 0 0 0 
0 0 0 0 0 0 0 0 0 0 0 0 0 0 0 0 0 0 
0 0 0 0 0 0 0 0 0 0 0 0 0 0 0 0 0 0 
0 0 0 0 0 0 0 0 0 0 0 0 0 0 0 0 0 0 
0 0 0 0 0 0 0 0 0 0 0 0 0 0 0 0 0 0 
0 0 0 0 0 0 0 0 0 0 0 0 0 0 0 0 0 0 
0 0 0 0 0 0 0 0 0 0 0 0 0 0 0 0 0 0 
0 0 0 0 0 0 0 0 0 0 0 0 0 0 0 0 0 0 
0 0 0 0 0 0 0 0 0 0 0 0 0 0 0 0 0 0 

0 0 0 0 0 0 0 0 0 0 0 0 0 0 0 0 0 0 
0 0 0 0 0 0 0 0 0 0 0 0 0 0 0 0 0 0 
0 0 0 0 0 0 0 0 0 0 0 0 0 0 0 0 0 0 
0 0 0 0 0 0 0 0 0 0 0 0 0 0 0 0 0 0 
0 0 0 0 0 0 0 0 0 0 0 0 0 0 0 0 0 0 
0 0 0 0 0 0 0 0 0 0 0 0 0 0 0 0 0 0 
0 0 0 0 0 0 0 0 0 0 0 0 0 0 0 0 0 0 
0 0 0 0 0 0 0 0 0 0 0 0 0 0 0 0 0 0 
0 0 0 0 0 0 0 0 0 0 0 0 0 0 0 0 0 0 
0 0 0 0 0 0 0 0 0 0 0 0 0 0 0 0 0 0 
0 0 0 0 0 0 0 0 0 0 0 0 0 0 0 0 0 0 
0 0 0 0 0 0 0 0 0 0 0 0 0 0 0 0 0 0 
0 0 0 0 0 0 0 0 0 0 0 0 0 0 0 0 0 0 
0 0 0 0 0 0 0 0 0 0 0 0 0 0 0 0 0 0 
0 0 0 0 0 0 0 0 0 0 0 0 0 0 0 0 0 0 
0 0 0 0 0 0 0 0 0 0 0 0 0 0 0 0 0 0 
0 0 0 0 0 0 0 0 0 0 0 0 0 0 0 0 0 0 
0 0 0 0 0 0 0 0 0 0 0 0 0 0 0 0 0 0 

0 0 0 0 0 0 0 0 0 0 0 0 0 0 0 0 0 0 
0 0 0 0 0 0 0 0 0 0 0 0 0 0 0 0 0 0 
0 0 0 0 0 0 0 0 0 0 0 0 0 0 0 0 0 0 
0 0 0 0 0 0 0 0 0 0 0 0 0 0 0 0 0 0 
0 0 0 0 0 0 0 0 0 0 0 0 0 0 0 0 0 0 
0 0 0 0 0 0 0 0 0 0 0 0 0 0 0 0 0 0 
0 0 0 0 0 0 0 0 0 0 0 0 0 0 0 0 0 0 
0 0 0 0 0 0 0 0 0 0 0 0 0 0 0 0 0 0 
0 0 0 0 0 0 0 0 0 0 0 0 0 0 0 0 0 0 
0 0 0 0 0 0 0 0 0 0 0 0 0 0 0 0 0 0 
0 0 0 0 0 0 0 0 0 0 0 0 0 0 0 0 0 0 
0 0 0 0 0 0 0 0 0 0 0 0 0 0 0 0 0 0 
0 0 0 0 0 0 0 0 0 0 0 0 0 0 0 0 0 0 
0 0 0 0 0 0 0 0 0 0 0 0 0 0 0 0 0 0 
0 0 0 0 0 0 0 0 0 0 0 0 0 0 0 0 0 0 
0 0 0 0 0 0 0 0 0 0 0 0 0 0 0 0 0 0 
0 0 0 0 0 0 0 0 0 0 0 0 0 0 0 0 0 0 
0 0 0 0 0 0 0 0 0 0 0 0 0 0 0 0 0 0 
