1 0.998356 0.995669 0.985487 0.970075 0.95205 0.925981 0.893306 0.852994 0.804831 0.75015 0.691075 0.625062 0.555987 0.481681 0.402519 0.314475 0.21575 
0.747712 0.38285 0.235137 0.136694 0.078675 0.0443687 0.0229438 0.010525 0.0033875 0.00066875 0.0001375 3.125e-05 0 0 0 0 0 0 
0.602319 0.183206 0.0664187 0.0163688 0.0031 0.00038125 2.5e-05 0 0 0 0 0 0 0 0 0 0 0 
0.487919 0.0949312 0.0204625 0.001825 3.75e-05 6.25e-06 6.25e-06 0 0 0 0 0 0 0 0 0 0 0 
0.387494 0.044475 0.00469375 9.375e-05 0 0 0 0 0 0 0 0 0 0 0 0 0 0 
0.301269 0.0177875 0.0006125 0 0 0 0 0 0 0 0 0 0 0 0 0 0 0 
0.227312 0.0060125 2.5e-05 0 0 0 0 0 0 0 0 0 0 0 0 0 0 0 
0.164619 0.00165 6.25e-06 0 0 0 0 0 0 0 0 0 0 0 0 0 0 0 
0.113431 0.0002875 0 0 0 0 0 0 0 0 0 0 0 0 0 0 0 0 
0.0747188 1.875e-05 0 0 0 0 0 0 0 0 0 0 0 0 0 0 0 0 
0.04685 0 0 0 0 0 0 0 0 0 0 0 0 0 0 0 0 0 
0.027875 0 0 0 0 0 0 0 0 0 0 0 0 0 0 0 0 0 
0.0148937 0 0 0 0 0 0 0 0 0 0 0 0 0 0 0 0 0 
0.00680625 0 0 0 0 0 0 0 0 0 0 0 0 0 0 0 0 0 
0.00263125 0 0 0 0 0 0 0 0 0 0 0 0 0 0 0 0 0 
0.00075 0 0 0 0 0 0 0 0 0 0 0 0 0 0 0 0 0 
9.375e-05 0 0 0 0 0 0 0 0 0 0 0 0 0 0 0 0 0 
6.25e-06 0 0 0 0 0 0 0 0 0 0 0 0 0 0 0 0 0 

1 0.997862 0.993925 0.976762 0.954112 0.921562 0.882737 0.83155 0.77095 0.704775 0.633362 0.5613 0.488112 0.417962 0.345775 0.27815 0.20675 0.138062 
0.824575 0.59015 0.420662 0.270362 0.163837 0.0945375 0.0513625 0.022875 0.008075 0.0019 0.000475 0.000125 2.5e-05 2.5e-05 2.5e-05 0 0 0 
0.671025 0.318662 0.13715 0.0385375 0.0068 0.000875 0.000125 0 0 0 0 0 0 0 0 0 0 0 
0.542087 0.173887 0.045975 0.0044 0.0002375 3.75e-05 0 0 0 0 0 0 0 0 0 0 0 0 
0.421187 0.082675 0.010825 0.0003125 0 0 0 0 0 0 0 0 0 0 0 0 0 0 
0.316537 0.034025 0.0018 1.25e-05 0 0 0 0 0 0 0 0 0 0 0 0 0 0 
0.2289 0.010475 0.0001875 0 0 0 0 0 0 0 0 0 0 0 0 0 0 0 
0.156825 0.0029 0 0 0 0 0 0 0 0 0 0 0 0 0 0 0 0 
0.10135 0.00035 2.5e-05 0 0 0 0 0 0 0 0 0 0 0 0 0 0 0 
0.0635375 6.25e-05 0 0 0 0 0 0 0 0 0 0 0 0 0 0 0 0 
0.03725 1.25e-05 0 0 0 0 0 0 0 0 0 0 0 0 0 0 0 0 
0.020375 0 0 0 0 0 0 0 0 0 0 0 0 0 0 0 0 0 
0.0107875 0 0 0 0 0 0 0 0 0 0 0 0 0 0 0 0 0 
0.0046875 0 0 0 0 0 0 0 0 0 0 0 0 0 0 0 0 0 
0.0017625 0 0 0 0 0 0 0 0 0 0 0 0 0 0 0 0 0 
0.0004875 0 0 0 0 0 0 0 0 0 0 0 0 0 0 0 0 0 
0.0001125 0 0 0 0 0 0 0 0 0 0 0 0 0 0 0 0 0 
1.25e-05 0 0 0 0 0 0 0 0 0 0 0 0 0 0 0 0 0 

1 0.998287 0.99705 0.990312 0.983562 0.9734 0.961012 0.946475 0.928587 0.9049 0.876237 0.839575 0.796062 0.7426 0.679338 0.6037 0.502737 0.360275 
0.624687 0.04045 0.0131375 0.0053125 0.00265 0.00135 0.000875 0.00045 8.75e-05 2.5e-05 1.25e-05 0 0 0 0 0 0 0 
0.484212 0.0095875 0.0013 0.000175 1.25e-05 0 0 0 0 0 0 0 0 0 0 0 0 0 
0.390363 0.0039375 0.0003125 1.25e-05 0 0 0 0 0 0 0 0 0 0 0 0 0 0 
0.318675 0.0015875 2.5e-05 0 0 0 0 0 0 0 0 0 0 0 0 0 0 0 
0.259475 0.000675 0 0 0 0 0 0 0 0 0 0 0 0 0 0 0 0 
0.208487 0.0003125 0 0 0 0 0 0 0 0 0 0 0 0 0 0 0 0 
0.163037 8.75e-05 0 0 0 0 0 0 0 0 0 0 0 0 0 0 0 0 
0.1251 0 0 0 0 0 0 0 0 0 0 0 0 0 0 0 0 0 
0.0927875 1.25e-05 0 0 0 0 0 0 0 0 0 0 0 0 0 0 0 0 
0.06645 0 0 0 0 0 0 0 0 0 0 0 0 0 0 0 0 0 
0.0450875 0 0 0 0 0 0 0 0 0 0 0 0 0 0 0 0 0 
0.0284 0 0 0 0 0 0 0 0 0 0 0 0 0 0 0 0 0 
0.0154875 0 0 0 0 0 0 0 0 0 0 0 0 0 0 0 0 0 
0.007375 0 0 0 0 0 0 0 0 0 0 0 0 0 0 0 0 0 
0.00295 0 0 0 0 0 0 0 0 0 0 0 0 0 0 0 0 0 
0.000825 0 0 0 0 0 0 0 0 0 0 0 0 0 0 0 0 0 
0.0001 0 0 0 0 0 0 0 0 0 0 0 0 0 0 0 0 0 

1 0.99745 0.9924 0.969475 0.933825 0.891275 0.831425 0.76635 0.6848 0.604125 0.5181 0.44105 0.367275 0.302125 0.2383 0.186875 0.1355 0.0932 
0.873625 0.74755 0.598475 0.4293 0.267775 0.163 0.08495 0.0412 0.014475 0.004475 0.001325 0.000425 0.000225 5e-05 0 0 0 0 
0.71205 0.44985 0.222725 0.0725 0.013125 0.003025 0.000275 5e-05 0 0 0 0 0 0 0 0 0 0 
0.5659 0.25475 0.07915 0.011675 0.00055 0.000125 0 0 0 0 0 0 0 0 0 0 0 0 
0.42155 0.120175 0.0193 0.000975 2.5e-05 0 0 0 0 0 0 0 0 0 0 0 0 0 
0.2996 0.0469 0.003625 0.000125 0 0 0 0 0 0 0 0 0 0 0 0 0 0 
0.20005 0.015225 0.00045 0 0 0 0 0 0 0 0 0 0 0 0 0 0 0 
0.130675 0.0038 5e-05 0 0 0 0 0 0 0 0 0 0 0 0 0 0 0 
0.07795 0.001 0 0 0 0 0 0 0 0 0 0 0 0 0 0 0 0 
0.04495 0.000225 0 0 0 0 0 0 0 0 0 0 0 0 0 0 0 0 
0.02485 7.5e-05 2.5e-05 0 0 0 0 0 0 0 0 0 0 0 0 0 0 0 
0.012675 0 0 0 0 0 0 0 0 0 0 0 0 0 0 0 0 0 
0.00585 0 0 0 0 0 0 0 0 0 0 0 0 0 0 0 0 0 
0.00275 0 0 0 0 0 0 0 0 0 0 0 0 0 0 0 0 0 
0.000775 0 0 0 0 0 0 0 0 0 0 0 0 0 0 0 0 0 
0.0002 0 0 0 0 0 0 0 0 0 0 0 0 0 0 0 0 0 
0 0 0 0 0 0 0 0 0 0 0 0 0 0 0 0 0 0 
0 0 0 0 0 0 0 0 0 0 0 0 0 0 0 0 0 0 

1 0.99845 0.996675 0.98955 0.981025 0.967325 0.953475 0.933775 0.911575 0.880275 0.844225 0.802875 0.75365 0.694675 0.625925 0.5457 0.444925 0.317125 
0.662275 0.147875 0.067825 0.035675 0.019275 0.0106 0.005975 0.002625 0.001025 0.00035 7.5e-05 2.5e-05 0 0 0 0 0 0 
0.518375 0.050925 0.011825 0.002325 0.000275 5e-05 0 0 0 0 0 0 0 0 0 0 0 0 
0.41745 0.023225 0.002475 7.5e-05 0 0 0 0 0 0 0 0 0 0 0 0 0 0 
0.33865 0.011025 0.0005 2.5e-05 0 0 0 0 0 0 0 0 0 0 0 0 0 0 
0.268975 0.00405 7.5e-05 0 0 0 0 0 0 0 0 0 0 0 0 0 0 0 
0.213525 0.0016 2.5e-05 0 0 0 0 0 0 0 0 0 0 0 0 0 0 0 
0.16575 0.00025 0 0 0 0 0 0 0 0 0 0 0 0 0 0 0 0 
0.123875 7.5e-05 0 0 0 0 0 0 0 0 0 0 0 0 0 0 0 0 
0.090925 2.5e-05 0 0 0 0 0 0 0 0 0 0 0 0 0 0 0 0 
0.06315 0 0 0 0 0 0 0 0 0 0 0 0 0 0 0 0 0 
0.04305 0 0 0 0 0 0 0 0 0 0 0 0 0 0 0 0 0 
0.026525 0 0 0 0 0 0 0 0 0 0 0 0 0 0 0 0 0 
0.0152 0 0 0 0 0 0 0 0 0 0 0 0 0 0 0 0 0 
0.007725 0 0 0 0 0 0 0 0 0 0 0 0 0 0 0 0 0 
0.00265 0 0 0 0 0 0 0 0 0 0 0 0 0 0 0 0 0 
0.000475 0 0 0 0 0 0 0 0 0 0 0 0 0 0 0 0 0 
5e-05 0 0 0 0 0 0 0 0 0 0 0 0 0 0 0 0 0 

1 0.998125 0.996575 0.988675 0.9803 0.966625 0.9511 0.933875 0.90825 0.877675 0.84005 0.796425 0.741325 0.67845 0.606575 0.51895 0.411525 0.27085 
0.710325 0.102225 0.039075 0.017275 0.0085 0.004625 0.002125 0.0011 0.000375 0.000175 2.5e-05 0 0 0 0 0 0 0 
0.5632 0.02735 0.00445 0.000575 7.5e-05 0 0 0 0 0 0 0 0 0 0 0 0 0 
0.459375 0.012275 0.001025 0 0 0 0 0 0 0 0 0 0 0 0 0 0 0 
0.37745 0.00545 0.0002 0 0 0 0 0 0 0 0 0 0 0 0 0 0 0 
0.308775 0.00195 2.5e-05 0 0 0 0 0 0 0 0 0 0 0 0 0 0 0 
0.2469 0.000825 0 0 0 0 0 0 0 0 0 0 0 0 0 0 0 0 
0.193925 0.000375 0 0 0 0 0 0 0 0 0 0 0 0 0 0 0 0 
0.147775 0 0 0 0 0 0 0 0 0 0 0 0 0 0 0 0 0 
0.108675 0 0 0 0 0 0 0 0 0 0 0 0 0 0 0 0 0 
0.076675 0 0 0 0 0 0 0 0 0 0 0 0 0 0 0 0 0 
0.0512 0 0 0 0 0 0 0 0 0 0 0 0 0 0 0 0 0 
0.0311 0 0 0 0 0 0 0 0 0 0 0 0 0 0 0 0 0 
0.0173 0 0 0 0 0 0 0 0 0 0 0 0 0 0 0 0 0 
0.008425 0 0 0 0 0 0 0 0 0 0 0 0 0 0 0 0 0 
0.002925 0 0 0 0 0 0 0 0 0 0 0 0 0 0 0 0 0 
0.0005 0 0 0 0 0 0 0 0 0 0 0 0 0 0 0 0 0 
5e-05 0 0 0 0 0 0 0 0 0 0 0 0 0 0 0 0 0 

1 0.9989 0.997525 0.992 0.985075 0.977625 0.967675 0.954725 0.94095 0.921 0.89945 0.869725 0.83595 0.79305 0.7425 0.676125 0.58995 0.4495 
0.543875 0.0001 2.5e-05 0 0 0 0 0 0 0 0 0 0 0 0 0 0 0 
0.40775 0 0 0 0 0 0 0 0 0 0 0 0 0 0 0 0 0 
0.326825 0 0 0 0 0 0 0 0 0 0 0 0 0 0 0 0 0 
0.2663 0 0 0 0 0 0 0 0 0 0 0 0 0 0 0 0 0 
0.215425 0 0 0 0 0 0 0 0 0 0 0 0 0 0 0 0 0 
0.173075 0 0 0 0 0 0 0 0 0 0 0 0 0 0 0 0 0 
0.13715 0 0 0 0 0 0 0 0 0 0 0 0 0 0 0 0 0 
0.1062 0 0 0 0 0 0 0 0 0 0 0 0 0 0 0 0 0 
0.079575 0 0 0 0 0 0 0 0 0 0 0 0 0 0 0 0 0 
0.058 0 0 0 0 0 0 0 0 0 0 0 0 0 0 0 0 0 
0.0407 0 0 0 0 0 0 0 0 0 0 0 0 0 0 0 0 0 
0.026075 0 0 0 0 0 0 0 0 0 0 0 0 0 0 0 0 0 
0.015475 0 0 0 0 0 0 0 0 0 0 0 0 0 0 0 0 0 
0.00735 0 0 0 0 0 0 0 0 0 0 0 0 0 0 0 0 0 
0.003225 0 0 0 0 0 0 0 0 0 0 0 0 0 0 0 0 0 
0.001075 0 0 0 0 0 0 0 0 0 0 0 0 0 0 0 0 0 
7.5e-05 0 0 0 0 0 0 0 0 0 0 0 0 0 0 0 0 0 

1 0.99715 0.9898 0.96795 0.91255 0.86485 0.78715 0.7101 0.6089 0.51795 0.4231 0.3458 0.2786 0.22425 0.1693 0.131 0.09225 0.06325 
0.9022 0.8338 0.71885 0.5644 0.3572 0.23035 0.12085 0.0647 0.02005 0.00705 0.0027 0.00125 0.0004 0.0002 5e-05 5e-05 0 0 
0.73535 0.53685 0.292 0.11175 0.0169 0.0055 0.00075 0.00025 0 0 5e-05 0 0 0 0 0 0 0 
0.5787 0.3175 0.1073 0.02215 0.00085 0.00025 0 0 0 0 0 0 0 0 0 0 0 0 
0.41705 0.1483 0.02565 0.0019 0 0 0 0 0 0 0 0 0 0 0 0 0 0 
0.28735 0.0585 0.00525 0.0003 0 0 0 0 0 0 0 0 0 0 0 0 0 0 
0.17845 0.01845 0.00105 0.0001 0 0 0 0 0 0 0 0 0 0 0 0 0 0 
0.10575 0.00485 0.00025 0 0 0 0 0 0 0 0 0 0 0 0 0 0 0 
0.05755 0.00115 0 0 0 0 0 0 0 0 0 0 0 0 0 0 0 0 
0.0293 0.0005 0 0 0 0 0 0 0 0 0 0 0 0 0 0 0 0 
0.0136 5e-05 0 0 0 0 0 0 0 0 0 0 0 0 0 0 0 0 
0.00635 0 0 0 0 0 0 0 0 0 0 0 0 0 0 0 0 0 
0.00245 0 0 0 0 0 0 0 0 0 0 0 0 0 0 0 0 0 
0.0011 0 0 0 0 0 0 0 0 0 0 0 0 0 0 0 0 0 
0.0004 0 0 0 0 0 0 0 0 0 0 0 0 0 0 0 0 0 
0.0001 0 0 0 0 0 0 0 0 0 0 0 0 0 0 0 0 0 
5e-05 0 0 0 0 0 0 0 0 0 0 0 0 0 0 0 0 0 
0 0 0 0 0 0 0 0 0 0 0 0 0 0 0 0 0 0 

1 0.9987 0.9958 0.9855 0.9692 0.9485 0.91955 0.8908 0.85165 0.8056 0.75685 0.7037 0.64645 0.5871 0.52375 0.4472 0.3601 0.25805 
0.71445 0.392 0.2476 0.14985 0.0899 0.0544 0.0288 0.01455 0.00485 0.0013 0.0002 0 0 0 0 0 0 0 
0.5481 0.18485 0.06955 0.01825 0.0033 0.00055 0 0 0 0 0 0 0 0 0 0 0 0 
0.4329 0.09645 0.0222 0.0017 0.0001 0 0 0 0 0 0 0 0 0 0 0 0 0 
0.33375 0.0441 0.00545 0.0001 0 0 0 0 0 0 0 0 0 0 0 0 0 0 
0.25815 0.01975 0.0007 0 0 0 0 0 0 0 0 0 0 0 0 0 0 0 
0.1929 0.0069 0.0001 0 0 0 0 0 0 0 0 0 0 0 0 0 0 0 
0.14085 0.0021 0 0 0 0 0 0 0 0 0 0 0 0 0 0 0 0 
0.1018 0.0003 0 0 0 0 0 0 0 0 0 0 0 0 0 0 0 0 
0.0673 0 0 0 0 0 0 0 0 0 0 0 0 0 0 0 0 0 
0.0446 0 0 0 0 0 0 0 0 0 0 0 0 0 0 0 0 0 
0.02795 0 0 0 0 0 0 0 0 0 0 0 0 0 0 0 0 0 
0.01505 0 0 0 0 0 0 0 0 0 0 0 0 0 0 0 0 0 
0.00865 0 0 0 0 0 0 0 0 0 0 0 0 0 0 0 0 0 
0.0036 0 0 0 0 0 0 0 0 0 0 0 0 0 0 0 0 0 
0.0012 0 0 0 0 0 0 0 0 0 0 0 0 0 0 0 0 0 
0.0003 0 0 0 0 0 0 0 0 0 0 0 0 0 0 0 0 0 
5e-05 0 0 0 0 0 0 0 0 0 0 0 0 0 0 0 0 0 

1 0.9979 0.9949 0.9849 0.9744 0.95745 0.9369 0.90855 0.87685 0.83375 0.78865 0.73655 0.6727 0.6062 0.53265 0.44535 0.34735 0.23485 
0.73925 0.30045 0.16425 0.0927 0.0534 0.0316 0.0168 0.00835 0.0024 0.0006 0.00025 5e-05 0 0 0 0 0 0 
0.58395 0.11675 0.0335 0.00705 0.00125 0.0001 0 0 0 0 0 0 0 0 0 0 0 0 
0.4734 0.0534 0.0086 0.0007 5e-05 0 0 0 0 0 0 0 0 0 0 0 0 0 
0.37615 0.02465 0.00155 0 0 0 0 0 0 0 0 0 0 0 0 0 0 0 
0.29865 0.0102 0.00035 0 0 0 0 0 0 0 0 0 0 0 0 0 0 0 
0.2284 0.0031 0 0 0 0 0 0 0 0 0 0 0 0 0 0 0 0 
0.1745 0.0007 0 0 0 0 0 0 0 0 0 0 0 0 0 0 0 0 
0.128 5e-05 0 0 0 0 0 0 0 0 0 0 0 0 0 0 0 0 
0.08945 5e-05 0 0 0 0 0 0 0 0 0 0 0 0 0 0 0 0 
0.0612 0 0 0 0 0 0 0 0 0 0 0 0 0 0 0 0 0 
0.04025 0 0 0 0 0 0 0 0 0 0 0 0 0 0 0 0 0 
0.02335 0 0 0 0 0 0 0 0 0 0 0 0 0 0 0 0 0 
0.0123 0 0 0 0 0 0 0 0 0 0 0 0 0 0 0 0 0 
0.0057 0 0 0 0 0 0 0 0 0 0 0 0 0 0 0 0 0 
0.0021 0 0 0 0 0 0 0 0 0 0 0 0 0 0 0 0 0 
0.0005 0 0 0 0 0 0 0 0 0 0 0 0 0 0 0 0 0 
5e-05 0 0 0 0 0 0 0 0 0 0 0 0 0 0 0 0 0 

1 0.99825 0.9969 0.9933 0.9845 0.97755 0.9676 0.95495 0.9374 0.9179 0.8926 0.86295 0.82275 0.77735 0.72375 0.6568 0.5638 0.4227 
0.57185 0.00305 0.001 0.0004 5e-05 5e-05 0 0 0 0 0 0 0 0 0 0 0 0 
0.43255 0.0003 5e-05 0 0 0 0 0 0 0 0 0 0 0 0 0 0 0 
0.34765 0.0001 0 0 0 0 0 0 0 0 0 0 0 0 0 0 0 0 
0.28335 5e-05 0 0 0 0 0 0 0 0 0 0 0 0 0 0 0 0 
0.22915 0 0 0 0 0 0 0 0 0 0 0 0 0 0 0 0 0 
0.1848 0 0 0 0 0 0 0 0 0 0 0 0 0 0 0 0 0 
0.1455 0 0 0 0 0 0 0 0 0 0 0 0 0 0 0 0 0 
0.11305 0 0 0 0 0 0 0 0 0 0 0 0 0 0 0 0 0 
0.08355 0 0 0 0 0 0 0 0 0 0 0 0 0 0 0 0 0 
0.0596 0 0 0 0 0 0 0 0 0 0 0 0 0 0 0 0 0 
0.04055 0 0 0 0 0 0 0 0 0 0 0 0 0 0 0 0 0 
0.026 0 0 0 0 0 0 0 0 0 0 0 0 0 0 0 0 0 
0.0149 0 0 0 0 0 0 0 0 0 0 0 0 0 0 0 0 0 
0.0075 0 0 0 0 0 0 0 0 0 0 0 0 0 0 0 0 0 
0.00275 0 0 0 0 0 0 0 0 0 0 0 0 0 0 0 0 0 
0.00105 0 0 0 0 0 0 0 0 0 0 0 0 0 0 0 0 0 
0.0001 0 0 0 0 0 0 0 0 0 0 0 0 0 0 0 0 0 

1 0.9979 0.9957 0.9858 0.9725 0.95925 0.9422 0.91445 0.8842 0.8475 0.80215 0.74205 0.67755 0.6035 0.5218 0.42715 0.32 0.19705 
0.77625 0.2116 0.09685 0.04695 0.02595 0.0145 0.00705 0.0033 0.0009 0.00035 5e-05 0 0 0 0 0 0 0 
0.63225 0.07225 0.01385 0.00255 0.00045 0.00015 0 0 0 0 0 0 0 0 0 0 0 0 
0.51955 0.0311 0.0032 0.0002 0 0 0 0 0 0 0 0 0 0 0 0 0 0 
0.42485 0.01335 0.00075 0 0 0 0 0 0 0 0 0 0 0 0 0 0 0 
0.3459 0.0049 0.00015 0 0 0 0 0 0 0 0 0 0 0 0 0 0 0 
0.2767 0.00195 0 0 0 0 0 0 0 0 0 0 0 0 0 0 0 0 
0.2147 0.00025 0 0 0 0 0 0 0 0 0 0 0 0 0 0 0 0 
0.1598 0.0001 0 0 0 0 0 0 0 0 0 0 0 0 0 0 0 0 
0.1159 5e-05 0 0 0 0 0 0 0 0 0 0 0 0 0 0 0 0 
0.08095 0 0 0 0 0 0 0 0 0 0 0 0 0 0 0 0 0 
0.0514 0 0 0 0 0 0 0 0 0 0 0 0 0 0 0 0 0 
0.0316 0 0 0 0 0 0 0 0 0 0 0 0 0 0 0 0 0 
0.01645 0 0 0 0 0 0 0 0 0 0 0 0 0 0 0 0 0 
0.00755 0 0 0 0 0 0 0 0 0 0 0 0 0 0 0 0 0 
0.0023 0 0 0 0 0 0 0 0 0 0 0 0 0 0 0 0 0 
0.0003 0 0 0 0 0 0 0 0 0 0 0 0 0 0 0 0 0 
5e-05 0 0 0 0 0 0 0 0 0 0 0 0 0 0 0 0 0 

1 0.99885 0.99725 0.9906 0.9826 0.97305 0.96185 0.94905 0.9259 0.90375 0.8744 0.8419 0.8024 0.75205 0.69005 0.61545 0.5136 0.3655 
0.62485 0.00105 0.0001 5e-05 0 0 0 0 0 0 0 0 0 0 0 0 0 0 
0.4826 0.0001 0 0 0 0 0 0 0 0 0 0 0 0 0 0 0 0 
0.38705 5e-05 0 0 0 0 0 0 0 0 0 0 0 0 0 0 0 0 
0.3175 0 0 0 0 0 0 0 0 0 0 0 0 0 0 0 0 0 
0.25525 0 0 0 0 0 0 0 0 0 0 0 0 0 0 0 0 0 
0.21005 0 0 0 0 0 0 0 0 0 0 0 0 0 0 0 0 0 
0.16555 0 0 0 0 0 0 0 0 0 0 0 0 0 0 0 0 0 
0.13165 0 0 0 0 0 0 0 0 0 0 0 0 0 0 0 0 0 
0.09935 0 0 0 0 0 0 0 0 0 0 0 0 0 0 0 0 0 
0.0718 0 0 0 0 0 0 0 0 0 0 0 0 0 0 0 0 0 
0.04905 0 0 0 0 0 0 0 0 0 0 0 0 0 0 0 0 0 
0.03185 0 0 0 0 0 0 0 0 0 0 0 0 0 0 0 0 0 
0.01905 0 0 0 0 0 0 0 0 0 0 0 0 0 0 0 0 0 
0.0096 0 0 0 0 0 0 0 0 0 0 0 0 0 0 0 0 0 
0.0041 0 0 0 0 0 0 0 0 0 0 0 0 0 0 0 0 0 
0.001 0 0 0 0 0 0 0 0 0 0 0 0 0 0 0 0 0 
0.0001 0 0 0 0 0 0 0 0 0 0 0 0 0 0 0 0 0 

1 0.9983 0.99615 0.991 0.98375 0.9737 0.963 0.9478 0.927 0.9075 0.87865 0.8434 0.8026 0.7524 0.6911 0.6158 0.51345 0.36255 
0.62495 0.00025 0 0 0 0 0 0 0 0 0 0 0 0 0 0 0 0 
0.4812 0 0 0 0 0 0 0 0 0 0 0 0 0 0 0 0 0 
0.38985 0 0 0 0 0 0 0 0 0 0 0 0 0 0 0 0 0 
0.31735 0 0 0 0 0 0 0 0 0 0 0 0 0 0 0 0 0 
0.2593 0 0 0 0 0 0 0 0 0 0 0 0 0 0 0 0 0 
0.2073 0 0 0 0 0 0 0 0 0 0 0 0 0 0 0 0 0 
0.16635 0 0 0 0 0 0 0 0 0 0 0 0 0 0 0 0 0 
0.1272 0 0 0 0 0 0 0 0 0 0 0 0 0 0 0 0 0 
0.0974 0 0 0 0 0 0 0 0 0 0 0 0 0 0 0 0 0 
0.07015 0 0 0 0 0 0 0 0 0 0 0 0 0 0 0 0 0 
0.04805 0 0 0 0 0 0 0 0 0 0 0 0 0 0 0 0 0 
0.0312 0 0 0 0 0 0 0 0 0 0 0 0 0 0 0 0 0 
0.0184 0 0 0 0 0 0 0 0 0 0 0 0 0 0 0 0 0 
0.00895 0 0 0 0 0 0 0 0 0 0 0 0 0 0 0 0 0 
0.0033 0 0 0 0 0 0 0 0 0 0 0 0 0 0 0 0 0 
0.00065 0 0 0 0 0 0 0 0 0 0 0 0 0 0 0 0 0 
0 0 0 0 0 0 0 0 0 0 0 0 0 0 0 0 0 0 

1 0.9987 0.9976 0.99335 0.98755 0.98015 0.9726 0.9627 0.94805 0.9342 0.9143 0.8905 0.8631 0.82955 0.7858 0.7365 0.66025 0.53075 
0.466 0 0 0 0 0 0 0 0 0 0 0 0 0 0 0 0 0 
0.34155 0 0 0 0 0 0 0 0 0 0 0 0 0 0 0 0 0 
0.268 0 0 0 0 0 0 0 0 0 0 0 0 0 0 0 0 0 
0.2164 0 0 0 0 0 0 0 0 0 0 0 0 0 0 0 0 0 
0.17625 0 0 0 0 0 0 0 0 0 0 0 0 0 0 0 0 0 
0.14195 0 0 0 0 0 0 0 0 0 0 0 0 0 0 0 0 0 
0.1125 0 0 0 0 0 0 0 0 0 0 0 0 0 0 0 0 0 
0.09105 0 0 0 0 0 0 0 0 0 0 0 0 0 0 0 0 0 
0.06975 0 0 0 0 0 0 0 0 0 0 0 0 0 0 0 0 0 
0.0504 0 0 0 0 0 0 0 0 0 0 0 0 0 0 0 0 0 
0.03485 0 0 0 0 0 0 0 0 0 0 0 0 0 0 0 0 0 
0.0221 0 0 0 0 0 0 0 0 0 0 0 0 0 0 0 0 0 
0.01365 0 0 0 0 0 0 0 0 0 0 0 0 0 0 0 0 0 
0.00665 0 0 0 0 0 0 0 0 0 0 0 0 0 0 0 0 0 
0.0027 0 0 0 0 0 0 0 0 0 0 0 0 0 0 0 0 0 
0.0005 0 0 0 0 0 0 0 0 0 0 0 0 0 0 0 0 0 
5e-05 0 0 0 0 0 0 0 0 0 0 0 0 0 0 0 0 0 

1 0.9965 0.9888 0.9694 0.902 0.85 0.7582 0.6758 0.5671 0.4707 0.3754 0.3033 0.2294 0.1798 0.1308 0.1044 0.0709 0.0484 
0.923 0.8711 0.7807 0.6427 0.4094 0.2648 0.136 0.0693 0.0245 0.0069 0.0032 0.001 0.0008 0.0003 0.0001 0.0001 0 0 
0.7458 0.5826 0.3328 0.1454 0.0195 0.0071 0.0013 0.0005 0 0 0 0 0 0 0 0 0 0 
0.5897 0.3551 0.1302 0.0336 0.0017 0.0005 0 0 0 0 0 0 0 0 0 0 0 0 
0.4082 0.1562 0.0251 0.0028 0 0 0 0 0 0 0 0 0 0 0 0 0 0 
0.272 0.0582 0.0065 0.0007 0 0 0 0 0 0 0 0 0 0 0 0 0 0 
0.1577 0.0183 0.0006 0.0002 0 0 0 0 0 0 0 0 0 0 0 0 0 0 
0.0915 0.0062 0.0003 0.0001 0 0 0 0 0 0 0 0 0 0 0 0 0 0 
0.049 0.0016 0 0 0 0 0 0 0 0 0 0 0 0 0 0 0 0 
0.025 0.0006 0 0 0 0 0 0 0 0 0 0 0 0 0 0 0 0 
0.0104 0 0 0 0 0 0 0 0 0 0 0 0 0 0 0 0 0 
0.0047 0 0 0 0 0 0 0 0 0 0 0 0 0 0 0 0 0 
0.0018 0 0 0 0 0 0 0 0 0 0 0 0 0 0 0 0 0 
0.0009 0.0001 0 0 0 0 0 0 0 0 0 0 0 0 0 0 0 0 
0.0004 0 0 0 0 0 0 0 0 0 0 0 0 0 0 0 0 0 
0.0001 0 0 0 0 0 0 0 0 0 0 0 0 0 0 0 0 0 
0.0001 0 0 0 0 0 0 0 0 0 0 0 0 0 0 0 0 0 
0.0001 0 0 0 0 0 0 0 0 0 0 0 0 0 0 0 0 0 

1 0.9971 0.9934 0.9708 0.9403 0.8973 0.837 0.771 0.69 0.6091 0.5321 0.4624 0.3945 0.3352 0.2776 0.2302 0.1761 0.1228 
0.8413 0.6954 0.5545 0.3948 0.25 0.1499 0.0787 0.0342 0.0103 0.0028 0.0003 0 0.0001 0 0 0 0 0 
0.6919 0.4299 0.2278 0.0781 0.0166 0.002 0.0001 0 0 0 0 0 0 0 0 0 0 0 
0.5475 0.2484 0.0814 0.0104 0.0007 0 0 0 0 0 0 0 0 0 0 0 0 0 
0.4096 0.1246 0.0196 0.0002 0 0 0 0 0 0 0 0 0 0 0 0 0 0 
0.2918 0.0508 0.0035 0 0 0 0 0 0 0 0 0 0 0 0 0 0 0 
0.1934 0.0166 0.0002 0 0 0 0 0 0 0 0 0 0 0 0 0 0 0 
0.127 0.0036 0 0 0 0 0 0 0 0 0 0 0 0 0 0 0 0 
0.0785 0.0006 0 0 0 0 0 0 0 0 0 0 0 0 0 0 0 0 
0.0433 0.0002 0 0 0 0 0 0 0 0 0 0 0 0 0 0 0 0 
0.0254 0 0 0 0 0 0 0 0 0 0 0 0 0 0 0 0 0 
0.0134 0 0 0 0 0 0 0 0 0 0 0 0 0 0 0 0 0 
0.0083 0 0 0 0 0 0 0 0 0 0 0 0 0 0 0 0 0 
0.0037 0 0 0 0 0 0 0 0 0 0 0 0 0 0 0 0 0 
0.0013 0 0 0 0 0 0 0 0 0 0 0 0 0 0 0 0 0 
0.0004 0 0 0 0 0 0 0 0 0 0 0 0 0 0 0 0 0 
0 0 0 0 0 0 0 0 0 0 0 0 0 0 0 0 0 0 
0 0 0 0 0 0 0 0 0 0 0 0 0 0 0 0 0 0 

1 0.9973 0.9942 0.9763 0.9444 0.9125 0.8695 0.8206 0.7539 0.691 0.6213 0.5563 0.4911 0.4234 0.3611 0.2959 0.2256 0.163 
0.8033 0.6075 0.4481 0.3049 0.1952 0.1152 0.0608 0.0306 0.0095 0.0031 0.0007 0 0 0 0 0 0 0 
0.6407 0.3367 0.1518 0.0466 0.0091 0.0017 0.0003 0 0 0 0 0 0 0 0 0 0 0 
0.4994 0.1872 0.0524 0.006 0.0003 0.0001 0 0 0 0 0 0 0 0 0 0 0 0 
0.3831 0.0908 0.0141 0.0003 0 0 0 0 0 0 0 0 0 0 0 0 0 0 
0.2808 0.0392 0.0032 0 0 0 0 0 0 0 0 0 0 0 0 0 0 0 
0.2052 0.0145 0.0004 0 0 0 0 0 0 0 0 0 0 0 0 0 0 0 
0.1378 0.0035 0 0 0 0 0 0 0 0 0 0 0 0 0 0 0 0 
0.0891 0.0005 0 0 0 0 0 0 0 0 0 0 0 0 0 0 0 0 
0.0565 0.0001 0 0 0 0 0 0 0 0 0 0 0 0 0 0 0 0 
0.0337 0 0 0 0 0 0 0 0 0 0 0 0 0 0 0 0 0 
0.0193 0 0 0 0 0 0 0 0 0 0 0 0 0 0 0 0 0 
0.0108 0 0 0 0 0 0 0 0 0 0 0 0 0 0 0 0 0 
0.0054 0 0 0 0 0 0 0 0 0 0 0 0 0 0 0 0 0 
0.0024 0 0 0 0 0 0 0 0 0 0 0 0 0 0 0 0 0 
0.0004 0 0 0 0 0 0 0 0 0 0 0 0 0 0 0 0 0 
0.0001 0 0 0 0 0 0 0 0 0 0 0 0 0 0 0 0 0 
0.0002 0 0 0 0 0 0 0 0 0 0 0 0 0 0 0 0 0 

1 0.999 0.9968 0.9927 0.9819 0.9757 0.9622 0.9476 0.929 0.9052 0.883 0.8513 0.8117 0.7634 0.7081 0.6396 0.553 0.4169 
0.5707 0.0674 0.0303 0.0131 0.0072 0.0043 0.0027 0.0011 0.0008 0.0001 0 0 0 0 0 0 0 0 
0.434 0.0207 0.0052 0.0007 0.0001 0 0 0 0 0 0 0 0 0 0 0 0 0 
0.3408 0.0092 0.0012 0.0001 0 0 0 0 0 0 0 0 0 0 0 0 0 0 
0.2806 0.0051 0.0002 0 0 0 0 0 0 0 0 0 0 0 0 0 0 0 
0.2286 0.002 0 0 0 0 0 0 0 0 0 0 0 0 0 0 0 0 
0.1768 0.001 0.0001 0 0 0 0 0 0 0 0 0 0 0 0 0 0 0 
0.1392 0.0004 0 0 0 0 0 0 0 0 0 0 0 0 0 0 0 0 
0.1087 0 0 0 0 0 0 0 0 0 0 0 0 0 0 0 0 0 
0.0799 0 0 0 0 0 0 0 0 0 0 0 0 0 0 0 0 0 
0.0587 0 0 0 0 0 0 0 0 0 0 0 0 0 0 0 0 0 
0.0399 0 0 0 0 0 0 0 0 0 0 0 0 0 0 0 0 0 
0.0261 0 0 0 0 0 0 0 0 0 0 0 0 0 0 0 0 0 
0.0155 0 0 0 0 0 0 0 0 0 0 0 0 0 0 0 0 0 
0.0073 0 0 0 0 0 0 0 0 0 0 0 0 0 0 0 0 0 
0.0026 0 0 0 0 0 0 0 0 0 0 0 0 0 0 0 0 0 
0.0005 0 0 0 0 0 0 0 0 0 0 0 0 0 0 0 0 0 
0 0 0 0 0 0 0 0 0 0 0 0 0 0 0 0 0 0 

1 0.9978 0.9951 0.9814 0.9634 0.9346 0.9082 0.8667 0.8152 0.7612 0.6965 0.6305 0.5598 0.489 0.41 0.33 0.2428 0.1589 
0.8077 0.5026 0.3283 0.2004 0.1207 0.071 0.0393 0.0177 0.0073 0.0016 0.0002 0.0001 0 0 0 0 0 0 
0.6418 0.2326 0.0824 0.022 0.0035 0.0003 0 0 0 0 0 0 0 0 0 0 0 0 
0.5181 0.1221 0.0241 0.0033 0.0002 0 0 0 0 0 0 0 0 0 0 0 0 0 
0.4024 0.0545 0.0054 0.0001 0 0 0 0 0 0 0 0 0 0 0 0 0 0 
0.3081 0.0217 0.0017 0 0 0 0 0 0 0 0 0 0 0 0 0 0 0 
0.2323 0.0076 0.0002 0 0 0 0 0 0 0 0 0 0 0 0 0 0 0 
0.1675 0.0016 0 0 0 0 0 0 0 0 0 0 0 0 0 0 0 0 
0.1178 0.0002 0 0 0 0 0 0 0 0 0 0 0 0 0 0 0 0 
0.0767 0 0 0 0 0 0 0 0 0 0 0 0 0 0 0 0 0 
0.0509 0 0 0 0 0 0 0 0 0 0 0 0 0 0 0 0 0 
0.0314 0 0 0 0 0 0 0 0 0 0 0 0 0 0 0 0 0 
0.017 0 0 0 0 0 0 0 0 0 0 0 0 0 0 0 0 0 
0.0085 0 0 0 0 0 0 0 0 0 0 0 0 0 0 0 0 0 
0.0039 0 0 0 0 0 0 0 0 0 0 0 0 0 0 0 0 0 
0.0018 0 0 0 0 0 0 0 0 0 0 0 0 0 0 0 0 0 
0.0002 0 0 0 0 0 0 0 0 0 0 0 0 0 0 0 0 0 
0.0001 0 0 0 0 0 0 0 0 0 0 0 0 0 0 0 0 0 

1 0.9981 0.9977 0.9895 0.9839 0.9731 0.9599 0.9469 0.9244 0.9052 0.8747 0.8383 0.7959 0.743 0.6853 0.6016 0.5008 0.3556 
0.6318 0.0192 0.0056 0.0023 0.0009 0.0006 0.0004 0.0004 0 0.0001 0 0 0 0 0 0 0 0 
0.4923 0.0041 0.0004 0.0001 0 0 0 0 0 0 0 0 0 0 0 0 0 0 
0.3921 0.0014 0.0001 0 0 0 0 0 0 0 0 0 0 0 0 0 0 0 
0.3244 0.0004 0.0001 0 0 0 0 0 0 0 0 0 0 0 0 0 0 0 
0.263 0.0002 0 0 0 0 0 0 0 0 0 0 0 0 0 0 0 0 
0.2147 0.0001 0 0 0 0 0 0 0 0 0 0 0 0 0 0 0 0 
0.1694 0.0001 0 0 0 0 0 0 0 0 0 0 0 0 0 0 0 0 
0.1286 0.0001 0 0 0 0 0 0 0 0 0 0 0 0 0 0 0 0 
0.0948 0.0001 0 0 0 0 0 0 0 0 0 0 0 0 0 0 0 0 
0.0709 0 0 0 0 0 0 0 0 0 0 0 0 0 0 0 0 0 
0.0475 0 0 0 0 0 0 0 0 0 0 0 0 0 0 0 0 0 
0.0309 0 0 0 0 0 0 0 0 0 0 0 0 0 0 0 0 0 
0.0168 0 0 0 0 0 0 0 0 0 0 0 0 0 0 0 0 0 
0.0084 0 0 0 0 0 0 0 0 0 0 0 0 0 0 0 0 0 
0.0032 0 0 0 0 0 0 0 0 0 0 0 0 0 0 0 0 0 
0.0005 0 0 0 0 0 0 0 0 0 0 0 0 0 0 0 0 0 
0.0001 0 0 0 0 0 0 0 0 0 0 0 0 0 0 0 0 0 

1 0.9985 0.9966 0.9909 0.9836 0.9714 0.9584 0.9428 0.924 0.8992 0.8717 0.8306 0.7872 0.7369 0.6733 0.5952 0.4858 0.3417 
0.648 0.0108 0.0028 0.0009 0.0003 0.0001 0 0 0 0 0 0 0 0 0 0 0 0 
0.5072 0.0017 0.0001 0 0 0 0 0 0 0 0 0 0 0 0 0 0 0 
0.4071 0.0008 0 0 0 0 0 0 0 0 0 0 0 0 0 0 0 0 
0.3333 0.0005 0 0 0 0 0 0 0 0 0 0 0 0 0 0 0 0 
0.2716 0.0002 0 0 0 0 0 0 0 0 0 0 0 0 0 0 0 0 
0.2196 0 0 0 0 0 0 0 0 0 0 0 0 0 0 0 0 0 
0.1736 0 0 0 0 0 0 0 0 0 0 0 0 0 0 0 0 0 
0.1359 0 0 0 0 0 0 0 0 0 0 0 0 0 0 0 0 0 
0.1027 0 0 0 0 0 0 0 0 0 0 0 0 0 0 0 0 0 
0.0758 0 0 0 0 0 0 0 0 0 0 0 0 0 0 0 0 0 
0.0516 0 0 0 0 0 0 0 0 0 0 0 0 0 0 0 0 0 
0.0337 0 0 0 0 0 0 0 0 0 0 0 0 0 0 0 0 0 
0.0189 0 0 0 0 0 0 0 0 0 0 0 0 0 0 0 0 0 
0.0101 0 0 0 0 0 0 0 0 0 0 0 0 0 0 0 0 0 
0.0035 0 0 0 0 0 0 0 0 0 0 0 0 0 0 0 0 0 
0.0013 0 0 0 0 0 0 0 0 0 0 0 0 0 0 0 0 0 
0.0001 0 0 0 0 0 0 0 0 0 0 0 0 0 0 0 0 0 

1 0.9987 0.9971 0.9922 0.9859 0.9796 0.9721 0.9604 0.9459 0.927 0.9078 0.8863 0.8529 0.8161 0.7698 0.709 0.6293 0.4909 
0.503 0 0 0 0 0 0 0 0 0 0 0 0 0 0 0 0 0 
0.3708 0 0 0 0 0 0 0 0 0 0 0 0 0 0 0 0 0 
0.2948 0 0 0 0 0 0 0 0 0 0 0 0 0 0 0 0 0 
0.2354 0 0 0 0 0 0 0 0 0 0 0 0 0 0 0 0 0 
0.1928 0 0 0 0 0 0 0 0 0 0 0 0 0 0 0 0 0 
0.1557 0 0 0 0 0 0 0 0 0 0 0 0 0 0 0 0 0 
0.1241 0 0 0 0 0 0 0 0 0 0 0 0 0 0 0 0 0 
0.0949 0 0 0 0 0 0 0 0 0 0 0 0 0 0 0 0 0 
0.0725 0 0 0 0 0 0 0 0 0 0 0 0 0 0 0 0 0 
0.0529 0 0 0 0 0 0 0 0 0 0 0 0 0 0 0 0 0 
0.0357 0 0 0 0 0 0 0 0 0 0 0 0 0 0 0 0 0 
0.0231 0 0 0 0 0 0 0 0 0 0 0 0 0 0 0 0 0 
0.0125 0 0 0 0 0 0 0 0 0 0 0 0 0 0 0 0 0 
0.0065 0 0 0 0 0 0 0 0 0 0 0 0 0 0 0 0 0 
0.0034 0 0 0 0 0 0 0 0 0 0 0 0 0 0 0 0 0 
0.0008 0 0 0 0 0 0 0 0 0 0 0 0 0 0 0 0 0 
0.0001 0 0 0 0 0 0 0 0 0 0 0 0 0 0 0 0 0 

1 0.9978 0.994 0.9822 0.9642 0.9474 0.9233 0.8873 0.8491 0.8021 0.7329 0.6668 0.5868 0.5022 0.4136 0.3215 0.2271 0.1328 
0.8326 0.3905 0.2104 0.1118 0.0596 0.0352 0.0215 0.0096 0.004 0.0009 0.0003 0.0003 0 0 0 0 0 0 
0.6922 0.155 0.039 0.0088 0.001 0.0001 0 0 0 0 0 0 0 0 0 0 0 0 
0.5775 0.0722 0.0093 0.0005 0.0002 0 0 0 0 0 0 0 0 0 0 0 0 0 
0.4678 0.0317 0.0027 0 0 0 0 0 0 0 0 0 0 0 0 0 0 0 
0.3696 0.0135 0.0008 0 0 0 0 0 0 0 0 0 0 0 0 0 0 0 
0.292 0.0042 0 0 0 0 0 0 0 0 0 0 0 0 0 0 0 0 
0.2179 0.0012 0 0 0 0 0 0 0 0 0 0 0 0 0 0 0 0 
0.1588 0.0001 0 0 0 0 0 0 0 0 0 0 0 0 0 0 0 0 
0.1109 0 0 0 0 0 0 0 0 0 0 0 0 0 0 0 0 0 
0.0733 0 0 0 0 0 0 0 0 0 0 0 0 0 0 0 0 0 
0.0472 0 0 0 0 0 0 0 0 0 0 0 0 0 0 0 0 0 
0.0253 0 0 0 0 0 0 0 0 0 0 0 0 0 0 0 0 0 
0.0133 0 0 0 0 0 0 0 0 0 0 0 0 0 0 0 0 0 
0.0049 0 0 0 0 0 0 0 0 0 0 0 0 0 0 0 0 0 
0.001 0 0 0 0 0 0 0 0 0 0 0 0 0 0 0 0 0 
0.0002 0 0 0 0 0 0 0 0 0 0 0 0 0 0 0 0 0 
0 0 0 0 0 0 0 0 0 0 0 0 0 0 0 0 0 0 

1 0.9979 0.9957 0.9888 0.9837 0.9714 0.9589 0.9396 0.9188 0.8922 0.8585 0.8202 0.7695 0.7115 0.638 0.5508 0.4432 0.2907 
0.696 0.0053 0.0005 0.0001 0.0001 0 0 0 0 0 0 0 0 0 0 0 0 0 
0.5498 0.0004 0 0 0 0 0 0 0 0 0 0 0 0 0 0 0 0 
0.4467 0.0001 0 0 0 0 0 0 0 0 0 0 0 0 0 0 0 0 
0.3716 0 0 0 0 0 0 0 0 0 0 0 0 0 0 0 0 0 
0.2996 0 0 0 0 0 0 0 0 0 0 0 0 0 0 0 0 0 
0.2432 0 0 0 0 0 0 0 0 0 0 0 0 0 0 0 0 0 
0.1926 0 0 0 0 0 0 0 0 0 0 0 0 0 0 0 0 0 
0.1502 0 0 0 0 0 0 0 0 0 0 0 0 0 0 0 0 0 
0.1125 0 0 0 0 0 0 0 0 0 0 0 0 0 0 0 0 0 
0.079 0 0 0 0 0 0 0 0 0 0 0 0 0 0 0 0 0 
0.0553 0 0 0 0 0 0 0 0 0 0 0 0 0 0 0 0 0 
0.0336 0 0 0 0 0 0 0 0 0 0 0 0 0 0 0 0 0 
0.02 0 0 0 0 0 0 0 0 0 0 0 0 0 0 0 0 0 
0.0093 0 0 0 0 0 0 0 0 0 0 0 0 0 0 0 0 0 
0.0037 0 0 0 0 0 0 0 0 0 0 0 0 0 0 0 0 0 
0.001 0 0 0 0 0 0 0 0 0 0 0 0 0 0 0 0 0 
0 0 0 0 0 0 0 0 0 0 0 0 0 0 0 0 0 0 

1 0.9986 0.9959 0.9886 0.9822 0.9716 0.9571 0.9407 0.9145 0.8933 0.8549 0.8125 0.7629 0.7079 0.6333 0.5461 0.4329 0.2858 
0.7032 0.0023 0.0002 0 0 0 0 0 0 0 0 0 0 0 0 0 0 0 
0.5618 0.0002 0 0 0 0 0 0 0 0 0 0 0 0 0 0 0 0 
0.4596 0.0001 0 0 0 0 0 0 0 0 0 0 0 0 0 0 0 0 
0.3758 0 0 0 0 0 0 0 0 0 0 0 0 0 0 0 0 0 
0.3026 0 0 0 0 0 0 0 0 0 0 0 0 0 0 0 0 0 
0.2466 0 0 0 0 0 0 0 0 0 0 0 0 0 0 0 0 0 
0.1986 0 0 0 0 0 0 0 0 0 0 0 0 0 0 0 0 0 
0.1543 0 0 0 0 0 0 0 0 0 0 0 0 0 0 0 0 0 
0.115 0 0 0 0 0 0 0 0 0 0 0 0 0 0 0 0 0 
0.0826 0 0 0 0 0 0 0 0 0 0 0 0 0 0 0 0 0 
0.0557 0 0 0 0 0 0 0 0 0 0 0 0 0 0 0 0 0 
0.0341 0 0 0 0 0 0 0 0 0 0 0 0 0 0 0 0 0 
0.0171 0 0 0 0 0 0 0 0 0 0 0 0 0 0 0 0 0 
0.0077 0 0 0 0 0 0 0 0 0 0 0 0 0 0 0 0 0 
0.003 0 0 0 0 0 0 0 0 0 0 0 0 0 0 0 0 0 
0.0007 0 0 0 0 0 0 0 0 0 0 0 0 0 0 0 0 0 
0 0 0 0 0 0 0 0 0 0 0 0 0 0 0 0 0 0 

1 0.9984 0.9969 0.9921 0.984 0.9739 0.966 0.9517 0.9382 0.9149 0.8937 0.8643 0.8333 0.7928 0.7409 0.6782 0.5908 0.4453 
0.5429 0 0 0 0 0 0 0 0 0 0 0 0 0 0 0 0 0 
0.4065 0 0 0 0 0 0 0 0 0 0 0 0 0 0 0 0 0 
0.3287 0 0 0 0 0 0 0 0 0 0 0 0 0 0 0 0 0 
0.2632 0 0 0 0 0 0 0 0 0 0 0 0 0 0 0 0 0 
0.2218 0 0 0 0 0 0 0 0 0 0 0 0 0 0 0 0 0 
0.1719 0 0 0 0 0 0 0 0 0 0 0 0 0 0 0 0 0 
0.1395 0 0 0 0 0 0 0 0 0 0 0 0 0 0 0 0 0 
0.1119 0 0 0 0 0 0 0 0 0 0 0 0 0 0 0 0 0 
0.0871 0 0 0 0 0 0 0 0 0 0 0 0 0 0 0 0 0 
0.0627 0 0 0 0 0 0 0 0 0 0 0 0 0 0 0 0 0 
0.0455 0 0 0 0 0 0 0 0 0 0 0 0 0 0 0 0 0 
0.0308 0 0 0 0 0 0 0 0 0 0 0 0 0 0 0 0 0 
0.018 0 0 0 0 0 0 0 0 0 0 0 0 0 0 0 0 0 
0.0092 0 0 0 0 0 0 0 0 0 0 0 0 0 0 0 0 0 
0.004 0 0 0 0 0 0 0 0 0 0 0 0 0 0 0 0 0 
0.0009 0 0 0 0 0 0 0 0 0 0 0 0 0 0 0 0 0 
0 0 0 0 0 0 0 0 0 0 0 0 0 0 0 0 0 0 

1 0.9985 0.9961 0.9887 0.9796 0.9714 0.9587 0.9365 0.9187 0.8915 0.8567 0.814 0.7666 0.7088 0.6341 0.5472 0.4319 0.2854 
0.7051 0.0008 0.0002 0 0 0 0 0 0 0 0 0 0 0 0 0 0 0 
0.5594 0.0002 0 0 0 0 0 0 0 0 0 0 0 0 0 0 0 0 
0.4521 0 0 0 0 0 0 0 0 0 0 0 0 0 0 0 0 0 
0.3694 0 0 0 0 0 0 0 0 0 0 0 0 0 0 0 0 0 
0.3063 0 0 0 0 0 0 0 0 0 0 0 0 0 0 0 0 0 
0.2443 0 0 0 0 0 0 0 0 0 0 0 0 0 0 0 0 0 
0.1971 0 0 0 0 0 0 0 0 0 0 0 0 0 0 0 0 0 
0.1517 0 0 0 0 0 0 0 0 0 0 0 0 0 0 0 0 0 
0.1146 0 0 0 0 0 0 0 0 0 0 0 0 0 0 0 0 0 
0.0832 0 0 0 0 0 0 0 0 0 0 0 0 0 0 0 0 0 
0.0571 0 0 0 0 0 0 0 0 0 0 0 0 0 0 0 0 0 
0.0366 0 0 0 0 0 0 0 0 0 0 0 0 0 0 0 0 0 
0.0218 0 0 0 0 0 0 0 0 0 0 0 0 0 0 0 0 0 
0.0103 0 0 0 0 0 0 0 0 0 0 0 0 0 0 0 0 0 
0.0045 0 0 0 0 0 0 0 0 0 0 0 0 0 0 0 0 0 
0.0009 0 0 0 0 0 0 0 0 0 0 0 0 0 0 0 0 0 
0 0 0 0 0 0 0 0 0 0 0 0 0 0 0 0 0 0 

1 0.9975 0.9972 0.991 0.9851 0.9778 0.9691 0.9554 0.9396 0.9218 0.8983 0.8672 0.8307 0.7887 0.7359 0.6696 0.5777 0.4458 
0.5493 0 0 0 0 0 0 0 0 0 0 0 0 0 0 0 0 0 
0.4141 0 0 0 0 0 0 0 0 0 0 0 0 0 0 0 0 0 
0.3344 0 0 0 0 0 0 0 0 0 0 0 0 0 0 0 0 0 
0.2735 0 0 0 0 0 0 0 0 0 0 0 0 0 0 0 0 0 
0.2198 0 0 0 0 0 0 0 0 0 0 0 0 0 0 0 0 0 
0.1804 0 0 0 0 0 0 0 0 0 0 0 0 0 0 0 0 0 
0.141 0 0 0 0 0 0 0 0 0 0 0 0 0 0 0 0 0 
0.1079 0 0 0 0 0 0 0 0 0 0 0 0 0 0 0 0 0 
0.078 0 0 0 0 0 0 0 0 0 0 0 0 0 0 0 0 0 
0.0588 0 0 0 0 0 0 0 0 0 0 0 0 0 0 0 0 0 
0.0418 0 0 0 0 0 0 0 0 0 0 0 0 0 0 0 0 0 
0.0274 0 0 0 0 0 0 0 0 0 0 0 0 0 0 0 0 0 
0.0154 0 0 0 0 0 0 0 0 0 0 0 0 0 0 0 0 0 
0.0068 0 0 0 0 0 0 0 0 0 0 0 0 0 0 0 0 0 
0.0024 0 0 0 0 0 0 0 0 0 0 0 0 0 0 0 0 0 
0.0005 0 0 0 0 0 0 0 0 0 0 0 0 0 0 0 0 0 
0.0001 0 0 0 0 0 0 0 0 0 0 0 0 0 0 0 0 0 

1 0.9993 0.9967 0.9914 0.9852 0.9779 0.9679 0.957 0.9432 0.9251 0.9026 0.8751 0.8415 0.7983 0.7479 0.6819 0.5943 0.4555 
0.5373 0 0 0 0 0 0 0 0 0 0 0 0 0 0 0 0 0 
0.4045 0 0 0 0 0 0 0 0 0 0 0 0 0 0 0 0 0 
0.323 0 0 0 0 0 0 0 0 0 0 0 0 0 0 0 0 0 
0.2586 0 0 0 0 0 0 0 0 0 0 0 0 0 0 0 0 0 
0.2076 0 0 0 0 0 0 0 0 0 0 0 0 0 0 0 0 0 
0.1683 0 0 0 0 0 0 0 0 0 0 0 0 0 0 0 0 0 
0.1295 0 0 0 0 0 0 0 0 0 0 0 0 0 0 0 0 0 
0.1013 0 0 0 0 0 0 0 0 0 0 0 0 0 0 0 0 0 
0.0786 0 0 0 0 0 0 0 0 0 0 0 0 0 0 0 0 0 
0.0584 0 0 0 0 0 0 0 0 0 0 0 0 0 0 0 0 0 
0.0397 0 0 0 0 0 0 0 0 0 0 0 0 0 0 0 0 0 
0.0248 0 0 0 0 0 0 0 0 0 0 0 0 0 0 0 0 0 
0.0148 0 0 0 0 0 0 0 0 0 0 0 0 0 0 0 0 0 
0.0077 0 0 0 0 0 0 0 0 0 0 0 0 0 0 0 0 0 
0.0039 0 0 0 0 0 0 0 0 0 0 0 0 0 0 0 0 0 
0.001 0 0 0 0 0 0 0 0 0 0 0 0 0 0 0 0 0 
0.0002 0 0 0 0 0 0 0 0 0 0 0 0 0 0 0 0 0 

1 0.9988 0.9974 0.9937 0.9876 0.9833 0.9775 0.9714 0.9582 0.9481 0.9294 0.914 0.8929 0.8632 0.8242 0.7817 0.7168 0.606 
0.3929 0 0 0 0 0 0 0 0 0 0 0 0 0 0 0 0 0 
0.2829 0 0 0 0 0 0 0 0 0 0 0 0 0 0 0 0 0 
0.2248 0 0 0 0 0 0 0 0 0 0 0 0 0 0 0 0 0 
0.18 0 0 0 0 0 0 0 0 0 0 0 0 0 0 0 0 0 
0.1442 0 0 0 0 0 0 0 0 0 0 0 0 0 0 0 0 0 
0.1148 0 0 0 0 0 0 0 0 0 0 0 0 0 0 0 0 0 
0.0898 0 0 0 0 0 0 0 0 0 0 0 0 0 0 0 0 0 
0.0693 0 0 0 0 0 0 0 0 0 0 0 0 0 0 0 0 0 
0.0518 0 0 0 0 0 0 0 0 0 0 0 0 0 0 0 0 0 
0.0392 0 0 0 0 0 0 0 0 0 0 0 0 0 0 0 0 0 
0.0288 0 0 0 0 0 0 0 0 0 0 0 0 0 0 0 0 0 
0.0184 0 0 0 0 0 0 0 0 0 0 0 0 0 0 0 0 0 
0.0105 0 0 0 0 0 0 0 0 0 0 0 0 0 0 0 0 0 
0.0056 0 0 0 0 0 0 0 0 0 0 0 0 0 0 0 0 0 
0.0023 0 0 0 0 0 0 0 0 0 0 0 0 0 0 0 0 0 
0.0004 0 0 0 0 0 0 0 0 0 0 0 0 0 0 0 0 0 
0.0001 0 0 0 0 0 0 0 0 0 0 0 0 0 0 0 0 0 

1 0.9972 0.9872 0.9678 0.8938 0.8308 0.736 0.6494 0.517 0.4374 0.3254 0.2584 0.1902 0.1446 0.0984 0.074 0.0508 0.0364 
0.9374 0.8974 0.8204 0.7092 0.4314 0.2824 0.1468 0.0808 0.023 0.0068 0.0024 0.002 0.0008 0.0006 0 0.0002 0 0 
0.7684 0.6158 0.3666 0.1696 0.0196 0.0064 0.0012 0.0002 0 0 0 0 0 0 0 0 0 0 
0.6106 0.3898 0.1462 0.0432 0.0028 0.0002 0 0 0 0 0 0 0 0 0 0 0 0 
0.4186 0.1786 0.0274 0.0058 0.0004 0.0004 0 0 0 0 0 0 0 0 0 0 0 0 
0.2734 0.0656 0.0084 0.0008 0 0 0 0 0 0 0 0 0 0 0 0 0 0 
0.156 0.0208 0.0012 0 0 0 0 0 0 0 0 0 0 0 0 0 0 0 
0.0826 0.0062 0.0004 0 0 0 0 0 0 0 0 0 0 0 0 0 0 0 
0.0386 0.0018 0.0002 0 0 0 0 0 0 0 0 0 0 0 0 0 0 0 
0.0202 0.0008 0 0 0 0 0 0 0 0 0 0 0 0 0 0 0 0 
0.01 0.0002 0 0 0 0 0 0 0 0 0 0 0 0 0 0 0 0 
0.0026 0.0002 0 0 0 0 0 0 0 0 0 0 0 0 0 0 0 0 
0.0014 0 0 0 0 0 0 0 0 0 0 0 0 0 0 0 0 0 
0.0004 0 0 0 0 0 0 0 0 0 0 0 0 0 0 0 0 0 
0 0 0 0 0 0 0 0 0 0 0 0 0 0 0 0 0 0 
0 0 0 0 0 0 0 0 0 0 0 0 0 0 0 0 0 0 
0 0 0 0 0 0 0 0 0 0 0 0 0 0 0 0 0 0 
0 0 0 0 0 0 0 0 0 0 0 0 0 0 0 0 0 0 

1 0.9978 0.9928 0.9626 0.9158 0.8358 0.7286 0.6122 0.4902 0.386 0.2928 0.2206 0.1738 0.132 0.0982 0.0682 0.0468 0.029 
0.9292 0.8708 0.7662 0.5732 0.3628 0.2036 0.0966 0.0364 0.011 0.0018 0.0012 0 0 0 0 0 0 0 
0.8374 0.655 0.4102 0.1662 0.0396 0.006 0.0004 0 0 0 0 0 0 0 0 0 0 0 
0.7054 0.4184 0.1722 0.0288 0.0012 0.0002 0 0 0 0 0 0 0 0 0 0 0 0 
0.5378 0.2068 0.0416 0.0016 0 0 0 0 0 0 0 0 0 0 0 0 0 0 
0.3602 0.0744 0.007 0.0002 0 0 0 0 0 0 0 0 0 0 0 0 0 0 
0.2186 0.0212 0.001 0 0 0 0 0 0 0 0 0 0 0 0 0 0 0 
0.1234 0.003 0.0002 0 0 0 0 0 0 0 0 0 0 0 0 0 0 0 
0.0656 0.0002 0 0 0 0 0 0 0 0 0 0 0 0 0 0 0 0 
0.0314 0 0 0 0 0 0 0 0 0 0 0 0 0 0 0 0 0 
0.0152 0 0 0 0 0 0 0 0 0 0 0 0 0 0 0 0 0 
0.0076 0 0 0 0 0 0 0 0 0 0 0 0 0 0 0 0 0 
0.0036 0 0 0 0 0 0 0 0 0 0 0 0 0 0 0 0 0 
0.0018 0 0 0 0 0 0 0 0 0 0 0 0 0 0 0 0 0 
0.0006 0 0 0 0 0 0 0 0 0 0 0 0 0 0 0 0 0 
0 0 0 0 0 0 0 0 0 0 0 0 0 0 0 0 0 0 
0 0 0 0 0 0 0 0 0 0 0 0 0 0 0 0 0 0 
0 0 0 0 0 0 0 0 0 0 0 0 0 0 0 0 0 0 

1 0.9974 0.9932 0.967 0.9218 0.8674 0.7832 0.7076 0.6034 0.5134 0.4292 0.3564 0.2902 0.2268 0.1834 0.1344 0.093 0.0666 
0.8984 0.8252 0.702 0.5292 0.3328 0.2028 0.1082 0.0508 0.017 0.0056 0.0026 0.0004 0 0 0 0 0 0 
0.7402 0.5278 0.3042 0.1082 0.0228 0.0046 0.0002 0 0 0 0 0 0 0 0 0 0 0 
0.5782 0.315 0.1166 0.0172 0.002 0 0 0 0 0 0 0 0 0 0 0 0 0 
0.432 0.1546 0.032 0.0014 0 0 0 0 0 0 0 0 0 0 0 0 0 0 
0.2996 0.0616 0.0058 0.0004 0 0 0 0 0 0 0 0 0 0 0 0 0 0 
0.196 0.0192 0.0012 0 0 0 0 0 0 0 0 0 0 0 0 0 0 0 
0.1192 0.006 0 0 0 0 0 0 0 0 0 0 0 0 0 0 0 0 
0.0624 0.0008 0 0 0 0 0 0 0 0 0 0 0 0 0 0 0 0 
0.0314 0.0002 0 0 0 0 0 0 0 0 0 0 0 0 0 0 0 0 
0.0162 0.0002 0 0 0 0 0 0 0 0 0 0 0 0 0 0 0 0 
0.0084 0 0 0 0 0 0 0 0 0 0 0 0 0 0 0 0 0 
0.0038 0 0 0 0 0 0 0 0 0 0 0 0 0 0 0 0 0 
0.001 0 0 0 0 0 0 0 0 0 0 0 0 0 0 0 0 0 
0.0002 0 0 0 0 0 0 0 0 0 0 0 0 0 0 0 0 0 
0 0 0 0 0 0 0 0 0 0 0 0 0 0 0 0 0 0 
0 0 0 0 0 0 0 0 0 0 0 0 0 0 0 0 0 0 
0 0 0 0 0 0 0 0 0 0 0 0 0 0 0 0 0 0 

1 0.9978 0.9932 0.979 0.9652 0.9334 0.899 0.8704 0.8222 0.774 0.724 0.6702 0.617 0.5618 0.5026 0.44 0.3668 0.2776 
0.6972 0.4478 0.3178 0.194 0.1224 0.0694 0.0376 0.019 0.0064 0.001 0 0 0 0 0 0 0 0 
0.5364 0.2346 0.1012 0.0272 0.0048 0.0004 0 0 0 0 0 0 0 0 0 0 0 0 
0.4164 0.1278 0.0386 0.0038 0 0 0 0 0 0 0 0 0 0 0 0 0 0 
0.319 0.0618 0.0108 0 0 0 0 0 0 0 0 0 0 0 0 0 0 0 
0.2398 0.0262 0.0022 0.0002 0 0 0 0 0 0 0 0 0 0 0 0 0 0 
0.1772 0.01 0.0002 0 0 0 0 0 0 0 0 0 0 0 0 0 0 0 
0.1264 0.0028 0 0 0 0 0 0 0 0 0 0 0 0 0 0 0 0 
0.0866 0.0006 0 0 0 0 0 0 0 0 0 0 0 0 0 0 0 0 
0.0572 0.0002 0 0 0 0 0 0 0 0 0 0 0 0 0 0 0 0 
0.0352 0 0 0 0 0 0 0 0 0 0 0 0 0 0 0 0 0 
0.023 0 0 0 0 0 0 0 0 0 0 0 0 0 0 0 0 0 
0.012 0 0 0 0 0 0 0 0 0 0 0 0 0 0 0 0 0 
0.0062 0 0 0 0 0 0 0 0 0 0 0 0 0 0 0 0 0 
0.0036 0 0 0 0 0 0 0 0 0 0 0 0 0 0 0 0 0 
0.0008 0 0 0 0 0 0 0 0 0 0 0 0 0 0 0 0 0 
0 0 0 0 0 0 0 0 0 0 0 0 0 0 0 0 0 0 
0 0 0 0 0 0 0 0 0 0 0 0 0 0 0 0 0 0 

1 0.9968 0.9922 0.9632 0.9224 0.8788 0.8274 0.7668 0.6776 0.595 0.5198 0.4402 0.3698 0.3066 0.24 0.1928 0.1406 0.0976 
0.8644 0.7538 0.622 0.4542 0.2994 0.1846 0.0958 0.0456 0.0168 0.006 0.0024 0.0006 0.0002 0 0 0 0 0 
0.6906 0.457 0.2336 0.0762 0.0132 0.0032 0.0006 0.0002 0 0 0 0 0 0 0 0 0 0 
0.5388 0.2608 0.0838 0.013 0.0002 0 0 0 0 0 0 0 0 0 0 0 0 0 
0.3956 0.1288 0.0222 0.0012 0 0 0 0 0 0 0 0 0 0 0 0 0 0 
0.281 0.0594 0.0036 0.0002 0 0 0 0 0 0 0 0 0 0 0 0 0 0 
0.1864 0.0182 0.0014 0.0002 0 0 0 0 0 0 0 0 0 0 0 0 0 0 
0.1114 0.005 0 0 0 0 0 0 0 0 0 0 0 0 0 0 0 0 
0.0638 0.0008 0 0 0 0 0 0 0 0 0 0 0 0 0 0 0 0 
0.037 0 0 0 0 0 0 0 0 0 0 0 0 0 0 0 0 0 
0.0206 0 0 0 0 0 0 0 0 0 0 0 0 0 0 0 0 0 
0.0106 0 0 0 0 0 0 0 0 0 0 0 0 0 0 0 0 0 
0.0038 0 0 0 0 0 0 0 0 0 0 0 0 0 0 0 0 0 
0.0024 0 0 0 0 0 0 0 0 0 0 0 0 0 0 0 0 0 
0.0008 0 0 0 0 0 0 0 0 0 0 0 0 0 0 0 0 0 
0.0008 0 0 0 0 0 0 0 0 0 0 0 0 0 0 0 0 0 
0.0002 0 0 0 0 0 0 0 0 0 0 0 0 0 0 0 0 0 
0 0 0 0 0 0 0 0 0 0 0 0 0 0 0 0 0 0 

1 0.9986 0.9958 0.9888 0.9764 0.9628 0.9472 0.93 0.9038 0.8684 0.8312 0.7942 0.7462 0.6948 0.6328 0.5648 0.4786 0.3644 
0.6108 0.235 0.1378 0.0738 0.0428 0.0242 0.015 0.0068 0.0022 0.0006 0 0 0 0 0 0 0 0 
0.4672 0.0944 0.036 0.0096 0.001 0.0004 0 0 0 0 0 0 0 0 0 0 0 0 
0.3652 0.0482 0.0092 0.001 0 0 0 0 0 0 0 0 0 0 0 0 0 0 
0.2912 0.0244 0.0016 0 0 0 0 0 0 0 0 0 0 0 0 0 0 0 
0.2262 0.0116 0 0 0 0 0 0 0 0 0 0 0 0 0 0 0 0 
0.1732 0.0038 0 0 0 0 0 0 0 0 0 0 0 0 0 0 0 0 
0.1318 0.0016 0 0 0 0 0 0 0 0 0 0 0 0 0 0 0 0 
0.0966 0.0002 0 0 0 0 0 0 0 0 0 0 0 0 0 0 0 0 
0.0696 0 0 0 0 0 0 0 0 0 0 0 0 0 0 0 0 0 
0.0462 0 0 0 0 0 0 0 0 0 0 0 0 0 0 0 0 0 
0.0296 0 0 0 0 0 0 0 0 0 0 0 0 0 0 0 0 0 
0.0172 0 0 0 0 0 0 0 0 0 0 0 0 0 0 0 0 0 
0.0088 0 0 0 0 0 0 0 0 0 0 0 0 0 0 0 0 0 
0.0054 0 0 0 0 0 0 0 0 0 0 0 0 0 0 0 0 0 
0.001 0 0 0 0 0 0 0 0 0 0 0 0 0 0 0 0 0 
0 0 0 0 0 0 0 0 0 0 0 0 0 0 0 0 0 0 
0 0 0 0 0 0 0 0 0 0 0 0 0 0 0 0 0 0 

1 0.9988 0.9962 0.9886 0.9794 0.965 0.95 0.931 0.9112 0.88 0.8486 0.8024 0.7592 0.7128 0.6474 0.5718 0.4678 0.3372 
0.6462 0.1586 0.0756 0.0382 0.0206 0.0126 0.0058 0.0034 0.0012 0.0002 0 0 0 0 0 0 0 0 
0.4932 0.0526 0.011 0.0018 0.0004 0 0 0 0 0 0 0 0 0 0 0 0 0 
0.3908 0.0252 0.0038 0 0 0 0 0 0 0 0 0 0 0 0 0 0 0 
0.3106 0.0144 0.0008 0 0 0 0 0 0 0 0 0 0 0 0 0 0 0 
0.249 0.0042 0.0004 0 0 0 0 0 0 0 0 0 0 0 0 0 0 0 
0.1994 0.0024 0.0002 0 0 0 0 0 0 0 0 0 0 0 0 0 0 0 
0.1582 0.0006 0 0 0 0 0 0 0 0 0 0 0 0 0 0 0 0 
0.1212 0 0 0 0 0 0 0 0 0 0 0 0 0 0 0 0 0 
0.0894 0 0 0 0 0 0 0 0 0 0 0 0 0 0 0 0 0 
0.062 0 0 0 0 0 0 0 0 0 0 0 0 0 0 0 0 0 
0.0416 0 0 0 0 0 0 0 0 0 0 0 0 0 0 0 0 0 
0.0264 0 0 0 0 0 0 0 0 0 0 0 0 0 0 0 0 0 
0.0172 0 0 0 0 0 0 0 0 0 0 0 0 0 0 0 0 0 
0.0082 0 0 0 0 0 0 0 0 0 0 0 0 0 0 0 0 0 
0.0038 0 0 0 0 0 0 0 0 0 0 0 0 0 0 0 0 0 
0.0012 0 0 0 0 0 0 0 0 0 0 0 0 0 0 0 0 0 
0.0002 0 0 0 0 0 0 0 0 0 0 0 0 0 0 0 0 0 

1 0.9992 0.9978 0.9934 0.9856 0.9808 0.973 0.962 0.9492 0.9326 0.9144 0.89 0.859 0.8236 0.7782 0.7248 0.6412 0.5154 
0.4832 0 0 0 0 0 0 0 0 0 0 0 0 0 0 0 0 0 
0.3604 0 0 0 0 0 0 0 0 0 0 0 0 0 0 0 0 0 
0.277 0 0 0 0 0 0 0 0 0 0 0 0 0 0 0 0 0 
0.2278 0 0 0 0 0 0 0 0 0 0 0 0 0 0 0 0 0 
0.1836 0 0 0 0 0 0 0 0 0 0 0 0 0 0 0 0 0 
0.1456 0 0 0 0 0 0 0 0 0 0 0 0 0 0 0 0 0 
0.1196 0 0 0 0 0 0 0 0 0 0 0 0 0 0 0 0 0 
0.0876 0 0 0 0 0 0 0 0 0 0 0 0 0 0 0 0 0 
0.0658 0 0 0 0 0 0 0 0 0 0 0 0 0 0 0 0 0 
0.0486 0 0 0 0 0 0 0 0 0 0 0 0 0 0 0 0 0 
0.0352 0 0 0 0 0 0 0 0 0 0 0 0 0 0 0 0 0 
0.0212 0 0 0 0 0 0 0 0 0 0 0 0 0 0 0 0 0 
0.015 0 0 0 0 0 0 0 0 0 0 0 0 0 0 0 0 0 
0.007 0 0 0 0 0 0 0 0 0 0 0 0 0 0 0 0 0 
0.002 0 0 0 0 0 0 0 0 0 0 0 0 0 0 0 0 0 
0.0002 0 0 0 0 0 0 0 0 0 0 0 0 0 0 0 0 0 
0 0 0 0 0 0 0 0 0 0 0 0 0 0 0 0 0 0 

1 0.9974 0.995 0.9748 0.9452 0.9166 0.8686 0.8096 0.75 0.6788 0.6008 0.5242 0.441 0.37 0.2974 0.233 0.1622 0.1088 
0.8554 0.6824 0.5122 0.346 0.21 0.1376 0.0748 0.0348 0.0132 0.005 0.0012 0.0004 0 0 0 0 0 0 
0.682 0.3642 0.1536 0.0498 0.0088 0.0018 0.0002 0 0 0 0 0 0 0 0 0 0 0 
0.5378 0.1972 0.047 0.0076 0.0004 0 0 0 0 0 0 0 0 0 0 0 0 0 
0.4038 0.092 0.0108 0.0004 0 0 0 0 0 0 0 0 0 0 0 0 0 0 
0.295 0.0334 0.0022 0 0 0 0 0 0 0 0 0 0 0 0 0 0 0 
0.2118 0.0106 0.0004 0 0 0 0 0 0 0 0 0 0 0 0 0 0 0 
0.139 0.0014 0.0002 0 0 0 0 0 0 0 0 0 0 0 0 0 0 0 
0.0902 0.0008 0 0 0 0 0 0 0 0 0 0 0 0 0 0 0 0 
0.0554 0 0 0 0 0 0 0 0 0 0 0 0 0 0 0 0 0 
0.0288 0 0 0 0 0 0 0 0 0 0 0 0 0 0 0 0 0 
0.0156 0 0 0 0 0 0 0 0 0 0 0 0 0 0 0 0 0 
0.0064 0 0 0 0 0 0 0 0 0 0 0 0 0 0 0 0 0 
0.0036 0 0 0 0 0 0 0 0 0 0 0 0 0 0 0 0 0 
0.001 0 0 0 0 0 0 0 0 0 0 0 0 0 0 0 0 0 
0.0004 0 0 0 0 0 0 0 0 0 0 0 0 0 0 0 0 0 
0 0 0 0 0 0 0 0 0 0 0 0 0 0 0 0 0 0 
0 0 0 0 0 0 0 0 0 0 0 0 0 0 0 0 0 0 

1 0.9986 0.997 0.9914 0.9834 0.9728 0.955 0.941 0.9224 0.8956 0.8564 0.8202 0.7786 0.7174 0.6558 0.5748 0.47 0.3396 
0.6496 0.0804 0.0332 0.0158 0.0074 0.0034 0.0014 0.0008 0.0002 0 0 0 0 0 0 0 0 0 
0.5094 0.0214 0.0038 0.0004 0 0 0 0 0 0 0 0 0 0 0 0 0 0 
0.409 0.0098 0.0008 0 0 0 0 0 0 0 0 0 0 0 0 0 0 0 
0.3274 0.0048 0.0002 0 0 0 0 0 0 0 0 0 0 0 0 0 0 0 
0.2686 0.0018 0 0 0 0 0 0 0 0 0 0 0 0 0 0 0 0 
0.2166 0.0004 0 0 0 0 0 0 0 0 0 0 0 0 0 0 0 0 
0.165 0 0 0 0 0 0 0 0 0 0 0 0 0 0 0 0 0 
0.1292 0 0 0 0 0 0 0 0 0 0 0 0 0 0 0 0 0 
0.0958 0 0 0 0 0 0 0 0 0 0 0 0 0 0 0 0 0 
0.0674 0 0 0 0 0 0 0 0 0 0 0 0 0 0 0 0 0 
0.0468 0 0 0 0 0 0 0 0 0 0 0 0 0 0 0 0 0 
0.032 0 0 0 0 0 0 0 0 0 0 0 0 0 0 0 0 0 
0.0168 0 0 0 0 0 0 0 0 0 0 0 0 0 0 0 0 0 
0.0072 0 0 0 0 0 0 0 0 0 0 0 0 0 0 0 0 0 
0.0026 0 0 0 0 0 0 0 0 0 0 0 0 0 0 0 0 0 
0.0006 0 0 0 0 0 0 0 0 0 0 0 0 0 0 0 0 0 
0 0 0 0 0 0 0 0 0 0 0 0 0 0 0 0 0 0 

1 0.999 0.9962 0.9862 0.9802 0.9712 0.9532 0.9328 0.914 0.8886 0.849 0.8116 0.7638 0.7016 0.638 0.5426 0.4388 0.2964 
0.687 0.0446 0.0148 0.0074 0.004 0.0024 0.0008 0.001 0 0 0 0 0 0 0 0 0 0 
0.5454 0.0094 0.0022 0.0004 0 0 0 0 0 0 0 0 0 0 0 0 0 0 
0.4478 0.0034 0.0006 0 0 0 0 0 0 0 0 0 0 0 0 0 0 0 
0.366 0.0018 0 0 0 0 0 0 0 0 0 0 0 0 0 0 0 0 
0.2976 0.0004 0 0 0 0 0 0 0 0 0 0 0 0 0 0 0 0 
0.2424 0 0 0 0 0 0 0 0 0 0 0 0 0 0 0 0 0 
0.1942 0 0 0 0 0 0 0 0 0 0 0 0 0 0 0 0 0 
0.1504 0 0 0 0 0 0 0 0 0 0 0 0 0 0 0 0 0 
0.114 0 0 0 0 0 0 0 0 0 0 0 0 0 0 0 0 0 
0.0772 0 0 0 0 0 0 0 0 0 0 0 0 0 0 0 0 0 
0.0544 0 0 0 0 0 0 0 0 0 0 0 0 0 0 0 0 0 
0.0342 0 0 0 0 0 0 0 0 0 0 0 0 0 0 0 0 0 
0.0178 0 0 0 0 0 0 0 0 0 0 0 0 0 0 0 0 0 
0.0098 0 0 0 0 0 0 0 0 0 0 0 0 0 0 0 0 0 
0.0042 0 0 0 0 0 0 0 0 0 0 0 0 0 0 0 0 0 
0.0012 0 0 0 0 0 0 0 0 0 0 0 0 0 0 0 0 0 
0 0 0 0 0 0 0 0 0 0 0 0 0 0 0 0 0 0 

1 0.9996 0.9978 0.9922 0.9836 0.9758 0.9674 0.9528 0.9362 0.9116 0.8926 0.868 0.828 0.788 0.7366 0.6754 0.5878 0.4456 
0.5426 0 0 0 0 0 0 0 0 0 0 0 0 0 0 0 0 0 
0.4094 0 0 0 0 0 0 0 0 0 0 0 0 0 0 0 0 0 
0.3298 0 0 0 0 0 0 0 0 0 0 0 0 0 0 0 0 0 
0.2678 0 0 0 0 0 0 0 0 0 0 0 0 0 0 0 0 0 
0.2172 0 0 0 0 0 0 0 0 0 0 0 0 0 0 0 0 0 
0.1818 0 0 0 0 0 0 0 0 0 0 0 0 0 0 0 0 0 
0.143 0 0 0 0 0 0 0 0 0 0 0 0 0 0 0 0 0 
0.1082 0 0 0 0 0 0 0 0 0 0 0 0 0 0 0 0 0 
0.0838 0 0 0 0 0 0 0 0 0 0 0 0 0 0 0 0 0 
0.065 0 0 0 0 0 0 0 0 0 0 0 0 0 0 0 0 0 
0.0466 0 0 0 0 0 0 0 0 0 0 0 0 0 0 0 0 0 
0.0302 0 0 0 0 0 0 0 0 0 0 0 0 0 0 0 0 0 
0.02 0 0 0 0 0 0 0 0 0 0 0 0 0 0 0 0 0 
0.0098 0 0 0 0 0 0 0 0 0 0 0 0 0 0 0 0 0 
0.0042 0 0 0 0 0 0 0 0 0 0 0 0 0 0 0 0 0 
0.0014 0 0 0 0 0 0 0 0 0 0 0 0 0 0 0 0 0 
0.0002 0 0 0 0 0 0 0 0 0 0 0 0 0 0 0 0 0 

1 0.9978 0.9968 0.9914 0.978 0.97 0.958 0.9372 0.9166 0.89 0.8592 0.81 0.7634 0.7068 0.635 0.5512 0.4342 0.2906 
0.6928 0.0284 0.0078 0.003 0.0012 0.001 0.0002 0 0 0 0 0 0 0 0 0 0 0 
0.554 0.0048 0.0004 0 0 0 0 0 0 0 0 0 0 0 0 0 0 0 
0.4442 0.0022 0.0002 0 0 0 0 0 0 0 0 0 0 0 0 0 0 0 
0.371 0.0014 0.0002 0 0 0 0 0 0 0 0 0 0 0 0 0 0 0 
0.299 0.0002 0 0 0 0 0 0 0 0 0 0 0 0 0 0 0 0 
0.241 0 0 0 0 0 0 0 0 0 0 0 0 0 0 0 0 0 
0.1954 0 0 0 0 0 0 0 0 0 0 0 0 0 0 0 0 0 
0.1528 0 0 0 0 0 0 0 0 0 0 0 0 0 0 0 0 0 
0.1104 0 0 0 0 0 0 0 0 0 0 0 0 0 0 0 0 0 
0.0784 0 0 0 0 0 0 0 0 0 0 0 0 0 0 0 0 0 
0.0538 0 0 0 0 0 0 0 0 0 0 0 0 0 0 0 0 0 
0.0358 0 0 0 0 0 0 0 0 0 0 0 0 0 0 0 0 0 
0.021 0 0 0 0 0 0 0 0 0 0 0 0 0 0 0 0 0 
0.0078 0 0 0 0 0 0 0 0 0 0 0 0 0 0 0 0 0 
0.0042 0 0 0 0 0 0 0 0 0 0 0 0 0 0 0 0 0 
0.001 0 0 0 0 0 0 0 0 0 0 0 0 0 0 0 0 0 
0.0002 0 0 0 0 0 0 0 0 0 0 0 0 0 0 0 0 0 

1 0.9986 0.9968 0.993 0.9856 0.9732 0.9664 0.956 0.9378 0.9242 0.8988 0.8666 0.833 0.7918 0.7462 0.6738 0.583 0.4352 
0.5546 0 0 0 0 0 0 0 0 0 0 0 0 0 0 0 0 0 
0.4138 0 0 0 0 0 0 0 0 0 0 0 0 0 0 0 0 0 
0.3364 0 0 0 0 0 0 0 0 0 0 0 0 0 0 0 0 0 
0.2656 0 0 0 0 0 0 0 0 0 0 0 0 0 0 0 0 0 
0.2178 0 0 0 0 0 0 0 0 0 0 0 0 0 0 0 0 0 
0.1674 0 0 0 0 0 0 0 0 0 0 0 0 0 0 0 0 0 
0.1382 0 0 0 0 0 0 0 0 0 0 0 0 0 0 0 0 0 
0.1074 0 0 0 0 0 0 0 0 0 0 0 0 0 0 0 0 0 
0.0846 0 0 0 0 0 0 0 0 0 0 0 0 0 0 0 0 0 
0.0616 0 0 0 0 0 0 0 0 0 0 0 0 0 0 0 0 0 
0.0386 0 0 0 0 0 0 0 0 0 0 0 0 0 0 0 0 0 
0.0248 0 0 0 0 0 0 0 0 0 0 0 0 0 0 0 0 0 
0.016 0 0 0 0 0 0 0 0 0 0 0 0 0 0 0 0 0 
0.0088 0 0 0 0 0 0 0 0 0 0 0 0 0 0 0 0 0 
0.0034 0 0 0 0 0 0 0 0 0 0 0 0 0 0 0 0 0 
0.0006 0 0 0 0 0 0 0 0 0 0 0 0 0 0 0 0 0 
0.0004 0 0 0 0 0 0 0 0 0 0 0 0 0 0 0 0 0 

1 0.9988 0.9966 0.9908 0.986 0.9744 0.964 0.9514 0.9326 0.9044 0.8882 0.8626 0.8316 0.7908 0.7292 0.6582 0.569 0.4234 
0.5756 0 0 0 0 0 0 0 0 0 0 0 0 0 0 0 0 0 
0.4286 0 0 0 0 0 0 0 0 0 0 0 0 0 0 0 0 0 
0.3424 0 0 0 0 0 0 0 0 0 0 0 0 0 0 0 0 0 
0.2794 0 0 0 0 0 0 0 0 0 0 0 0 0 0 0 0 0 
0.2236 0 0 0 0 0 0 0 0 0 0 0 0 0 0 0 0 0 
0.18 0 0 0 0 0 0 0 0 0 0 0 0 0 0 0 0 0 
0.143 0 0 0 0 0 0 0 0 0 0 0 0 0 0 0 0 0 
0.1086 0 0 0 0 0 0 0 0 0 0 0 0 0 0 0 0 0 
0.0918 0 0 0 0 0 0 0 0 0 0 0 0 0 0 0 0 0 
0.0688 0 0 0 0 0 0 0 0 0 0 0 0 0 0 0 0 0 
0.0476 0 0 0 0 0 0 0 0 0 0 0 0 0 0 0 0 0 
0.0282 0 0 0 0 0 0 0 0 0 0 0 0 0 0 0 0 0 
0.017 0 0 0 0 0 0 0 0 0 0 0 0 0 0 0 0 0 
0.008 0 0 0 0 0 0 0 0 0 0 0 0 0 0 0 0 0 
0.0042 0 0 0 0 0 0 0 0 0 0 0 0 0 0 0 0 0 
0.001 0 0 0 0 0 0 0 0 0 0 0 0 0 0 0 0 0 
0.0002 0 0 0 0 0 0 0 0 0 0 0 0 0 0 0 0 0 

1 0.9994 0.9986 0.9948 0.9892 0.9818 0.9738 0.9616 0.9524 0.9362 0.9224 0.9074 0.8784 0.8504 0.8128 0.7676 0.6962 0.5802 
0.4158 0 0 0 0 0 0 0 0 0 0 0 0 0 0 0 0 0 
0.302 0 0 0 0 0 0 0 0 0 0 0 0 0 0 0 0 0 
0.2388 0 0 0 0 0 0 0 0 0 0 0 0 0 0 0 0 0 
0.191 0 0 0 0 0 0 0 0 0 0 0 0 0 0 0 0 0 
0.1522 0 0 0 0 0 0 0 0 0 0 0 0 0 0 0 0 0 
0.1266 0 0 0 0 0 0 0 0 0 0 0 0 0 0 0 0 0 
0.1022 0 0 0 0 0 0 0 0 0 0 0 0 0 0 0 0 0 
0.0824 0 0 0 0 0 0 0 0 0 0 0 0 0 0 0 0 0 
0.062 0 0 0 0 0 0 0 0 0 0 0 0 0 0 0 0 0 
0.047 0 0 0 0 0 0 0 0 0 0 0 0 0 0 0 0 0 
0.0314 0 0 0 0 0 0 0 0 0 0 0 0 0 0 0 0 0 
0.0216 0 0 0 0 0 0 0 0 0 0 0 0 0 0 0 0 0 
0.0128 0 0 0 0 0 0 0 0 0 0 0 0 0 0 0 0 0 
0.0072 0 0 0 0 0 0 0 0 0 0 0 0 0 0 0 0 0 
0.0028 0 0 0 0 0 0 0 0 0 0 0 0 0 0 0 0 0 
0.001 0 0 0 0 0 0 0 0 0 0 0 0 0 0 0 0 0 
0 0 0 0 0 0 0 0 0 0 0 0 0 0 0 0 0 0 

1 0.998 0.99 0.9786 0.9564 0.9306 0.8912 0.8536 0.7978 0.731 0.6606 0.5752 0.4882 0.411 0.3238 0.2368 0.1604 0.0928 
0.873 0.5792 0.3682 0.2238 0.1304 0.0746 0.0398 0.0186 0.006 0.002 0.0002 0 0 0 0 0 0 0 
0.7232 0.261 0.0898 0.0216 0.0032 0.0006 0 0 0 0 0 0 0 0 0 0 0 0 
0.5936 0.1318 0.0246 0.0032 0.0006 0 0 0 0 0 0 0 0 0 0 0 0 0 
0.4744 0.0576 0.0044 0.0006 0 0 0 0 0 0 0 0 0 0 0 0 0 0 
0.3636 0.0214 0.0016 0.0004 0 0 0 0 0 0 0 0 0 0 0 0 0 0 
0.2724 0.0056 0 0 0 0 0 0 0 0 0 0 0 0 0 0 0 0 
0.1948 0.0014 0 0 0 0 0 0 0 0 0 0 0 0 0 0 0 0 
0.1368 0.0006 0 0 0 0 0 0 0 0 0 0 0 0 0 0 0 0 
0.0908 0 0 0 0 0 0 0 0 0 0 0 0 0 0 0 0 0 
0.056 0 0 0 0 0 0 0 0 0 0 0 0 0 0 0 0 0 
0.0368 0 0 0 0 0 0 0 0 0 0 0 0 0 0 0 0 0 
0.0198 0 0 0 0 0 0 0 0 0 0 0 0 0 0 0 0 0 
0.0096 0 0 0 0 0 0 0 0 0 0 0 0 0 0 0 0 0 
0.0038 0 0 0 0 0 0 0 0 0 0 0 0 0 0 0 0 0 
0.0024 0 0 0 0 0 0 0 0 0 0 0 0 0 0 0 0 0 
0.0002 0 0 0 0 0 0 0 0 0 0 0 0 0 0 0 0 0 
0 0 0 0 0 0 0 0 0 0 0 0 0 0 0 0 0 0 

1 0.998 0.9964 0.9872 0.979 0.9664 0.9538 0.9378 0.919 0.8826 0.8466 0.803 0.7432 0.6842 0.6022 0.5102 0.3994 0.254 
0.7248 0.0194 0.0052 0.0018 0.0008 0 0 0 0 0 0 0 0 0 0 0 0 0 
0.5942 0.0046 0.0006 0.0002 0 0 0 0 0 0 0 0 0 0 0 0 0 0 
0.4894 0.0018 0.0002 0 0 0 0 0 0 0 0 0 0 0 0 0 0 0 
0.4028 0.0006 0 0 0 0 0 0 0 0 0 0 0 0 0 0 0 0 
0.324 0 0 0 0 0 0 0 0 0 0 0 0 0 0 0 0 0 
0.2698 0 0 0 0 0 0 0 0 0 0 0 0 0 0 0 0 0 
0.21 0 0 0 0 0 0 0 0 0 0 0 0 0 0 0 0 0 
0.1562 0 0 0 0 0 0 0 0 0 0 0 0 0 0 0 0 0 
0.1178 0 0 0 0 0 0 0 0 0 0 0 0 0 0 0 0 0 
0.0844 0 0 0 0 0 0 0 0 0 0 0 0 0 0 0 0 0 
0.0584 0 0 0 0 0 0 0 0 0 0 0 0 0 0 0 0 0 
0.0366 0 0 0 0 0 0 0 0 0 0 0 0 0 0 0 0 0 
0.0192 0 0 0 0 0 0 0 0 0 0 0 0 0 0 0 0 0 
0.01 0 0 0 0 0 0 0 0 0 0 0 0 0 0 0 0 0 
0.0038 0 0 0 0 0 0 0 0 0 0 0 0 0 0 0 0 0 
0.0004 0 0 0 0 0 0 0 0 0 0 0 0 0 0 0 0 0 
0 0 0 0 0 0 0 0 0 0 0 0 0 0 0 0 0 0 

1 0.9976 0.9954 0.988 0.9816 0.9646 0.9514 0.9264 0.9026 0.8702 0.8346 0.783 0.7194 0.6628 0.5882 0.486 0.3752 0.2304 
0.7514 0.014 0.0036 0.0014 0.0008 0.0002 0 0.0002 0 0 0 0 0 0 0 0 0 0 
0.6176 0.0022 0 0 0 0 0 0 0 0 0 0 0 0 0 0 0 0 
0.5148 0.0014 0 0 0 0 0 0 0 0 0 0 0 0 0 0 0 0 
0.4226 0.0006 0 0 0 0 0 0 0 0 0 0 0 0 0 0 0 0 
0.3456 0.0002 0 0 0 0 0 0 0 0 0 0 0 0 0 0 0 0 
0.288 0.0002 0 0 0 0 0 0 0 0 0 0 0 0 0 0 0 0 
0.2268 0 0 0 0 0 0 0 0 0 0 0 0 0 0 0 0 0 
0.1802 0 0 0 0 0 0 0 0 0 0 0 0 0 0 0 0 0 
0.1348 0 0 0 0 0 0 0 0 0 0 0 0 0 0 0 0 0 
0.0942 0 0 0 0 0 0 0 0 0 0 0 0 0 0 0 0 0 
0.0658 0 0 0 0 0 0 0 0 0 0 0 0 0 0 0 0 0 
0.04 0 0 0 0 0 0 0 0 0 0 0 0 0 0 0 0 0 
0.0216 0 0 0 0 0 0 0 0 0 0 0 0 0 0 0 0 0 
0.0106 0 0 0 0 0 0 0 0 0 0 0 0 0 0 0 0 0 
0.0036 0 0 0 0 0 0 0 0 0 0 0 0 0 0 0 0 0 
0.0002 0 0 0 0 0 0 0 0 0 0 0 0 0 0 0 0 0 
0 0 0 0 0 0 0 0 0 0 0 0 0 0 0 0 0 0 

1 0.998 0.9968 0.9886 0.9802 0.974 0.9612 0.9462 0.9252 0.904 0.8754 0.8356 0.797 0.7462 0.6912 0.6184 0.5278 0.3792 
0.6086 0 0 0 0 0 0 0 0 0 0 0 0 0 0 0 0 0 
0.4754 0 0 0 0 0 0 0 0 0 0 0 0 0 0 0 0 0 
0.382 0 0 0 0 0 0 0 0 0 0 0 0 0 0 0 0 0 
0.3156 0 0 0 0 0 0 0 0 0 0 0 0 0 0 0 0 0 
0.2608 0 0 0 0 0 0 0 0 0 0 0 0 0 0 0 0 0 
0.2122 0 0 0 0 0 0 0 0 0 0 0 0 0 0 0 0 0 
0.1744 0 0 0 0 0 0 0 0 0 0 0 0 0 0 0 0 0 
0.138 0 0 0 0 0 0 0 0 0 0 0 0 0 0 0 0 0 
0.1004 0 0 0 0 0 0 0 0 0 0 0 0 0 0 0 0 0 
0.0738 0 0 0 0 0 0 0 0 0 0 0 0 0 0 0 0 0 
0.0494 0 0 0 0 0 0 0 0 0 0 0 0 0 0 0 0 0 
0.0308 0 0 0 0 0 0 0 0 0 0 0 0 0 0 0 0 0 
0.018 0 0 0 0 0 0 0 0 0 0 0 0 0 0 0 0 0 
0.0106 0 0 0 0 0 0 0 0 0 0 0 0 0 0 0 0 0 
0.0046 0 0 0 0 0 0 0 0 0 0 0 0 0 0 0 0 0 
0.0004 0 0 0 0 0 0 0 0 0 0 0 0 0 0 0 0 0 
0 0 0 0 0 0 0 0 0 0 0 0 0 0 0 0 0 0 

1 0.9976 0.997 0.9864 0.9758 0.9678 0.9504 0.9272 0.9004 0.8754 0.841 0.7904 0.7318 0.6642 0.5828 0.4828 0.3678 0.214 
0.7618 0.0062 0.0012 0.0006 0 0 0 0 0 0 0 0 0 0 0 0 0 0 
0.6196 0.0008 0 0 0 0 0 0 0 0 0 0 0 0 0 0 0 0 
0.5222 0 0 0 0 0 0 0 0 0 0 0 0 0 0 0 0 0 
0.4416 0 0 0 0 0 0 0 0 0 0 0 0 0 0 0 0 0 
0.35 0 0 0 0 0 0 0 0 0 0 0 0 0 0 0 0 0 
0.2814 0 0 0 0 0 0 0 0 0 0 0 0 0 0 0 0 0 
0.225 0 0 0 0 0 0 0 0 0 0 0 0 0 0 0 0 0 
0.1738 0 0 0 0 0 0 0 0 0 0 0 0 0 0 0 0 0 
0.1306 0 0 0 0 0 0 0 0 0 0 0 0 0 0 0 0 0 
0.0914 0 0 0 0 0 0 0 0 0 0 0 0 0 0 0 0 0 
0.0646 0 0 0 0 0 0 0 0 0 0 0 0 0 0 0 0 0 
0.0382 0 0 0 0 0 0 0 0 0 0 0 0 0 0 0 0 0 
0.0212 0 0 0 0 0 0 0 0 0 0 0 0 0 0 0 0 0 
0.0118 0 0 0 0 0 0 0 0 0 0 0 0 0 0 0 0 0 
0.0038 0 0 0 0 0 0 0 0 0 0 0 0 0 0 0 0 0 
0.0012 0 0 0 0 0 0 0 0 0 0 0 0 0 0 0 0 0 
0.0002 0 0 0 0 0 0 0 0 0 0 0 0 0 0 0 0 0 

1 0.9984 0.9956 0.9914 0.9824 0.9738 0.9592 0.946 0.9268 0.904 0.8776 0.8448 0.8008 0.7598 0.6974 0.6252 0.5304 0.3788 
0.616 0 0 0 0 0 0 0 0 0 0 0 0 0 0 0 0 0 
0.4688 0 0 0 0 0 0 0 0 0 0 0 0 0 0 0 0 0 
0.3794 0 0 0 0 0 0 0 0 0 0 0 0 0 0 0 0 0 
0.3122 0 0 0 0 0 0 0 0 0 0 0 0 0 0 0 0 0 
0.251 0 0 0 0 0 0 0 0 0 0 0 0 0 0 0 0 0 
0.2012 0 0 0 0 0 0 0 0 0 0 0 0 0 0 0 0 0 
0.1634 0 0 0 0 0 0 0 0 0 0 0 0 0 0 0 0 0 
0.129 0 0 0 0 0 0 0 0 0 0 0 0 0 0 0 0 0 
0.0984 0 0 0 0 0 0 0 0 0 0 0 0 0 0 0 0 0 
0.0746 0 0 0 0 0 0 0 0 0 0 0 0 0 0 0 0 0 
0.0472 0 0 0 0 0 0 0 0 0 0 0 0 0 0 0 0 0 
0.0318 0 0 0 0 0 0 0 0 0 0 0 0 0 0 0 0 0 
0.0214 0 0 0 0 0 0 0 0 0 0 0 0 0 0 0 0 0 
0.0102 0 0 0 0 0 0 0 0 0 0 0 0 0 0 0 0 0 
0.0024 0 0 0 0 0 0 0 0 0 0 0 0 0 0 0 0 0 
0.0004 0 0 0 0 0 0 0 0 0 0 0 0 0 0 0 0 0 
0.0002 0 0 0 0 0 0 0 0 0 0 0 0 0 0 0 0 0 

1 0.9992 0.9966 0.989 0.9822 0.971 0.9622 0.9432 0.9238 0.9004 0.8754 0.8416 0.8024 0.754 0.6896 0.616 0.5186 0.3742 
0.619 0 0 0 0 0 0 0 0 0 0 0 0 0 0 0 0 0 
0.4778 0 0 0 0 0 0 0 0 0 0 0 0 0 0 0 0 0 
0.3844 0 0 0 0 0 0 0 0 0 0 0 0 0 0 0 0 0 
0.3204 0 0 0 0 0 0 0 0 0 0 0 0 0 0 0 0 0 
0.261 0 0 0 0 0 0 0 0 0 0 0 0 0 0 0 0 0 
0.2086 0 0 0 0 0 0 0 0 0 0 0 0 0 0 0 0 0 
0.1626 0 0 0 0 0 0 0 0 0 0 0 0 0 0 0 0 0 
0.1298 0 0 0 0 0 0 0 0 0 0 0 0 0 0 0 0 0 
0.0976 0 0 0 0 0 0 0 0 0 0 0 0 0 0 0 0 0 
0.0718 0 0 0 0 0 0 0 0 0 0 0 0 0 0 0 0 0 
0.0534 0 0 0 0 0 0 0 0 0 0 0 0 0 0 0 0 0 
0.035 0 0 0 0 0 0 0 0 0 0 0 0 0 0 0 0 0 
0.0198 0 0 0 0 0 0 0 0 0 0 0 0 0 0 0 0 0 
0.0118 0 0 0 0 0 0 0 0 0 0 0 0 0 0 0 0 0 
0.0062 0 0 0 0 0 0 0 0 0 0 0 0 0 0 0 0 0 
0.001 0 0 0 0 0 0 0 0 0 0 0 0 0 0 0 0 0 
0.0004 0 0 0 0 0 0 0 0 0 0 0 0 0 0 0 0 0 

1 0.9994 0.9982 0.992 0.9896 0.981 0.9756 0.9602 0.952 0.9368 0.9154 0.899 0.8664 0.8324 0.7958 0.738 0.6606 0.5338 
0.4576 0 0 0 0 0 0 0 0 0 0 0 0 0 0 0 0 0 
0.3428 0 0 0 0 0 0 0 0 0 0 0 0 0 0 0 0 0 
0.2712 0 0 0 0 0 0 0 0 0 0 0 0 0 0 0 0 0 
0.2108 0 0 0 0 0 0 0 0 0 0 0 0 0 0 0 0 0 
0.1742 0 0 0 0 0 0 0 0 0 0 0 0 0 0 0 0 0 
0.1374 0 0 0 0 0 0 0 0 0 0 0 0 0 0 0 0 0 
0.1098 0 0 0 0 0 0 0 0 0 0 0 0 0 0 0 0 0 
0.0844 0 0 0 0 0 0 0 0 0 0 0 0 0 0 0 0 0 
0.0636 0 0 0 0 0 0 0 0 0 0 0 0 0 0 0 0 0 
0.046 0 0 0 0 0 0 0 0 0 0 0 0 0 0 0 0 0 
0.0332 0 0 0 0 0 0 0 0 0 0 0 0 0 0 0 0 0 
0.0206 0 0 0 0 0 0 0 0 0 0 0 0 0 0 0 0 0 
0.013 0 0 0 0 0 0 0 0 0 0 0 0 0 0 0 0 0 
0.0066 0 0 0 0 0 0 0 0 0 0 0 0 0 0 0 0 0 
0.0024 0 0 0 0 0 0 0 0 0 0 0 0 0 0 0 0 0 
0 0 0 0 0 0 0 0 0 0 0 0 0 0 0 0 0 0 
0.0002 0 0 0 0 0 0 0 0 0 0 0 0 0 0 0 0 0 

1 0.998 0.9952 0.9878 0.9776 0.967 0.9486 0.9288 0.9036 0.878 0.8412 0.7902 0.7368 0.662 0.5808 0.4768 0.3646 0.2142 
0.7682 0.0044 0.001 0.0002 0.0002 0 0 0 0 0 0 0 0 0 0 0 0 0 
0.6268 0.0002 0 0 0 0 0 0 0 0 0 0 0 0 0 0 0 0 
0.521 0 0 0 0 0 0 0 0 0 0 0 0 0 0 0 0 0 
0.4266 0 0 0 0 0 0 0 0 0 0 0 0 0 0 0 0 0 
0.354 0 0 0 0 0 0 0 0 0 0 0 0 0 0 0 0 0 
0.2792 0 0 0 0 0 0 0 0 0 0 0 0 0 0 0 0 0 
0.2256 0 0 0 0 0 0 0 0 0 0 0 0 0 0 0 0 0 
0.1808 0 0 0 0 0 0 0 0 0 0 0 0 0 0 0 0 0 
0.1276 0 0 0 0 0 0 0 0 0 0 0 0 0 0 0 0 0 
0.0924 0 0 0 0 0 0 0 0 0 0 0 0 0 0 0 0 0 
0.0634 0 0 0 0 0 0 0 0 0 0 0 0 0 0 0 0 0 
0.0414 0 0 0 0 0 0 0 0 0 0 0 0 0 0 0 0 0 
0.0212 0 0 0 0 0 0 0 0 0 0 0 0 0 0 0 0 0 
0.01 0 0 0 0 0 0 0 0 0 0 0 0 0 0 0 0 0 
0.0038 0 0 0 0 0 0 0 0 0 0 0 0 0 0 0 0 0 
0.0006 0 0 0 0 0 0 0 0 0 0 0 0 0 0 0 0 0 
0.0002 0 0 0 0 0 0 0 0 0 0 0 0 0 0 0 0 0 

1 0.9986 0.997 0.9916 0.9848 0.976 0.9616 0.9502 0.9298 0.9126 0.8822 0.8484 0.804 0.7592 0.697 0.616 0.5238 0.367 
0.6198 0 0 0 0 0 0 0 0 0 0 0 0 0 0 0 0 0 
0.4786 0 0 0 0 0 0 0 0 0 0 0 0 0 0 0 0 0 
0.3842 0 0 0 0 0 0 0 0 0 0 0 0 0 0 0 0 0 
0.313 0 0 0 0 0 0 0 0 0 0 0 0 0 0 0 0 0 
0.2508 0 0 0 0 0 0 0 0 0 0 0 0 0 0 0 0 0 
0.209 0 0 0 0 0 0 0 0 0 0 0 0 0 0 0 0 0 
0.1632 0 0 0 0 0 0 0 0 0 0 0 0 0 0 0 0 0 
0.1256 0 0 0 0 0 0 0 0 0 0 0 0 0 0 0 0 0 
0.0918 0 0 0 0 0 0 0 0 0 0 0 0 0 0 0 0 0 
0.0656 0 0 0 0 0 0 0 0 0 0 0 0 0 0 0 0 0 
0.0432 0 0 0 0 0 0 0 0 0 0 0 0 0 0 0 0 0 
0.0286 0 0 0 0 0 0 0 0 0 0 0 0 0 0 0 0 0 
0.0174 0 0 0 0 0 0 0 0 0 0 0 0 0 0 0 0 0 
0.007 0 0 0 0 0 0 0 0 0 0 0 0 0 0 0 0 0 
0.002 0 0 0 0 0 0 0 0 0 0 0 0 0 0 0 0 0 
0.0004 0 0 0 0 0 0 0 0 0 0 0 0 0 0 0 0 0 
0 0 0 0 0 0 0 0 0 0 0 0 0 0 0 0 0 0 

1 0.998 0.9964 0.9904 0.983 0.9718 0.964 0.947 0.9278 0.9076 0.8806 0.8434 0.8038 0.7502 0.694 0.6254 0.5234 0.3642 
0.6224 0 0 0 0 0 0 0 0 0 0 0 0 0 0 0 0 0 
0.4734 0 0 0 0 0 0 0 0 0 0 0 0 0 0 0 0 0 
0.3876 0 0 0 0 0 0 0 0 0 0 0 0 0 0 0 0 0 
0.3126 0 0 0 0 0 0 0 0 0 0 0 0 0 0 0 0 0 
0.2562 0 0 0 0 0 0 0 0 0 0 0 0 0 0 0 0 0 
0.2044 0 0 0 0 0 0 0 0 0 0 0 0 0 0 0 0 0 
0.1648 0 0 0 0 0 0 0 0 0 0 0 0 0 0 0 0 0 
0.1258 0 0 0 0 0 0 0 0 0 0 0 0 0 0 0 0 0 
0.0982 0 0 0 0 0 0 0 0 0 0 0 0 0 0 0 0 0 
0.071 0 0 0 0 0 0 0 0 0 0 0 0 0 0 0 0 0 
0.0498 0 0 0 0 0 0 0 0 0 0 0 0 0 0 0 0 0 
0.0324 0 0 0 0 0 0 0 0 0 0 0 0 0 0 0 0 0 
0.0186 0 0 0 0 0 0 0 0 0 0 0 0 0 0 0 0 0 
0.0074 0 0 0 0 0 0 0 0 0 0 0 0 0 0 0 0 0 
0.0034 0 0 0 0 0 0 0 0 0 0 0 0 0 0 0 0 0 
0.001 0 0 0 0 0 0 0 0 0 0 0 0 0 0 0 0 0 
0 0 0 0 0 0 0 0 0 0 0 0 0 0 0 0 0 0 

1 0.9986 0.9972 0.9924 0.9876 0.9798 0.9664 0.9586 0.9454 0.9302 0.9114 0.8908 0.8646 0.8246 0.7844 0.7298 0.6552 0.5334 
0.4582 0 0 0 0 0 0 0 0 0 0 0 0 0 0 0 0 0 
0.3396 0 0 0 0 0 0 0 0 0 0 0 0 0 0 0 0 0 
0.2732 0 0 0 0 0 0 0 0 0 0 0 0 0 0 0 0 0 
0.219 0 0 0 0 0 0 0 0 0 0 0 0 0 0 0 0 0 
0.1822 0 0 0 0 0 0 0 0 0 0 0 0 0 0 0 0 0 
0.1468 0 0 0 0 0 0 0 0 0 0 0 0 0 0 0 0 0 
0.1156 0 0 0 0 0 0 0 0 0 0 0 0 0 0 0 0 0 
0.0906 0 0 0 0 0 0 0 0 0 0 0 0 0 0 0 0 0 
0.0732 0 0 0 0 0 0 0 0 0 0 0 0 0 0 0 0 0 
0.052 0 0 0 0 0 0 0 0 0 0 0 0 0 0 0 0 0 
0.0374 0 0 0 0 0 0 0 0 0 0 0 0 0 0 0 0 0 
0.0284 0 0 0 0 0 0 0 0 0 0 0 0 0 0 0 0 0 
0.0172 0 0 0 0 0 0 0 0 0 0 0 0 0 0 0 0 0 
0.0104 0 0 0 0 0 0 0 0 0 0 0 0 0 0 0 0 0 
0.0042 0 0 0 0 0 0 0 0 0 0 0 0 0 0 0 0 0 
0.0016 0 0 0 0 0 0 0 0 0 0 0 0 0 0 0 0 0 
0 0 0 0 0 0 0 0 0 0 0 0 0 0 0 0 0 0 

1 0.9986 0.9978 0.9874 0.9834 0.976 0.9666 0.9502 0.934 0.9106 0.8844 0.8542 0.8086 0.7654 0.7004 0.629 0.5274 0.3878 
0.6042 0 0 0 0 0 0 0 0 0 0 0 0 0 0 0 0 0 
0.4698 0 0 0 0 0 0 0 0 0 0 0 0 0 0 0 0 0 
0.3792 0 0 0 0 0 0 0 0 0 0 0 0 0 0 0 0 0 
0.3086 0 0 0 0 0 0 0 0 0 0 0 0 0 0 0 0 0 
0.2402 0 0 0 0 0 0 0 0 0 0 0 0 0 0 0 0 0 
0.199 0 0 0 0 0 0 0 0 0 0 0 0 0 0 0 0 0 
0.1542 0 0 0 0 0 0 0 0 0 0 0 0 0 0 0 0 0 
0.1202 0 0 0 0 0 0 0 0 0 0 0 0 0 0 0 0 0 
0.0932 0 0 0 0 0 0 0 0 0 0 0 0 0 0 0 0 0 
0.0638 0 0 0 0 0 0 0 0 0 0 0 0 0 0 0 0 0 
0.0472 0 0 0 0 0 0 0 0 0 0 0 0 0 0 0 0 0 
0.0302 0 0 0 0 0 0 0 0 0 0 0 0 0 0 0 0 0 
0.0168 0 0 0 0 0 0 0 0 0 0 0 0 0 0 0 0 0 
0.0084 0 0 0 0 0 0 0 0 0 0 0 0 0 0 0 0 0 
0.0024 0 0 0 0 0 0 0 0 0 0 0 0 0 0 0 0 0 
0.0008 0 0 0 0 0 0 0 0 0 0 0 0 0 0 0 0 0 
0 0 0 0 0 0 0 0 0 0 0 0 0 0 0 0 0 0 

1 0.9986 0.9984 0.9926 0.9898 0.9818 0.9762 0.968 0.9508 0.9394 0.9204 0.899 0.8714 0.8384 0.7976 0.7492 0.6772 0.5456 
0.4506 0 0 0 0 0 0 0 0 0 0 0 0 0 0 0 0 0 
0.3238 0 0 0 0 0 0 0 0 0 0 0 0 0 0 0 0 0 
0.256 0 0 0 0 0 0 0 0 0 0 0 0 0 0 0 0 0 
0.2088 0 0 0 0 0 0 0 0 0 0 0 0 0 0 0 0 0 
0.164 0 0 0 0 0 0 0 0 0 0 0 0 0 0 0 0 0 
0.1358 0 0 0 0 0 0 0 0 0 0 0 0 0 0 0 0 0 
0.1074 0 0 0 0 0 0 0 0 0 0 0 0 0 0 0 0 0 
0.0838 0 0 0 0 0 0 0 0 0 0 0 0 0 0 0 0 0 
0.0618 0 0 0 0 0 0 0 0 0 0 0 0 0 0 0 0 0 
0.0446 0 0 0 0 0 0 0 0 0 0 0 0 0 0 0 0 0 
0.031 0 0 0 0 0 0 0 0 0 0 0 0 0 0 0 0 0 
0.0182 0 0 0 0 0 0 0 0 0 0 0 0 0 0 0 0 0 
0.0114 0 0 0 0 0 0 0 0 0 0 0 0 0 0 0 0 0 
0.0048 0 0 0 0 0 0 0 0 0 0 0 0 0 0 0 0 0 
0.0026 0 0 0 0 0 0 0 0 0 0 0 0 0 0 0 0 0 
0.001 0 0 0 0 0 0 0 0 0 0 0 0 0 0 0 0 0 
0 0 0 0 0 0 0 0 0 0 0 0 0 0 0 0 0 0 

1 0.999 0.9982 0.9928 0.9868 0.98 0.9716 0.9584 0.9484 0.934 0.9204 0.8946 0.868 0.8256 0.7878 0.735 0.6644 0.5326 
0.4632 0 0 0 0 0 0 0 0 0 0 0 0 0 0 0 0 0 
0.3368 0 0 0 0 0 0 0 0 0 0 0 0 0 0 0 0 0 
0.2684 0 0 0 0 0 0 0 0 0 0 0 0 0 0 0 0 0 
0.217 0 0 0 0 0 0 0 0 0 0 0 0 0 0 0 0 0 
0.1734 0 0 0 0 0 0 0 0 0 0 0 0 0 0 0 0 0 
0.1434 0 0 0 0 0 0 0 0 0 0 0 0 0 0 0 0 0 
0.116 0 0 0 0 0 0 0 0 0 0 0 0 0 0 0 0 0 
0.0874 0 0 0 0 0 0 0 0 0 0 0 0 0 0 0 0 0 
0.0666 0 0 0 0 0 0 0 0 0 0 0 0 0 0 0 0 0 
0.0492 0 0 0 0 0 0 0 0 0 0 0 0 0 0 0 0 0 
0.035 0 0 0 0 0 0 0 0 0 0 0 0 0 0 0 0 0 
0.0218 0 0 0 0 0 0 0 0 0 0 0 0 0 0 0 0 0 
0.0138 0 0 0 0 0 0 0 0 0 0 0 0 0 0 0 0 0 
0.0072 0 0 0 0 0 0 0 0 0 0 0 0 0 0 0 0 0 
0.0026 0 0 0 0 0 0 0 0 0 0 0 0 0 0 0 0 0 
0.0004 0 0 0 0 0 0 0 0 0 0 0 0 0 0 0 0 0 
0.0002 0 0 0 0 0 0 0 0 0 0 0 0 0 0 0 0 0 

1 0.9998 0.999 0.9926 0.99 0.984 0.9796 0.9712 0.962 0.9526 0.945 0.9302 0.9142 0.893 0.865 0.8298 0.7778 0.6784 
0.318 0 0 0 0 0 0 0 0 0 0 0 0 0 0 0 0 0 
0.226 0 0 0 0 0 0 0 0 0 0 0 0 0 0 0 0 0 
0.1718 0 0 0 0 0 0 0 0 0 0 0 0 0 0 0 0 0 
0.141 0 0 0 0 0 0 0 0 0 0 0 0 0 0 0 0 0 
0.113 0 0 0 0 0 0 0 0 0 0 0 0 0 0 0 0 0 
0.0892 0 0 0 0 0 0 0 0 0 0 0 0 0 0 0 0 0 
0.0718 0 0 0 0 0 0 0 0 0 0 0 0 0 0 0 0 0 
0.0578 0 0 0 0 0 0 0 0 0 0 0 0 0 0 0 0 0 
0.0466 0 0 0 0 0 0 0 0 0 0 0 0 0 0 0 0 0 
0.0354 0 0 0 0 0 0 0 0 0 0 0 0 0 0 0 0 0 
0.0246 0 0 0 0 0 0 0 0 0 0 0 0 0 0 0 0 0 
0.017 0 0 0 0 0 0 0 0 0 0 0 0 0 0 0 0 0 
0.0132 0 0 0 0 0 0 0 0 0 0 0 0 0 0 0 0 0 
0.0066 0 0 0 0 0 0 0 0 0 0 0 0 0 0 0 0 0 
0.0032 0 0 0 0 0 0 0 0 0 0 0 0 0 0 0 0 0 
0.0004 0 0 0 0 0 0 0 0 0 0 0 0 0 0 0 0 0 
0.0002 0 0 0 0 0 0 0 0 0 0 0 0 0 0 0 0 0 

