1 0.998156 0.9956 0.985272 0.971091 0.951866 0.927109 0.894697 0.853812 0.80565 0.750138 0.690087 0.625544 0.556412 0.481031 0.401341 0.313481 0.215256 
0.748587 0.381225 0.235962 0.138597 0.0807125 0.0453562 0.0236156 0.010375 0.00355937 0.000884375 0.00014375 2.5e-05 3.125e-06 0 0 0 0 0 
0.602506 0.180384 0.0652187 0.0163125 0.00310312 0.000396875 2.5e-05 3.125e-06 0 0 0 0 0 0 0 0 0 0 
0.488309 0.0930813 0.0196281 0.00165312 7.1875e-05 3.125e-06 0 0 0 0 0 0 0 0 0 0 0 0 
0.387569 0.0432906 0.0044625 7.5e-05 6.25e-06 0 0 0 0 0 0 0 0 0 0 0 0 0 
0.301012 0.0173656 0.00075 6.25e-06 0 0 0 0 0 0 0 0 0 0 0 0 0 0 
0.225372 0.00578437 3.75e-05 0 0 0 0 0 0 0 0 0 0 0 0 0 0 0 
0.162775 0.00131875 3.125e-06 0 0 0 0 0 0 0 0 0 0 0 0 0 0 0 
0.113631 0.000215625 0 0 0 0 0 0 0 0 0 0 0 0 0 0 0 0 
0.0768219 3.125e-05 0 0 0 0 0 0 0 0 0 0 0 0 0 0 0 0 
0.0483562 6.25e-06 0 0 0 0 0 0 0 0 0 0 0 0 0 0 0 0 
0.0284812 0 0 0 0 0 0 0 0 0 0 0 0 0 0 0 0 0 
0.0153562 0 0 0 0 0 0 0 0 0 0 0 0 0 0 0 0 0 
0.00715937 0 0 0 0 0 0 0 0 0 0 0 0 0 0 0 0 0 
0.00286562 0 0 0 0 0 0 0 0 0 0 0 0 0 0 0 0 0 
0.0008375 0 0 0 0 0 0 0 0 0 0 0 0 0 0 0 0 0 
0.0001125 0 0 0 0 0 0 0 0 0 0 0 0 0 0 0 0 0 
9.375e-06 0 0 0 0 0 0 0 0 0 0 0 0 0 0 0 0 0 

----------------------------------------------------------------------------------------------------------------------------------------------------------------------------------------------------------------------------------------------------------------------------------------------------------------------------------------------------------------------------------------------------------------

1 0.997475 0.994044 0.978056 0.954631 0.923987 0.883887 0.834775 0.774831 0.708756 0.63815 0.565394 0.493269 0.42175 0.349862 0.278694 0.206612 0.138462 
0.824344 0.588962 0.416337 0.266631 0.161506 0.0937937 0.0500687 0.0231688 0.00779375 0.0021875 0.00065 0.00013125 6.25e-06 1.875e-05 0 0 0 0 
0.671469 0.317962 0.134525 0.0376562 0.0069875 0.00120625 6.25e-05 3.125e-05 0 0 0 0 0 0 0 0 0 0 
0.538544 0.171475 0.0431938 0.00503125 0.0002375 0 0 0 0 0 0 0 0 0 0 0 0 0 
0.419813 0.0813625 0.0104 0.0002625 6.25e-06 6.25e-06 0 0 0 0 0 0 0 0 0 0 0 0 
0.314669 0.0334562 0.00199375 2.5e-05 0 0 0 0 0 0 0 0 0 0 0 0 0 0 
0.224569 0.0106562 0.00021875 6.25e-06 0 0 0 0 0 0 0 0 0 0 0 0 0 0 
0.15405 0.002575 1.25e-05 0 0 0 0 0 0 0 0 0 0 0 0 0 0 0 
0.100131 0.00049375 0 0 0 0 0 0 0 0 0 0 0 0 0 0 0 0 
0.0626375 8.75e-05 0 0 0 0 0 0 0 0 0 0 0 0 0 0 0 0 
0.0371062 1.25e-05 0 0 0 0 0 0 0 0 0 0 0 0 0 0 0 0 
0.0210375 0 0 0 0 0 0 0 0 0 0 0 0 0 0 0 0 0 
0.0108 0 0 0 0 0 0 0 0 0 0 0 0 0 0 0 0 0 
0.00464375 0 0 0 0 0 0 0 0 0 0 0 0 0 0 0 0 0 
0.001825 0 0 0 0 0 0 0 0 0 0 0 0 0 0 0 0 0 
0.000475 0 0 0 0 0 0 0 0 0 0 0 0 0 0 0 0 0 
5e-05 0 0 0 0 0 0 0 0 0 0 0 0 0 0 0 0 0 
0 0 0 0 0 0 0 0 0 0 0 0 0 0 0 0 0 0 

1 0.998612 0.996637 0.990281 0.982944 0.973287 0.961231 0.946537 0.927512 0.904075 0.874213 0.838912 0.795575 0.744213 0.680806 0.602937 0.503425 0.361869 
0.624769 0.0402313 0.0134687 0.00558125 0.0029875 0.00165625 0.00085625 0.00035625 0.000125 1.875e-05 6.25e-06 0 0 0 0 0 0 0 
0.482225 0.0101313 0.00136875 0.00023125 3.75e-05 6.25e-06 0 0 0 0 0 0 0 0 0 0 0 0 
0.390206 0.0041 0.00025 1.875e-05 0 0 0 0 0 0 0 0 0 0 0 0 0 0 
0.318331 0.00171875 3.75e-05 0 0 0 0 0 0 0 0 0 0 0 0 0 0 0 
0.257669 0.00064375 6.25e-06 0 0 0 0 0 0 0 0 0 0 0 0 0 0 0 
0.207387 0.00025625 0 0 0 0 0 0 0 0 0 0 0 0 0 0 0 0 
0.16335 8.75e-05 0 0 0 0 0 0 0 0 0 0 0 0 0 0 0 0 
0.125612 1.25e-05 0 0 0 0 0 0 0 0 0 0 0 0 0 0 0 0 
0.09345 0 0 0 0 0 0 0 0 0 0 0 0 0 0 0 0 0 
0.0664625 0 0 0 0 0 0 0 0 0 0 0 0 0 0 0 0 0 
0.0455812 0 0 0 0 0 0 0 0 0 0 0 0 0 0 0 0 0 
0.0292437 0 0 0 0 0 0 0 0 0 0 0 0 0 0 0 0 0 
0.01665 0 0 0 0 0 0 0 0 0 0 0 0 0 0 0 0 0 
0.00815 0 0 0 0 0 0 0 0 0 0 0 0 0 0 0 0 0 
0.00306875 0 0 0 0 0 0 0 0 0 0 0 0 0 0 0 0 0 
0.00055 0 0 0 0 0 0 0 0 0 0 0 0 0 0 0 0 0 
3.125e-05 0 0 0 0 0 0 0 0 0 0 0 0 0 0 0 0 0 

----------------------------------------------------------------------------------------------------------------------------------------------------------------------------------------------------------------------------------------------------------------------------------------------------------------------------------------------------------------------------------------------------------------

0 0 0 0 0 0 0 0 0 0 0 0 0 0 0 0 0 0 
0 0 0 0 0 0 0 0 0 0 0 0 0 0 0 0 0 0 
0 0 0 0 0 0 0 0 0 0 0 0 0 0 0 0 0 0 
0 0 0 0 0 0 0 0 0 0 0 0 0 0 0 0 0 0 
0 0 0 0 0 0 0 0 0 0 0 0 0 0 0 0 0 0 
0 0 0 0 0 0 0 0 0 0 0 0 0 0 0 0 0 0 
0 0 0 0 0 0 0 0 0 0 0 0 0 0 0 0 0 0 
0 0 0 0 0 0 0 0 0 0 0 0 0 0 0 0 0 0 
0 0 0 0 0 0 0 0 0 0 0 0 0 0 0 0 0 0 
0 0 0 0 0 0 0 0 0 0 0 0 0 0 0 0 0 0 
0 0 0 0 0 0 0 0 0 0 0 0 0 0 0 0 0 0 
0 0 0 0 0 0 0 0 0 0 0 0 0 0 0 0 0 0 
0 0 0 0 0 0 0 0 0 0 0 0 0 0 0 0 0 0 
0 0 0 0 0 0 0 0 0 0 0 0 0 0 0 0 0 0 
0 0 0 0 0 0 0 0 0 0 0 0 0 0 0 0 0 0 
0 0 0 0 0 0 0 0 0 0 0 0 0 0 0 0 0 0 
0 0 0 0 0 0 0 0 0 0 0 0 0 0 0 0 0 0 
0 0 0 0 0 0 0 0 0 0 0 0 0 0 0 0 0 0 

1 0.99825 0.996687 0.988675 0.9794 0.968087 0.953125 0.9325 0.909187 0.880125 0.845362 0.804437 0.75495 0.697412 0.6281 0.5458 0.448625 0.317725 
0.664162 0.144325 0.06695 0.0337125 0.0191625 0.01055 0.005775 0.0026125 0.00095 0.000225 5e-05 0 0 0 0 0 0 0 
0.515787 0.0494 0.01175 0.002 0.000425 6.25e-05 0 0 0 0 0 0 0 0 0 0 0 0 
0.416162 0.021875 0.0029125 0.0001875 0 0 0 0 0 0 0 0 0 0 0 0 0 0 
0.339725 0.010575 0.0006875 0 0 0 0 0 0 0 0 0 0 0 0 0 0 0 
0.27025 0.0041875 7.5e-05 0 0 0 0 0 0 0 0 0 0 0 0 0 0 0 
0.213075 0.0015125 1.25e-05 0 0 0 0 0 0 0 0 0 0 0 0 0 0 0 
0.166075 0.0004375 0 0 0 0 0 0 0 0 0 0 0 0 0 0 0 0 
0.125288 0.000125 0 0 0 0 0 0 0 0 0 0 0 0 0 0 0 0 
0.0919875 2.5e-05 0 0 0 0 0 0 0 0 0 0 0 0 0 0 0 0 
0.0645125 1.25e-05 0 0 0 0 0 0 0 0 0 0 0 0 0 0 0 0 
0.0432625 0 0 0 0 0 0 0 0 0 0 0 0 0 0 0 0 0 
0.026625 0 0 0 0 0 0 0 0 0 0 0 0 0 0 0 0 0 
0.0141 0 0 0 0 0 0 0 0 0 0 0 0 0 0 0 0 0 
0.00685 0 0 0 0 0 0 0 0 0 0 0 0 0 0 0 0 0 
0.0025125 0 0 0 0 0 0 0 0 0 0 0 0 0 0 0 0 0 
0.0005375 0 0 0 0 0 0 0 0 0 0 0 0 0 0 0 0 0 
6.25e-05 0 0 0 0 0 0 0 0 0 0 0 0 0 0 0 0 0 

1 0.998162 0.996287 0.988537 0.978837 0.96765 0.952237 0.933487 0.908787 0.877512 0.842312 0.7968 0.743937 0.679375 0.603763 0.51845 0.409588 0.274312 
0.705862 0.101062 0.03815 0.017275 0.009025 0.0047125 0.0024 0.0012125 0.000325 6.25e-05 2.5e-05 0 0 0 0 0 0 0 
0.562375 0.0286375 0.0046625 0.000475 5e-05 0 0 0 0 0 0 0 0 0 0 0 0 0 
0.461062 0.012425 0.000925 6.25e-05 1.25e-05 0 0 0 0 0 0 0 0 0 0 0 0 0 
0.379425 0.0054125 0.0001875 0 0 0 0 0 0 0 0 0 0 0 0 0 0 0 
0.308125 0.0022 1.25e-05 0 0 0 0 0 0 0 0 0 0 0 0 0 0 0 
0.245287 0.000725 0 0 0 0 0 0 0 0 0 0 0 0 0 0 0 0 
0.192525 0.00025 0 0 0 0 0 0 0 0 0 0 0 0 0 0 0 0 
0.14615 7.5e-05 0 0 0 0 0 0 0 0 0 0 0 0 0 0 0 0 
0.107262 2.5e-05 0 0 0 0 0 0 0 0 0 0 0 0 0 0 0 0 
0.0772625 0 0 0 0 0 0 0 0 0 0 0 0 0 0 0 0 0 
0.0523875 0 0 0 0 0 0 0 0 0 0 0 0 0 0 0 0 0 
0.03225 0 0 0 0 0 0 0 0 0 0 0 0 0 0 0 0 0 
0.017875 0 0 0 0 0 0 0 0 0 0 0 0 0 0 0 0 0 
0.008325 0 0 0 0 0 0 0 0 0 0 0 0 0 0 0 0 0 
0.002675 0 0 0 0 0 0 0 0 0 0 0 0 0 0 0 0 0 
0.000675 0 0 0 0 0 0 0 0 0 0 0 0 0 0 0 0 0 
5e-05 0 0 0 0 0 0 0 0 0 0 0 0 0 0 0 0 0 

1 0.998875 0.997325 0.991637 0.985812 0.977625 0.96715 0.956288 0.940375 0.921625 0.899587 0.872413 0.836812 0.793925 0.742462 0.677125 0.5897 0.449312 
0.544037 0.000125 0 0 0 0 0 0 0 0 0 0 0 0 0 0 0 0 
0.407487 0 0 0 0 0 0 0 0 0 0 0 0 0 0 0 0 0 
0.325437 0 0 0 0 0 0 0 0 0 0 0 0 0 0 0 0 0 
0.263712 0 0 0 0 0 0 0 0 0 0 0 0 0 0 0 0 0 
0.214562 0 0 0 0 0 0 0 0 0 0 0 0 0 0 0 0 0 
0.17355 0 0 0 0 0 0 0 0 0 0 0 0 0 0 0 0 0 
0.136112 0 0 0 0 0 0 0 0 0 0 0 0 0 0 0 0 0 
0.105037 0 0 0 0 0 0 0 0 0 0 0 0 0 0 0 0 0 
0.079475 0 0 0 0 0 0 0 0 0 0 0 0 0 0 0 0 0 
0.0582 0 0 0 0 0 0 0 0 0 0 0 0 0 0 0 0 0 
0.0400875 0 0 0 0 0 0 0 0 0 0 0 0 0 0 0 0 0 
0.026075 0 0 0 0 0 0 0 0 0 0 0 0 0 0 0 0 0 
0.0155875 0 0 0 0 0 0 0 0 0 0 0 0 0 0 0 0 0 
0.0080875 0 0 0 0 0 0 0 0 0 0 0 0 0 0 0 0 0 
0.0035 0 0 0 0 0 0 0 0 0 0 0 0 0 0 0 0 0 
0.0007875 0 0 0 0 0 0 0 0 0 0 0 0 0 0 0 0 0 
8.75e-05 0 0 0 0 0 0 0 0 0 0 0 0 0 0 0 0 0 

----------------------------------------------------------------------------------------------------------------------------------------------------------------------------------------------------------------------------------------------------------------------------------------------------------------------------------------------------------------------------------------------------------------

0 0 0 0 0 0 0 0 0 0 0 0 0 0 0 0 0 0 
0 0 0 0 0 0 0 0 0 0 0 0 0 0 0 0 0 0 
0 0 0 0 0 0 0 0 0 0 0 0 0 0 0 0 0 0 
0 0 0 0 0 0 0 0 0 0 0 0 0 0 0 0 0 0 
0 0 0 0 0 0 0 0 0 0 0 0 0 0 0 0 0 0 
0 0 0 0 0 0 0 0 0 0 0 0 0 0 0 0 0 0 
0 0 0 0 0 0 0 0 0 0 0 0 0 0 0 0 0 0 
0 0 0 0 0 0 0 0 0 0 0 0 0 0 0 0 0 0 
0 0 0 0 0 0 0 0 0 0 0 0 0 0 0 0 0 0 
0 0 0 0 0 0 0 0 0 0 0 0 0 0 0 0 0 0 
0 0 0 0 0 0 0 0 0 0 0 0 0 0 0 0 0 0 
0 0 0 0 0 0 0 0 0 0 0 0 0 0 0 0 0 0 
0 0 0 0 0 0 0 0 0 0 0 0 0 0 0 0 0 0 
0 0 0 0 0 0 0 0 0 0 0 0 0 0 0 0 0 0 
0 0 0 0 0 0 0 0 0 0 0 0 0 0 0 0 0 0 
0 0 0 0 0 0 0 0 0 0 0 0 0 0 0 0 0 0 
0 0 0 0 0 0 0 0 0 0 0 0 0 0 0 0 0 0 
0 0 0 0 0 0 0 0 0 0 0 0 0 0 0 0 0 0 

0 0 0 0 0 0 0 0 0 0 0 0 0 0 0 0 0 0 
0 0 0 0 0 0 0 0 0 0 0 0 0 0 0 0 0 0 
0 0 0 0 0 0 0 0 0 0 0 0 0 0 0 0 0 0 
0 0 0 0 0 0 0 0 0 0 0 0 0 0 0 0 0 0 
0 0 0 0 0 0 0 0 0 0 0 0 0 0 0 0 0 0 
0 0 0 0 0 0 0 0 0 0 0 0 0 0 0 0 0 0 
0 0 0 0 0 0 0 0 0 0 0 0 0 0 0 0 0 0 
0 0 0 0 0 0 0 0 0 0 0 0 0 0 0 0 0 0 
0 0 0 0 0 0 0 0 0 0 0 0 0 0 0 0 0 0 
0 0 0 0 0 0 0 0 0 0 0 0 0 0 0 0 0 0 
0 0 0 0 0 0 0 0 0 0 0 0 0 0 0 0 0 0 
0 0 0 0 0 0 0 0 0 0 0 0 0 0 0 0 0 0 
0 0 0 0 0 0 0 0 0 0 0 0 0 0 0 0 0 0 
0 0 0 0 0 0 0 0 0 0 0 0 0 0 0 0 0 0 
0 0 0 0 0 0 0 0 0 0 0 0 0 0 0 0 0 0 
0 0 0 0 0 0 0 0 0 0 0 0 0 0 0 0 0 0 
0 0 0 0 0 0 0 0 0 0 0 0 0 0 0 0 0 0 
0 0 0 0 0 0 0 0 0 0 0 0 0 0 0 0 0 0 

1 0.997725 0.99575 0.985 0.972825 0.955325 0.933675 0.907975 0.875275 0.833875 0.788075 0.73535 0.67305 0.6075 0.53155 0.446275 0.345675 0.2323 
0.740675 0.299525 0.162125 0.0911 0.053125 0.029825 0.01535 0.0083 0.0031 0.000725 0.0003 0 0 0 0 0 0 0 
0.5834 0.116825 0.034575 0.007175 0.00125 0.0002 0 0 0 0 0 0 0 0 0 0 0 0 
0.470375 0.055975 0.01 0.000875 2.5e-05 0 0 0 0 0 0 0 0 0 0 0 0 0 
0.37575 0.025475 0.002425 7.5e-05 0 0 0 0 0 0 0 0 0 0 0 0 0 0 
0.2978 0.010575 0.0004 2.5e-05 0 0 0 0 0 0 0 0 0 0 0 0 0 0 
0.233625 0.004025 0.000125 0 0 0 0 0 0 0 0 0 0 0 0 0 0 0 
0.175775 0.000975 2.5e-05 0 0 0 0 0 0 0 0 0 0 0 0 0 0 0 
0.130825 0.000125 0 0 0 0 0 0 0 0 0 0 0 0 0 0 0 0 
0.092625 0 0 0 0 0 0 0 0 0 0 0 0 0 0 0 0 0 
0.0635 0 0 0 0 0 0 0 0 0 0 0 0 0 0 0 0 0 
0.03995 0 0 0 0 0 0 0 0 0 0 0 0 0 0 0 0 0 
0.023625 0 0 0 0 0 0 0 0 0 0 0 0 0 0 0 0 0 
0.01185 0 0 0 0 0 0 0 0 0 0 0 0 0 0 0 0 0 
0.005825 0 0 0 0 0 0 0 0 0 0 0 0 0 0 0 0 0 
0.002075 0 0 0 0 0 0 0 0 0 0 0 0 0 0 0 0 0 
0.00045 0 0 0 0 0 0 0 0 0 0 0 0 0 0 0 0 0 
5e-05 0 0 0 0 0 0 0 0 0 0 0 0 0 0 0 0 0 

1 0.9984 0.997325 0.991675 0.9836 0.975825 0.9665 0.950925 0.93545 0.915775 0.89165 0.860825 0.823625 0.77965 0.723725 0.652375 0.5582 0.4167 
0.5748 0.00315 0.000625 0.000225 0.000125 5e-05 0 0 0 0 0 0 0 0 0 0 0 0 
0.437575 0.00035 0 0 0 0 0 0 0 0 0 0 0 0 0 0 0 0 
0.3501 0.000125 0 0 0 0 0 0 0 0 0 0 0 0 0 0 0 0 
0.28535 7.5e-05 0 0 0 0 0 0 0 0 0 0 0 0 0 0 0 0 
0.22965 5e-05 0 0 0 0 0 0 0 0 0 0 0 0 0 0 0 0 
0.1859 0 0 0 0 0 0 0 0 0 0 0 0 0 0 0 0 0 
0.14615 0 0 0 0 0 0 0 0 0 0 0 0 0 0 0 0 0 
0.11445 0 0 0 0 0 0 0 0 0 0 0 0 0 0 0 0 0 
0.08565 0 0 0 0 0 0 0 0 0 0 0 0 0 0 0 0 0 
0.06285 0 0 0 0 0 0 0 0 0 0 0 0 0 0 0 0 0 
0.0434 0 0 0 0 0 0 0 0 0 0 0 0 0 0 0 0 0 
0.027825 0 0 0 0 0 0 0 0 0 0 0 0 0 0 0 0 0 
0.01635 0 0 0 0 0 0 0 0 0 0 0 0 0 0 0 0 0 
0.00865 0 0 0 0 0 0 0 0 0 0 0 0 0 0 0 0 0 
0.003425 0 0 0 0 0 0 0 0 0 0 0 0 0 0 0 0 0 
0.000775 0 0 0 0 0 0 0 0 0 0 0 0 0 0 0 0 0 
0.0001 0 0 0 0 0 0 0 0 0 0 0 0 0 0 0 0 0 

1 0.99755 0.99585 0.986125 0.97325 0.957075 0.93855 0.911975 0.881975 0.845925 0.797525 0.743375 0.679075 0.60325 0.52085 0.426075 0.317125 0.197275 
0.77915 0.216275 0.096975 0.0475 0.024975 0.01285 0.0074 0.00325 0.001225 0.00025 0 0 0 0 0 0 0 0 
0.63285 0.07025 0.013975 0.002875 0.000225 7.5e-05 0 0 0 0 0 0 0 0 0 0 0 0 
0.525 0.032 0.003425 0.000275 0 0 0 0 0 0 0 0 0 0 0 0 0 0 
0.427775 0.01445 0.000675 0 0 0 0 0 0 0 0 0 0 0 0 0 0 0 
0.34605 0.0066 0.0001 0 0 0 0 0 0 0 0 0 0 0 0 0 0 0 
0.2753 0.002575 2.5e-05 0 0 0 0 0 0 0 0 0 0 0 0 0 0 0 
0.211625 0.0006 0 0 0 0 0 0 0 0 0 0 0 0 0 0 0 0 
0.158675 0.0001 0 0 0 0 0 0 0 0 0 0 0 0 0 0 0 0 
0.11685 0 0 0 0 0 0 0 0 0 0 0 0 0 0 0 0 0 
0.080725 0 0 0 0 0 0 0 0 0 0 0 0 0 0 0 0 0 
0.052125 0 0 0 0 0 0 0 0 0 0 0 0 0 0 0 0 0 
0.0325 0 0 0 0 0 0 0 0 0 0 0 0 0 0 0 0 0 
0.0175 0 0 0 0 0 0 0 0 0 0 0 0 0 0 0 0 0 
0.0087 0 0 0 0 0 0 0 0 0 0 0 0 0 0 0 0 0 
0.002575 0 0 0 0 0 0 0 0 0 0 0 0 0 0 0 0 0 
0.000725 0 0 0 0 0 0 0 0 0 0 0 0 0 0 0 0 0 
0.000125 0 0 0 0 0 0 0 0 0 0 0 0 0 0 0 0 0 

1 0.9983 0.9971 0.99025 0.98235 0.973425 0.96095 0.946925 0.928575 0.907475 0.87905 0.84505 0.8013 0.75075 0.690325 0.61465 0.5156 0.36695 
0.6222 0.000875 0.0002 2.5e-05 0 0 0 0 0 0 0 0 0 0 0 0 0 0 
0.481875 0.0001 2.5e-05 0 0 0 0 0 0 0 0 0 0 0 0 0 0 0 
0.3875 2.5e-05 0 0 0 0 0 0 0 0 0 0 0 0 0 0 0 0 
0.317175 2.5e-05 0 0 0 0 0 0 0 0 0 0 0 0 0 0 0 0 
0.26015 0 0 0 0 0 0 0 0 0 0 0 0 0 0 0 0 0 
0.2095 0 0 0 0 0 0 0 0 0 0 0 0 0 0 0 0 0 
0.165025 0 0 0 0 0 0 0 0 0 0 0 0 0 0 0 0 0 
0.1281 0 0 0 0 0 0 0 0 0 0 0 0 0 0 0 0 0 
0.095525 0 0 0 0 0 0 0 0 0 0 0 0 0 0 0 0 0 
0.070575 0 0 0 0 0 0 0 0 0 0 0 0 0 0 0 0 0 
0.048475 0 0 0 0 0 0 0 0 0 0 0 0 0 0 0 0 0 
0.030775 0 0 0 0 0 0 0 0 0 0 0 0 0 0 0 0 0 
0.018575 0 0 0 0 0 0 0 0 0 0 0 0 0 0 0 0 0 
0.009475 0 0 0 0 0 0 0 0 0 0 0 0 0 0 0 0 0 
0.0037 0 0 0 0 0 0 0 0 0 0 0 0 0 0 0 0 0 
0.000975 0 0 0 0 0 0 0 0 0 0 0 0 0 0 0 0 0 
0.0001 0 0 0 0 0 0 0 0 0 0 0 0 0 0 0 0 0 

1 0.99845 0.997225 0.99125 0.9826 0.97295 0.960275 0.945575 0.927 0.904575 0.876975 0.843925 0.8011 0.750375 0.690175 0.6132 0.5118 0.362125 
0.629 0.000275 2.5e-05 0 0 0 0 0 0 0 0 0 0 0 0 0 0 0 
0.482 2.5e-05 0 0 0 0 0 0 0 0 0 0 0 0 0 0 0 0 
0.390825 2.5e-05 0 0 0 0 0 0 0 0 0 0 0 0 0 0 0 0 
0.3192 0 0 0 0 0 0 0 0 0 0 0 0 0 0 0 0 0 
0.2587 0 0 0 0 0 0 0 0 0 0 0 0 0 0 0 0 0 
0.2088 0 0 0 0 0 0 0 0 0 0 0 0 0 0 0 0 0 
0.167225 0 0 0 0 0 0 0 0 0 0 0 0 0 0 0 0 0 
0.12825 0 0 0 0 0 0 0 0 0 0 0 0 0 0 0 0 0 
0.098325 0 0 0 0 0 0 0 0 0 0 0 0 0 0 0 0 0 
0.0719 0 0 0 0 0 0 0 0 0 0 0 0 0 0 0 0 0 
0.050125 0 0 0 0 0 0 0 0 0 0 0 0 0 0 0 0 0 
0.032725 0 0 0 0 0 0 0 0 0 0 0 0 0 0 0 0 0 
0.018975 0 0 0 0 0 0 0 0 0 0 0 0 0 0 0 0 0 
0.0094 0 0 0 0 0 0 0 0 0 0 0 0 0 0 0 0 0 
0.00355 0 0 0 0 0 0 0 0 0 0 0 0 0 0 0 0 0 
0.001025 0 0 0 0 0 0 0 0 0 0 0 0 0 0 0 0 0 
5e-05 0 0 0 0 0 0 0 0 0 0 0 0 0 0 0 0 0 

1 0.999075 0.997875 0.9926 0.9864 0.980425 0.97205 0.960825 0.9487 0.9335 0.914875 0.892725 0.861825 0.82815 0.786925 0.7334 0.65925 0.531825 
0.4639 0 0 0 0 0 0 0 0 0 0 0 0 0 0 0 0 0 
0.34235 0 0 0 0 0 0 0 0 0 0 0 0 0 0 0 0 0 
0.2704 0 0 0 0 0 0 0 0 0 0 0 0 0 0 0 0 0 
0.216875 0 0 0 0 0 0 0 0 0 0 0 0 0 0 0 0 0 
0.17835 0 0 0 0 0 0 0 0 0 0 0 0 0 0 0 0 0 
0.143425 0 0 0 0 0 0 0 0 0 0 0 0 0 0 0 0 0 
0.11375 0 0 0 0 0 0 0 0 0 0 0 0 0 0 0 0 0 
0.089375 0 0 0 0 0 0 0 0 0 0 0 0 0 0 0 0 0 
0.068025 0 0 0 0 0 0 0 0 0 0 0 0 0 0 0 0 0 
0.05025 0 0 0 0 0 0 0 0 0 0 0 0 0 0 0 0 0 
0.034925 0 0 0 0 0 0 0 0 0 0 0 0 0 0 0 0 0 
0.02345 0 0 0 0 0 0 0 0 0 0 0 0 0 0 0 0 0 
0.0141 0 0 0 0 0 0 0 0 0 0 0 0 0 0 0 0 0 
0.0069 0 0 0 0 0 0 0 0 0 0 0 0 0 0 0 0 0 
0.002725 0 0 0 0 0 0 0 0 0 0 0 0 0 0 0 0 0 
0.000675 0 0 0 0 0 0 0 0 0 0 0 0 0 0 0 0 0 
0.0001 0 0 0 0 0 0 0 0 0 0 0 0 0 0 0 0 0 

----------------------------------------------------------------------------------------------------------------------------------------------------------------------------------------------------------------------------------------------------------------------------------------------------------------------------------------------------------------------------------------------------------------

0 0 0 0 0 0 0 0 0 0 0 0 0 0 0 0 0 0 
0 0 0 0 0 0 0 0 0 0 0 0 0 0 0 0 0 0 
0 0 0 0 0 0 0 0 0 0 0 0 0 0 0 0 0 0 
0 0 0 0 0 0 0 0 0 0 0 0 0 0 0 0 0 0 
0 0 0 0 0 0 0 0 0 0 0 0 0 0 0 0 0 0 
0 0 0 0 0 0 0 0 0 0 0 0 0 0 0 0 0 0 
0 0 0 0 0 0 0 0 0 0 0 0 0 0 0 0 0 0 
0 0 0 0 0 0 0 0 0 0 0 0 0 0 0 0 0 0 
0 0 0 0 0 0 0 0 0 0 0 0 0 0 0 0 0 0 
0 0 0 0 0 0 0 0 0 0 0 0 0 0 0 0 0 0 
0 0 0 0 0 0 0 0 0 0 0 0 0 0 0 0 0 0 
0 0 0 0 0 0 0 0 0 0 0 0 0 0 0 0 0 0 
0 0 0 0 0 0 0 0 0 0 0 0 0 0 0 0 0 0 
0 0 0 0 0 0 0 0 0 0 0 0 0 0 0 0 0 0 
0 0 0 0 0 0 0 0 0 0 0 0 0 0 0 0 0 0 
0 0 0 0 0 0 0 0 0 0 0 0 0 0 0 0 0 0 
0 0 0 0 0 0 0 0 0 0 0 0 0 0 0 0 0 0 
0 0 0 0 0 0 0 0 0 0 0 0 0 0 0 0 0 0 

0 0 0 0 0 0 0 0 0 0 0 0 0 0 0 0 0 0 
0 0 0 0 0 0 0 0 0 0 0 0 0 0 0 0 0 0 
0 0 0 0 0 0 0 0 0 0 0 0 0 0 0 0 0 0 
0 0 0 0 0 0 0 0 0 0 0 0 0 0 0 0 0 0 
0 0 0 0 0 0 0 0 0 0 0 0 0 0 0 0 0 0 
0 0 0 0 0 0 0 0 0 0 0 0 0 0 0 0 0 0 
0 0 0 0 0 0 0 0 0 0 0 0 0 0 0 0 0 0 
0 0 0 0 0 0 0 0 0 0 0 0 0 0 0 0 0 0 
0 0 0 0 0 0 0 0 0 0 0 0 0 0 0 0 0 0 
0 0 0 0 0 0 0 0 0 0 0 0 0 0 0 0 0 0 
0 0 0 0 0 0 0 0 0 0 0 0 0 0 0 0 0 0 
0 0 0 0 0 0 0 0 0 0 0 0 0 0 0 0 0 0 
0 0 0 0 0 0 0 0 0 0 0 0 0 0 0 0 0 0 
0 0 0 0 0 0 0 0 0 0 0 0 0 0 0 0 0 0 
0 0 0 0 0 0 0 0 0 0 0 0 0 0 0 0 0 0 
0 0 0 0 0 0 0 0 0 0 0 0 0 0 0 0 0 0 
0 0 0 0 0 0 0 0 0 0 0 0 0 0 0 0 0 0 
0 0 0 0 0 0 0 0 0 0 0 0 0 0 0 0 0 0 

0 0 0 0 0 0 0 0 0 0 0 0 0 0 0 0 0 0 
0 0 0 0 0 0 0 0 0 0 0 0 0 0 0 0 0 0 
0 0 0 0 0 0 0 0 0 0 0 0 0 0 0 0 0 0 
0 0 0 0 0 0 0 0 0 0 0 0 0 0 0 0 0 0 
0 0 0 0 0 0 0 0 0 0 0 0 0 0 0 0 0 0 
0 0 0 0 0 0 0 0 0 0 0 0 0 0 0 0 0 0 
0 0 0 0 0 0 0 0 0 0 0 0 0 0 0 0 0 0 
0 0 0 0 0 0 0 0 0 0 0 0 0 0 0 0 0 0 
0 0 0 0 0 0 0 0 0 0 0 0 0 0 0 0 0 0 
0 0 0 0 0 0 0 0 0 0 0 0 0 0 0 0 0 0 
0 0 0 0 0 0 0 0 0 0 0 0 0 0 0 0 0 0 
0 0 0 0 0 0 0 0 0 0 0 0 0 0 0 0 0 0 
0 0 0 0 0 0 0 0 0 0 0 0 0 0 0 0 0 0 
0 0 0 0 0 0 0 0 0 0 0 0 0 0 0 0 0 0 
0 0 0 0 0 0 0 0 0 0 0 0 0 0 0 0 0 0 
0 0 0 0 0 0 0 0 0 0 0 0 0 0 0 0 0 0 
0 0 0 0 0 0 0 0 0 0 0 0 0 0 0 0 0 0 
0 0 0 0 0 0 0 0 0 0 0 0 0 0 0 0 0 0 

1 0.9986 0.9976 0.99165 0.9842 0.97475 0.9656 0.94955 0.93165 0.9117 0.886 0.8535 0.8163 0.7715 0.7145 0.64845 0.5599 0.4224 
0.5657 0.06465 0.0274 0.01395 0.0066 0.00385 0.00255 0.00145 0.0006 5e-05 0 0 0 0 0 0 0 0 
0.4249 0.0188 0.00405 0.0008 0.0001 0 0 0 0 0 0 0 0 0 0 0 0 0 
0.3392 0.0087 0.0009 0 0 0 0 0 0 0 0 0 0 0 0 0 0 0 
0.27325 0.0037 0.0002 0 0 0 0 0 0 0 0 0 0 0 0 0 0 0 
0.2183 0.00185 0 0 0 0 0 0 0 0 0 0 0 0 0 0 0 0 
0.17695 0.00055 0 0 0 0 0 0 0 0 0 0 0 0 0 0 0 0 
0.13515 0.00035 0 0 0 0 0 0 0 0 0 0 0 0 0 0 0 0 
0.106 5e-05 0 0 0 0 0 0 0 0 0 0 0 0 0 0 0 0 
0.077 0 0 0 0 0 0 0 0 0 0 0 0 0 0 0 0 0 
0.05655 0 0 0 0 0 0 0 0 0 0 0 0 0 0 0 0 0 
0.039 0 0 0 0 0 0 0 0 0 0 0 0 0 0 0 0 0 
0.02385 0 0 0 0 0 0 0 0 0 0 0 0 0 0 0 0 0 
0.0149 0 0 0 0 0 0 0 0 0 0 0 0 0 0 0 0 0 
0.00745 0 0 0 0 0 0 0 0 0 0 0 0 0 0 0 0 0 
0.0025 0 0 0 0 0 0 0 0 0 0 0 0 0 0 0 0 0 
0.0003 0 0 0 0 0 0 0 0 0 0 0 0 0 0 0 0 0 
0 0 0 0 0 0 0 0 0 0 0 0 0 0 0 0 0 0 

0 0 0 0 0 0 0 0 0 0 0 0 0 0 0 0 0 0 
0 0 0 0 0 0 0 0 0 0 0 0 0 0 0 0 0 0 
0 0 0 0 0 0 0 0 0 0 0 0 0 0 0 0 0 0 
0 0 0 0 0 0 0 0 0 0 0 0 0 0 0 0 0 0 
0 0 0 0 0 0 0 0 0 0 0 0 0 0 0 0 0 0 
0 0 0 0 0 0 0 0 0 0 0 0 0 0 0 0 0 0 
0 0 0 0 0 0 0 0 0 0 0 0 0 0 0 0 0 0 
0 0 0 0 0 0 0 0 0 0 0 0 0 0 0 0 0 0 
0 0 0 0 0 0 0 0 0 0 0 0 0 0 0 0 0 0 
0 0 0 0 0 0 0 0 0 0 0 0 0 0 0 0 0 0 
0 0 0 0 0 0 0 0 0 0 0 0 0 0 0 0 0 0 
0 0 0 0 0 0 0 0 0 0 0 0 0 0 0 0 0 0 
0 0 0 0 0 0 0 0 0 0 0 0 0 0 0 0 0 0 
0 0 0 0 0 0 0 0 0 0 0 0 0 0 0 0 0 0 
0 0 0 0 0 0 0 0 0 0 0 0 0 0 0 0 0 0 
0 0 0 0 0 0 0 0 0 0 0 0 0 0 0 0 0 0 
0 0 0 0 0 0 0 0 0 0 0 0 0 0 0 0 0 0 
0 0 0 0 0 0 0 0 0 0 0 0 0 0 0 0 0 0 

1 0.9984 0.99685 0.9904 0.98245 0.9712 0.9579 0.9467 0.92775 0.9047 0.87645 0.84525 0.80225 0.75385 0.6913 0.6142 0.5143 0.3675 
0.61895 0.0176 0.00475 0.00225 0.0012 0.00065 0.0003 0.0001 5e-05 0 0 0 0 0 0 0 0 0 
0.479 0.0039 0.00045 5e-05 0 0 0 0 0 0 0 0 0 0 0 0 0 0 
0.3859 0.00205 5e-05 0 0 0 0 0 0 0 0 0 0 0 0 0 0 0 
0.31525 0.00095 5e-05 0 0 0 0 0 0 0 0 0 0 0 0 0 0 0 
0.25605 0.0002 0 0 0 0 0 0 0 0 0 0 0 0 0 0 0 0 
0.20545 0.00015 0 0 0 0 0 0 0 0 0 0 0 0 0 0 0 0 
0.16025 5e-05 0 0 0 0 0 0 0 0 0 0 0 0 0 0 0 0 
0.1243 0 0 0 0 0 0 0 0 0 0 0 0 0 0 0 0 0 
0.09405 0 0 0 0 0 0 0 0 0 0 0 0 0 0 0 0 0 
0.0705 0 0 0 0 0 0 0 0 0 0 0 0 0 0 0 0 0 
0.04885 0 0 0 0 0 0 0 0 0 0 0 0 0 0 0 0 0 
0.03205 0 0 0 0 0 0 0 0 0 0 0 0 0 0 0 0 0 
0.01965 0 0 0 0 0 0 0 0 0 0 0 0 0 0 0 0 0 
0.00905 0 0 0 0 0 0 0 0 0 0 0 0 0 0 0 0 0 
0.0037 0 0 0 0 0 0 0 0 0 0 0 0 0 0 0 0 0 
0.0007 0 0 0 0 0 0 0 0 0 0 0 0 0 0 0 0 0 
5e-05 0 0 0 0 0 0 0 0 0 0 0 0 0 0 0 0 0 

1 0.9983 0.99575 0.9896 0.9795 0.97075 0.9587 0.94475 0.92655 0.901 0.8754 0.8392 0.7957 0.7437 0.6785 0.598 0.49495 0.3459 
0.642 0.0113 0.0025 0.0008 0.0003 0.00015 0.0001 0 0 0 0 0 0 0 0 0 0 0 
0.4965 0.0022 5e-05 0 0 0 0 0 0 0 0 0 0 0 0 0 0 0 
0.40215 0.0006 0 0 0 0 0 0 0 0 0 0 0 0 0 0 0 0 
0.3319 0.00035 0 0 0 0 0 0 0 0 0 0 0 0 0 0 0 0 
0.26725 5e-05 0 0 0 0 0 0 0 0 0 0 0 0 0 0 0 0 
0.2155 0 0 0 0 0 0 0 0 0 0 0 0 0 0 0 0 0 
0.1684 0 0 0 0 0 0 0 0 0 0 0 0 0 0 0 0 0 
0.1304 0 0 0 0 0 0 0 0 0 0 0 0 0 0 0 0 0 
0.0984 0 0 0 0 0 0 0 0 0 0 0 0 0 0 0 0 0 
0.0724 0 0 0 0 0 0 0 0 0 0 0 0 0 0 0 0 0 
0.05065 0 0 0 0 0 0 0 0 0 0 0 0 0 0 0 0 0 
0.0341 0 0 0 0 0 0 0 0 0 0 0 0 0 0 0 0 0 
0.01945 0 0 0 0 0 0 0 0 0 0 0 0 0 0 0 0 0 
0.0103 0 0 0 0 0 0 0 0 0 0 0 0 0 0 0 0 0 
0.00485 0 0 0 0 0 0 0 0 0 0 0 0 0 0 0 0 0 
0.00105 0 0 0 0 0 0 0 0 0 0 0 0 0 0 0 0 0 
5e-05 0 0 0 0 0 0 0 0 0 0 0 0 0 0 0 0 0 

1 0.9988 0.99775 0.99255 0.98755 0.98035 0.9688 0.95925 0.94915 0.93105 0.9116 0.8848 0.8555 0.8173 0.77395 0.71755 0.63445 0.50065 
0.49535 0 0 0 0 0 0 0 0 0 0 0 0 0 0 0 0 0 
0.3653 0 0 0 0 0 0 0 0 0 0 0 0 0 0 0 0 0 
0.28815 0 0 0 0 0 0 0 0 0 0 0 0 0 0 0 0 0 
0.2303 0 0 0 0 0 0 0 0 0 0 0 0 0 0 0 0 0 
0.18875 0 0 0 0 0 0 0 0 0 0 0 0 0 0 0 0 0 
0.15395 0 0 0 0 0 0 0 0 0 0 0 0 0 0 0 0 0 
0.1213 0 0 0 0 0 0 0 0 0 0 0 0 0 0 0 0 0 
0.09215 0 0 0 0 0 0 0 0 0 0 0 0 0 0 0 0 0 
0.06925 0 0 0 0 0 0 0 0 0 0 0 0 0 0 0 0 0 
0.05085 0 0 0 0 0 0 0 0 0 0 0 0 0 0 0 0 0 
0.03505 0 0 0 0 0 0 0 0 0 0 0 0 0 0 0 0 0 
0.0233 0 0 0 0 0 0 0 0 0 0 0 0 0 0 0 0 0 
0.01405 0 0 0 0 0 0 0 0 0 0 0 0 0 0 0 0 0 
0.00715 0 0 0 0 0 0 0 0 0 0 0 0 0 0 0 0 0 
0.0032 0 0 0 0 0 0 0 0 0 0 0 0 0 0 0 0 0 
0.0006 0 0 0 0 0 0 0 0 0 0 0 0 0 0 0 0 0 
0.00025 0 0 0 0 0 0 0 0 0 0 0 0 0 0 0 0 0 

0 0 0 0 0 0 0 0 0 0 0 0 0 0 0 0 0 0 
0 0 0 0 0 0 0 0 0 0 0 0 0 0 0 0 0 0 
0 0 0 0 0 0 0 0 0 0 0 0 0 0 0 0 0 0 
0 0 0 0 0 0 0 0 0 0 0 0 0 0 0 0 0 0 
0 0 0 0 0 0 0 0 0 0 0 0 0 0 0 0 0 0 
0 0 0 0 0 0 0 0 0 0 0 0 0 0 0 0 0 0 
0 0 0 0 0 0 0 0 0 0 0 0 0 0 0 0 0 0 
0 0 0 0 0 0 0 0 0 0 0 0 0 0 0 0 0 0 
0 0 0 0 0 0 0 0 0 0 0 0 0 0 0 0 0 0 
0 0 0 0 0 0 0 0 0 0 0 0 0 0 0 0 0 0 
0 0 0 0 0 0 0 0 0 0 0 0 0 0 0 0 0 0 
0 0 0 0 0 0 0 0 0 0 0 0 0 0 0 0 0 0 
0 0 0 0 0 0 0 0 0 0 0 0 0 0 0 0 0 0 
0 0 0 0 0 0 0 0 0 0 0 0 0 0 0 0 0 0 
0 0 0 0 0 0 0 0 0 0 0 0 0 0 0 0 0 0 
0 0 0 0 0 0 0 0 0 0 0 0 0 0 0 0 0 0 
0 0 0 0 0 0 0 0 0 0 0 0 0 0 0 0 0 0 
0 0 0 0 0 0 0 0 0 0 0 0 0 0 0 0 0 0 

1 0.9982 0.9961 0.98875 0.97925 0.96945 0.95565 0.9355 0.91575 0.8872 0.85515 0.81755 0.7664 0.70835 0.6363 0.5535 0.44805 0.3001 
0.6884 0.0048 0.0009 0.00015 0.0001 0 0 0 0 0 0 0 0 0 0 0 0 0 
0.54405 0.00075 0 0 0 0 0 0 0 0 0 0 0 0 0 0 0 0 
0.4515 0.0002 0 0 0 0 0 0 0 0 0 0 0 0 0 0 0 0 
0.36975 0.00015 0 0 0 0 0 0 0 0 0 0 0 0 0 0 0 0 
0.30545 5e-05 0 0 0 0 0 0 0 0 0 0 0 0 0 0 0 0 
0.2449 0 0 0 0 0 0 0 0 0 0 0 0 0 0 0 0 0 
0.19645 0 0 0 0 0 0 0 0 0 0 0 0 0 0 0 0 0 
0.15225 0 0 0 0 0 0 0 0 0 0 0 0 0 0 0 0 0 
0.1139 0 0 0 0 0 0 0 0 0 0 0 0 0 0 0 0 0 
0.08305 0 0 0 0 0 0 0 0 0 0 0 0 0 0 0 0 0 
0.0581 0 0 0 0 0 0 0 0 0 0 0 0 0 0 0 0 0 
0.03695 0 0 0 0 0 0 0 0 0 0 0 0 0 0 0 0 0 
0.0218 0 0 0 0 0 0 0 0 0 0 0 0 0 0 0 0 0 
0.01045 0 0 0 0 0 0 0 0 0 0 0 0 0 0 0 0 0 
0.0038 0 0 0 0 0 0 0 0 0 0 0 0 0 0 0 0 0 
0.0008 0 0 0 0 0 0 0 0 0 0 0 0 0 0 0 0 0 
5e-05 0 0 0 0 0 0 0 0 0 0 0 0 0 0 0 0 0 

1 0.99835 0.99625 0.9887 0.97965 0.9695 0.956 0.93715 0.91645 0.8872 0.85375 0.81555 0.7711 0.71015 0.6388 0.5491 0.4365 0.28475 
0.7011 0.0028 0.0006 0 5e-05 0 0 0 0 0 0 0 0 0 0 0 0 0 
0.55425 0.0001 0 0 0 0 0 0 0 0 0 0 0 0 0 0 0 0 
0.4524 5e-05 0 0 0 0 0 0 0 0 0 0 0 0 0 0 0 0 
0.37495 5e-05 0 0 0 0 0 0 0 0 0 0 0 0 0 0 0 0 
0.30115 0 0 0 0 0 0 0 0 0 0 0 0 0 0 0 0 0 
0.2455 0 0 0 0 0 0 0 0 0 0 0 0 0 0 0 0 0 
0.1958 0 0 0 0 0 0 0 0 0 0 0 0 0 0 0 0 0 
0.1527 0 0 0 0 0 0 0 0 0 0 0 0 0 0 0 0 0 
0.1154 0 0 0 0 0 0 0 0 0 0 0 0 0 0 0 0 0 
0.0829 0 0 0 0 0 0 0 0 0 0 0 0 0 0 0 0 0 
0.05805 0 0 0 0 0 0 0 0 0 0 0 0 0 0 0 0 0 
0.03725 0 0 0 0 0 0 0 0 0 0 0 0 0 0 0 0 0 
0.0211 0 0 0 0 0 0 0 0 0 0 0 0 0 0 0 0 0 
0.01 0 0 0 0 0 0 0 0 0 0 0 0 0 0 0 0 0 
0.00395 0 0 0 0 0 0 0 0 0 0 0 0 0 0 0 0 0 
0.0007 0 0 0 0 0 0 0 0 0 0 0 0 0 0 0 0 0 
0.0002 0 0 0 0 0 0 0 0 0 0 0 0 0 0 0 0 0 

1 0.99835 0.99705 0.99125 0.98405 0.978 0.96535 0.9547 0.9364 0.91855 0.8955 0.86745 0.83155 0.79055 0.74095 0.67825 0.5882 0.4478 
0.548 0 0 0 0 0 0 0 0 0 0 0 0 0 0 0 0 0 
0.40995 0 0 0 0 0 0 0 0 0 0 0 0 0 0 0 0 0 
0.32675 0 0 0 0 0 0 0 0 0 0 0 0 0 0 0 0 0 
0.26175 0 0 0 0 0 0 0 0 0 0 0 0 0 0 0 0 0 
0.2181 0 0 0 0 0 0 0 0 0 0 0 0 0 0 0 0 0 
0.1775 0 0 0 0 0 0 0 0 0 0 0 0 0 0 0 0 0 
0.13935 0 0 0 0 0 0 0 0 0 0 0 0 0 0 0 0 0 
0.1104 0 0 0 0 0 0 0 0 0 0 0 0 0 0 0 0 0 
0.0834 0 0 0 0 0 0 0 0 0 0 0 0 0 0 0 0 0 
0.062 0 0 0 0 0 0 0 0 0 0 0 0 0 0 0 0 0 
0.04385 0 0 0 0 0 0 0 0 0 0 0 0 0 0 0 0 0 
0.0273 0 0 0 0 0 0 0 0 0 0 0 0 0 0 0 0 0 
0.01625 0 0 0 0 0 0 0 0 0 0 0 0 0 0 0 0 0 
0.00785 0 0 0 0 0 0 0 0 0 0 0 0 0 0 0 0 0 
0.00275 0 0 0 0 0 0 0 0 0 0 0 0 0 0 0 0 0 
0.0008 0 0 0 0 0 0 0 0 0 0 0 0 0 0 0 0 0 
5e-05 0 0 0 0 0 0 0 0 0 0 0 0 0 0 0 0 0 

1 0.9978 0.9955 0.98855 0.98065 0.96835 0.95735 0.93785 0.91675 0.89195 0.8548 0.8185 0.7661 0.7079 0.63615 0.5469 0.4414 0.29185 
0.696 0.00155 0.00035 5e-05 0.0001 5e-05 0 0 0 0 0 0 0 0 0 0 0 0 
0.54975 0.00015 0 0 0 0 0 0 0 0 0 0 0 0 0 0 0 0 
0.45555 0.0001 0 0 0 0 0 0 0 0 0 0 0 0 0 0 0 0 
0.37555 0 0 0 0 0 0 0 0 0 0 0 0 0 0 0 0 0 
0.3055 0 0 0 0 0 0 0 0 0 0 0 0 0 0 0 0 0 
0.24575 0 0 0 0 0 0 0 0 0 0 0 0 0 0 0 0 0 
0.19335 0 0 0 0 0 0 0 0 0 0 0 0 0 0 0 0 0 
0.15285 0 0 0 0 0 0 0 0 0 0 0 0 0 0 0 0 0 
0.1154 0 0 0 0 0 0 0 0 0 0 0 0 0 0 0 0 0 
0.08205 0 0 0 0 0 0 0 0 0 0 0 0 0 0 0 0 0 
0.0562 0 0 0 0 0 0 0 0 0 0 0 0 0 0 0 0 0 
0.03595 0 0 0 0 0 0 0 0 0 0 0 0 0 0 0 0 0 
0.02075 0 0 0 0 0 0 0 0 0 0 0 0 0 0 0 0 0 
0.00985 0 0 0 0 0 0 0 0 0 0 0 0 0 0 0 0 0 
0.00385 0 0 0 0 0 0 0 0 0 0 0 0 0 0 0 0 0 
0.00085 0 0 0 0 0 0 0 0 0 0 0 0 0 0 0 0 0 
0.0001 0 0 0 0 0 0 0 0 0 0 0 0 0 0 0 0 0 

1 0.9982 0.99675 0.991 0.98525 0.9781 0.96985 0.95575 0.9403 0.9197 0.8989 0.8714 0.8348 0.79525 0.74385 0.6779 0.5928 0.4507 
0.54225 0 0 0 0 0 0 0 0 0 0 0 0 0 0 0 0 0 
0.40775 0 0 0 0 0 0 0 0 0 0 0 0 0 0 0 0 0 
0.32525 0 0 0 0 0 0 0 0 0 0 0 0 0 0 0 0 0 
0.26205 0 0 0 0 0 0 0 0 0 0 0 0 0 0 0 0 0 
0.21225 0 0 0 0 0 0 0 0 0 0 0 0 0 0 0 0 0 
0.17165 0 0 0 0 0 0 0 0 0 0 0 0 0 0 0 0 0 
0.13645 0 0 0 0 0 0 0 0 0 0 0 0 0 0 0 0 0 
0.1067 0 0 0 0 0 0 0 0 0 0 0 0 0 0 0 0 0 
0.08145 0 0 0 0 0 0 0 0 0 0 0 0 0 0 0 0 0 
0.0585 0 0 0 0 0 0 0 0 0 0 0 0 0 0 0 0 0 
0.0404 0 0 0 0 0 0 0 0 0 0 0 0 0 0 0 0 0 
0.0273 0 0 0 0 0 0 0 0 0 0 0 0 0 0 0 0 0 
0.01505 0 0 0 0 0 0 0 0 0 0 0 0 0 0 0 0 0 
0.0083 0 0 0 0 0 0 0 0 0 0 0 0 0 0 0 0 0 
0.0034 0 0 0 0 0 0 0 0 0 0 0 0 0 0 0 0 0 
0.00065 0 0 0 0 0 0 0 0 0 0 0 0 0 0 0 0 0 
0.0001 0 0 0 0 0 0 0 0 0 0 0 0 0 0 0 0 0 

1 0.99835 0.99725 0.9914 0.98295 0.977 0.9664 0.954 0.93765 0.9203 0.8971 0.86975 0.83495 0.7922 0.7405 0.67455 0.59215 0.4489 
0.54385 0 0 0 0 0 0 0 0 0 0 0 0 0 0 0 0 0 
0.4063 0 0 0 0 0 0 0 0 0 0 0 0 0 0 0 0 0 
0.32655 0 0 0 0 0 0 0 0 0 0 0 0 0 0 0 0 0 
0.2659 0 0 0 0 0 0 0 0 0 0 0 0 0 0 0 0 0 
0.21495 0 0 0 0 0 0 0 0 0 0 0 0 0 0 0 0 0 
0.1758 0 0 0 0 0 0 0 0 0 0 0 0 0 0 0 0 0 
0.138 0 0 0 0 0 0 0 0 0 0 0 0 0 0 0 0 0 
0.1086 0 0 0 0 0 0 0 0 0 0 0 0 0 0 0 0 0 
0.08225 0 0 0 0 0 0 0 0 0 0 0 0 0 0 0 0 0 
0.05975 0 0 0 0 0 0 0 0 0 0 0 0 0 0 0 0 0 
0.04265 0 0 0 0 0 0 0 0 0 0 0 0 0 0 0 0 0 
0.02755 0 0 0 0 0 0 0 0 0 0 0 0 0 0 0 0 0 
0.01755 0 0 0 0 0 0 0 0 0 0 0 0 0 0 0 0 0 
0.0093 0 0 0 0 0 0 0 0 0 0 0 0 0 0 0 0 0 
0.00445 0 0 0 0 0 0 0 0 0 0 0 0 0 0 0 0 0 
0.00105 0 0 0 0 0 0 0 0 0 0 0 0 0 0 0 0 0 
0.0001 0 0 0 0 0 0 0 0 0 0 0 0 0 0 0 0 0 

1 0.99925 0.99735 0.9943 0.98885 0.9833 0.9752 0.96725 0.9575 0.94345 0.92835 0.91255 0.88615 0.85975 0.8215 0.77635 0.7124 0.59975 
0.39625 0 0 0 0 0 0 0 0 0 0 0 0 0 0 0 0 0 
0.28975 0 0 0 0 0 0 0 0 0 0 0 0 0 0 0 0 0 
0.2266 0 0 0 0 0 0 0 0 0 0 0 0 0 0 0 0 0 
0.1838 0 0 0 0 0 0 0 0 0 0 0 0 0 0 0 0 0 
0.14785 0 0 0 0 0 0 0 0 0 0 0 0 0 0 0 0 0 
0.11755 0 0 0 0 0 0 0 0 0 0 0 0 0 0 0 0 0 
0.0932 0 0 0 0 0 0 0 0 0 0 0 0 0 0 0 0 0 
0.07195 0 0 0 0 0 0 0 0 0 0 0 0 0 0 0 0 0 
0.05585 0 0 0 0 0 0 0 0 0 0 0 0 0 0 0 0 0 
0.04215 0 0 0 0 0 0 0 0 0 0 0 0 0 0 0 0 0 
0.02975 0 0 0 0 0 0 0 0 0 0 0 0 0 0 0 0 0 
0.02 0 0 0 0 0 0 0 0 0 0 0 0 0 0 0 0 0 
0.0123 0 0 0 0 0 0 0 0 0 0 0 0 0 0 0 0 0 
0.00605 0 0 0 0 0 0 0 0 0 0 0 0 0 0 0 0 0 
0.0029 0 0 0 0 0 0 0 0 0 0 0 0 0 0 0 0 0 
0.00075 0 0 0 0 0 0 0 0 0 0 0 0 0 0 0 0 0 
5e-05 0 0 0 0 0 0 0 0 0 0 0 0 0 0 0 0 0 

----------------------------------------------------------------------------------------------------------------------------------------------------------------------------------------------------------------------------------------------------------------------------------------------------------------------------------------------------------------------------------------------------------------

0 0 0 0 0 0 0 0 0 0 0 0 0 0 0 0 0 0 
0 0 0 0 0 0 0 0 0 0 0 0 0 0 0 0 0 0 
0 0 0 0 0 0 0 0 0 0 0 0 0 0 0 0 0 0 
0 0 0 0 0 0 0 0 0 0 0 0 0 0 0 0 0 0 
0 0 0 0 0 0 0 0 0 0 0 0 0 0 0 0 0 0 
0 0 0 0 0 0 0 0 0 0 0 0 0 0 0 0 0 0 
0 0 0 0 0 0 0 0 0 0 0 0 0 0 0 0 0 0 
0 0 0 0 0 0 0 0 0 0 0 0 0 0 0 0 0 0 
0 0 0 0 0 0 0 0 0 0 0 0 0 0 0 0 0 0 
0 0 0 0 0 0 0 0 0 0 0 0 0 0 0 0 0 0 
0 0 0 0 0 0 0 0 0 0 0 0 0 0 0 0 0 0 
0 0 0 0 0 0 0 0 0 0 0 0 0 0 0 0 0 0 
0 0 0 0 0 0 0 0 0 0 0 0 0 0 0 0 0 0 
0 0 0 0 0 0 0 0 0 0 0 0 0 0 0 0 0 0 
0 0 0 0 0 0 0 0 0 0 0 0 0 0 0 0 0 0 
0 0 0 0 0 0 0 0 0 0 0 0 0 0 0 0 0 0 
0 0 0 0 0 0 0 0 0 0 0 0 0 0 0 0 0 0 
0 0 0 0 0 0 0 0 0 0 0 0 0 0 0 0 0 0 

0 0 0 0 0 0 0 0 0 0 0 0 0 0 0 0 0 0 
0 0 0 0 0 0 0 0 0 0 0 0 0 0 0 0 0 0 
0 0 0 0 0 0 0 0 0 0 0 0 0 0 0 0 0 0 
0 0 0 0 0 0 0 0 0 0 0 0 0 0 0 0 0 0 
0 0 0 0 0 0 0 0 0 0 0 0 0 0 0 0 0 0 
0 0 0 0 0 0 0 0 0 0 0 0 0 0 0 0 0 0 
0 0 0 0 0 0 0 0 0 0 0 0 0 0 0 0 0 0 
0 0 0 0 0 0 0 0 0 0 0 0 0 0 0 0 0 0 
0 0 0 0 0 0 0 0 0 0 0 0 0 0 0 0 0 0 
0 0 0 0 0 0 0 0 0 0 0 0 0 0 0 0 0 0 
0 0 0 0 0 0 0 0 0 0 0 0 0 0 0 0 0 0 
0 0 0 0 0 0 0 0 0 0 0 0 0 0 0 0 0 0 
0 0 0 0 0 0 0 0 0 0 0 0 0 0 0 0 0 0 
0 0 0 0 0 0 0 0 0 0 0 0 0 0 0 0 0 0 
0 0 0 0 0 0 0 0 0 0 0 0 0 0 0 0 0 0 
0 0 0 0 0 0 0 0 0 0 0 0 0 0 0 0 0 0 
0 0 0 0 0 0 0 0 0 0 0 0 0 0 0 0 0 0 
0 0 0 0 0 0 0 0 0 0 0 0 0 0 0 0 0 0 

0 0 0 0 0 0 0 0 0 0 0 0 0 0 0 0 0 0 
0 0 0 0 0 0 0 0 0 0 0 0 0 0 0 0 0 0 
0 0 0 0 0 0 0 0 0 0 0 0 0 0 0 0 0 0 
0 0 0 0 0 0 0 0 0 0 0 0 0 0 0 0 0 0 
0 0 0 0 0 0 0 0 0 0 0 0 0 0 0 0 0 0 
0 0 0 0 0 0 0 0 0 0 0 0 0 0 0 0 0 0 
0 0 0 0 0 0 0 0 0 0 0 0 0 0 0 0 0 0 
0 0 0 0 0 0 0 0 0 0 0 0 0 0 0 0 0 0 
0 0 0 0 0 0 0 0 0 0 0 0 0 0 0 0 0 0 
0 0 0 0 0 0 0 0 0 0 0 0 0 0 0 0 0 0 
0 0 0 0 0 0 0 0 0 0 0 0 0 0 0 0 0 0 
0 0 0 0 0 0 0 0 0 0 0 0 0 0 0 0 0 0 
0 0 0 0 0 0 0 0 0 0 0 0 0 0 0 0 0 0 
0 0 0 0 0 0 0 0 0 0 0 0 0 0 0 0 0 0 
0 0 0 0 0 0 0 0 0 0 0 0 0 0 0 0 0 0 
0 0 0 0 0 0 0 0 0 0 0 0 0 0 0 0 0 0 
0 0 0 0 0 0 0 0 0 0 0 0 0 0 0 0 0 0 
0 0 0 0 0 0 0 0 0 0 0 0 0 0 0 0 0 0 

0 0 0 0 0 0 0 0 0 0 0 0 0 0 0 0 0 0 
0 0 0 0 0 0 0 0 0 0 0 0 0 0 0 0 0 0 
0 0 0 0 0 0 0 0 0 0 0 0 0 0 0 0 0 0 
0 0 0 0 0 0 0 0 0 0 0 0 0 0 0 0 0 0 
0 0 0 0 0 0 0 0 0 0 0 0 0 0 0 0 0 0 
0 0 0 0 0 0 0 0 0 0 0 0 0 0 0 0 0 0 
0 0 0 0 0 0 0 0 0 0 0 0 0 0 0 0 0 0 
0 0 0 0 0 0 0 0 0 0 0 0 0 0 0 0 0 0 
0 0 0 0 0 0 0 0 0 0 0 0 0 0 0 0 0 0 
0 0 0 0 0 0 0 0 0 0 0 0 0 0 0 0 0 0 
0 0 0 0 0 0 0 0 0 0 0 0 0 0 0 0 0 0 
0 0 0 0 0 0 0 0 0 0 0 0 0 0 0 0 0 0 
0 0 0 0 0 0 0 0 0 0 0 0 0 0 0 0 0 0 
0 0 0 0 0 0 0 0 0 0 0 0 0 0 0 0 0 0 
0 0 0 0 0 0 0 0 0 0 0 0 0 0 0 0 0 0 
0 0 0 0 0 0 0 0 0 0 0 0 0 0 0 0 0 0 
0 0 0 0 0 0 0 0 0 0 0 0 0 0 0 0 0 0 
0 0 0 0 0 0 0 0 0 0 0 0 0 0 0 0 0 0 

0 0 0 0 0 0 0 0 0 0 0 0 0 0 0 0 0 0 
0 0 0 0 0 0 0 0 0 0 0 0 0 0 0 0 0 0 
0 0 0 0 0 0 0 0 0 0 0 0 0 0 0 0 0 0 
0 0 0 0 0 0 0 0 0 0 0 0 0 0 0 0 0 0 
0 0 0 0 0 0 0 0 0 0 0 0 0 0 0 0 0 0 
0 0 0 0 0 0 0 0 0 0 0 0 0 0 0 0 0 0 
0 0 0 0 0 0 0 0 0 0 0 0 0 0 0 0 0 0 
0 0 0 0 0 0 0 0 0 0 0 0 0 0 0 0 0 0 
0 0 0 0 0 0 0 0 0 0 0 0 0 0 0 0 0 0 
0 0 0 0 0 0 0 0 0 0 0 0 0 0 0 0 0 0 
0 0 0 0 0 0 0 0 0 0 0 0 0 0 0 0 0 0 
0 0 0 0 0 0 0 0 0 0 0 0 0 0 0 0 0 0 
0 0 0 0 0 0 0 0 0 0 0 0 0 0 0 0 0 0 
0 0 0 0 0 0 0 0 0 0 0 0 0 0 0 0 0 0 
0 0 0 0 0 0 0 0 0 0 0 0 0 0 0 0 0 0 
0 0 0 0 0 0 0 0 0 0 0 0 0 0 0 0 0 0 
0 0 0 0 0 0 0 0 0 0 0 0 0 0 0 0 0 0 
0 0 0 0 0 0 0 0 0 0 0 0 0 0 0 0 0 0 

0 0 0 0 0 0 0 0 0 0 0 0 0 0 0 0 0 0 
0 0 0 0 0 0 0 0 0 0 0 0 0 0 0 0 0 0 
0 0 0 0 0 0 0 0 0 0 0 0 0 0 0 0 0 0 
0 0 0 0 0 0 0 0 0 0 0 0 0 0 0 0 0 0 
0 0 0 0 0 0 0 0 0 0 0 0 0 0 0 0 0 0 
0 0 0 0 0 0 0 0 0 0 0 0 0 0 0 0 0 0 
0 0 0 0 0 0 0 0 0 0 0 0 0 0 0 0 0 0 
0 0 0 0 0 0 0 0 0 0 0 0 0 0 0 0 0 0 
0 0 0 0 0 0 0 0 0 0 0 0 0 0 0 0 0 0 
0 0 0 0 0 0 0 0 0 0 0 0 0 0 0 0 0 0 
0 0 0 0 0 0 0 0 0 0 0 0 0 0 0 0 0 0 
0 0 0 0 0 0 0 0 0 0 0 0 0 0 0 0 0 0 
0 0 0 0 0 0 0 0 0 0 0 0 0 0 0 0 0 0 
0 0 0 0 0 0 0 0 0 0 0 0 0 0 0 0 0 0 
0 0 0 0 0 0 0 0 0 0 0 0 0 0 0 0 0 0 
0 0 0 0 0 0 0 0 0 0 0 0 0 0 0 0 0 0 
0 0 0 0 0 0 0 0 0 0 0 0 0 0 0 0 0 0 
0 0 0 0 0 0 0 0 0 0 0 0 0 0 0 0 0 0 

0 0 0 0 0 0 0 0 0 0 0 0 0 0 0 0 0 0 
0 0 0 0 0 0 0 0 0 0 0 0 0 0 0 0 0 0 
0 0 0 0 0 0 0 0 0 0 0 0 0 0 0 0 0 0 
0 0 0 0 0 0 0 0 0 0 0 0 0 0 0 0 0 0 
0 0 0 0 0 0 0 0 0 0 0 0 0 0 0 0 0 0 
0 0 0 0 0 0 0 0 0 0 0 0 0 0 0 0 0 0 
0 0 0 0 0 0 0 0 0 0 0 0 0 0 0 0 0 0 
0 0 0 0 0 0 0 0 0 0 0 0 0 0 0 0 0 0 
0 0 0 0 0 0 0 0 0 0 0 0 0 0 0 0 0 0 
0 0 0 0 0 0 0 0 0 0 0 0 0 0 0 0 0 0 
0 0 0 0 0 0 0 0 0 0 0 0 0 0 0 0 0 0 
0 0 0 0 0 0 0 0 0 0 0 0 0 0 0 0 0 0 
0 0 0 0 0 0 0 0 0 0 0 0 0 0 0 0 0 0 
0 0 0 0 0 0 0 0 0 0 0 0 0 0 0 0 0 0 
0 0 0 0 0 0 0 0 0 0 0 0 0 0 0 0 0 0 
0 0 0 0 0 0 0 0 0 0 0 0 0 0 0 0 0 0 
0 0 0 0 0 0 0 0 0 0 0 0 0 0 0 0 0 0 
0 0 0 0 0 0 0 0 0 0 0 0 0 0 0 0 0 0 

0 0 0 0 0 0 0 0 0 0 0 0 0 0 0 0 0 0 
0 0 0 0 0 0 0 0 0 0 0 0 0 0 0 0 0 0 
0 0 0 0 0 0 0 0 0 0 0 0 0 0 0 0 0 0 
0 0 0 0 0 0 0 0 0 0 0 0 0 0 0 0 0 0 
0 0 0 0 0 0 0 0 0 0 0 0 0 0 0 0 0 0 
0 0 0 0 0 0 0 0 0 0 0 0 0 0 0 0 0 0 
0 0 0 0 0 0 0 0 0 0 0 0 0 0 0 0 0 0 
0 0 0 0 0 0 0 0 0 0 0 0 0 0 0 0 0 0 
0 0 0 0 0 0 0 0 0 0 0 0 0 0 0 0 0 0 
0 0 0 0 0 0 0 0 0 0 0 0 0 0 0 0 0 0 
0 0 0 0 0 0 0 0 0 0 0 0 0 0 0 0 0 0 
0 0 0 0 0 0 0 0 0 0 0 0 0 0 0 0 0 0 
0 0 0 0 0 0 0 0 0 0 0 0 0 0 0 0 0 0 
0 0 0 0 0 0 0 0 0 0 0 0 0 0 0 0 0 0 
0 0 0 0 0 0 0 0 0 0 0 0 0 0 0 0 0 0 
0 0 0 0 0 0 0 0 0 0 0 0 0 0 0 0 0 0 
0 0 0 0 0 0 0 0 0 0 0 0 0 0 0 0 0 0 
0 0 0 0 0 0 0 0 0 0 0 0 0 0 0 0 0 0 

0 0 0 0 0 0 0 0 0 0 0 0 0 0 0 0 0 0 
0 0 0 0 0 0 0 0 0 0 0 0 0 0 0 0 0 0 
0 0 0 0 0 0 0 0 0 0 0 0 0 0 0 0 0 0 
0 0 0 0 0 0 0 0 0 0 0 0 0 0 0 0 0 0 
0 0 0 0 0 0 0 0 0 0 0 0 0 0 0 0 0 0 
0 0 0 0 0 0 0 0 0 0 0 0 0 0 0 0 0 0 
0 0 0 0 0 0 0 0 0 0 0 0 0 0 0 0 0 0 
0 0 0 0 0 0 0 0 0 0 0 0 0 0 0 0 0 0 
0 0 0 0 0 0 0 0 0 0 0 0 0 0 0 0 0 0 
0 0 0 0 0 0 0 0 0 0 0 0 0 0 0 0 0 0 
0 0 0 0 0 0 0 0 0 0 0 0 0 0 0 0 0 0 
0 0 0 0 0 0 0 0 0 0 0 0 0 0 0 0 0 0 
0 0 0 0 0 0 0 0 0 0 0 0 0 0 0 0 0 0 
0 0 0 0 0 0 0 0 0 0 0 0 0 0 0 0 0 0 
0 0 0 0 0 0 0 0 0 0 0 0 0 0 0 0 0 0 
0 0 0 0 0 0 0 0 0 0 0 0 0 0 0 0 0 0 
0 0 0 0 0 0 0 0 0 0 0 0 0 0 0 0 0 0 
0 0 0 0 0 0 0 0 0 0 0 0 0 0 0 0 0 0 

0 0 0 0 0 0 0 0 0 0 0 0 0 0 0 0 0 0 
0 0 0 0 0 0 0 0 0 0 0 0 0 0 0 0 0 0 
0 0 0 0 0 0 0 0 0 0 0 0 0 0 0 0 0 0 
0 0 0 0 0 0 0 0 0 0 0 0 0 0 0 0 0 0 
0 0 0 0 0 0 0 0 0 0 0 0 0 0 0 0 0 0 
0 0 0 0 0 0 0 0 0 0 0 0 0 0 0 0 0 0 
0 0 0 0 0 0 0 0 0 0 0 0 0 0 0 0 0 0 
0 0 0 0 0 0 0 0 0 0 0 0 0 0 0 0 0 0 
0 0 0 0 0 0 0 0 0 0 0 0 0 0 0 0 0 0 
0 0 0 0 0 0 0 0 0 0 0 0 0 0 0 0 0 0 
0 0 0 0 0 0 0 0 0 0 0 0 0 0 0 0 0 0 
0 0 0 0 0 0 0 0 0 0 0 0 0 0 0 0 0 0 
0 0 0 0 0 0 0 0 0 0 0 0 0 0 0 0 0 0 
0 0 0 0 0 0 0 0 0 0 0 0 0 0 0 0 0 0 
0 0 0 0 0 0 0 0 0 0 0 0 0 0 0 0 0 0 
0 0 0 0 0 0 0 0 0 0 0 0 0 0 0 0 0 0 
0 0 0 0 0 0 0 0 0 0 0 0 0 0 0 0 0 0 
0 0 0 0 0 0 0 0 0 0 0 0 0 0 0 0 0 0 

0 0 0 0 0 0 0 0 0 0 0 0 0 0 0 0 0 0 
0 0 0 0 0 0 0 0 0 0 0 0 0 0 0 0 0 0 
0 0 0 0 0 0 0 0 0 0 0 0 0 0 0 0 0 0 
0 0 0 0 0 0 0 0 0 0 0 0 0 0 0 0 0 0 
0 0 0 0 0 0 0 0 0 0 0 0 0 0 0 0 0 0 
0 0 0 0 0 0 0 0 0 0 0 0 0 0 0 0 0 0 
0 0 0 0 0 0 0 0 0 0 0 0 0 0 0 0 0 0 
0 0 0 0 0 0 0 0 0 0 0 0 0 0 0 0 0 0 
0 0 0 0 0 0 0 0 0 0 0 0 0 0 0 0 0 0 
0 0 0 0 0 0 0 0 0 0 0 0 0 0 0 0 0 0 
0 0 0 0 0 0 0 0 0 0 0 0 0 0 0 0 0 0 
0 0 0 0 0 0 0 0 0 0 0 0 0 0 0 0 0 0 
0 0 0 0 0 0 0 0 0 0 0 0 0 0 0 0 0 0 
0 0 0 0 0 0 0 0 0 0 0 0 0 0 0 0 0 0 
0 0 0 0 0 0 0 0 0 0 0 0 0 0 0 0 0 0 
0 0 0 0 0 0 0 0 0 0 0 0 0 0 0 0 0 0 
0 0 0 0 0 0 0 0 0 0 0 0 0 0 0 0 0 0 
0 0 0 0 0 0 0 0 0 0 0 0 0 0 0 0 0 0 

0 0 0 0 0 0 0 0 0 0 0 0 0 0 0 0 0 0 
0 0 0 0 0 0 0 0 0 0 0 0 0 0 0 0 0 0 
0 0 0 0 0 0 0 0 0 0 0 0 0 0 0 0 0 0 
0 0 0 0 0 0 0 0 0 0 0 0 0 0 0 0 0 0 
0 0 0 0 0 0 0 0 0 0 0 0 0 0 0 0 0 0 
0 0 0 0 0 0 0 0 0 0 0 0 0 0 0 0 0 0 
0 0 0 0 0 0 0 0 0 0 0 0 0 0 0 0 0 0 
0 0 0 0 0 0 0 0 0 0 0 0 0 0 0 0 0 0 
0 0 0 0 0 0 0 0 0 0 0 0 0 0 0 0 0 0 
0 0 0 0 0 0 0 0 0 0 0 0 0 0 0 0 0 0 
0 0 0 0 0 0 0 0 0 0 0 0 0 0 0 0 0 0 
0 0 0 0 0 0 0 0 0 0 0 0 0 0 0 0 0 0 
0 0 0 0 0 0 0 0 0 0 0 0 0 0 0 0 0 0 
0 0 0 0 0 0 0 0 0 0 0 0 0 0 0 0 0 0 
0 0 0 0 0 0 0 0 0 0 0 0 0 0 0 0 0 0 
0 0 0 0 0 0 0 0 0 0 0 0 0 0 0 0 0 0 
0 0 0 0 0 0 0 0 0 0 0 0 0 0 0 0 0 0 
0 0 0 0 0 0 0 0 0 0 0 0 0 0 0 0 0 0 

0 0 0 0 0 0 0 0 0 0 0 0 0 0 0 0 0 0 
0 0 0 0 0 0 0 0 0 0 0 0 0 0 0 0 0 0 
0 0 0 0 0 0 0 0 0 0 0 0 0 0 0 0 0 0 
0 0 0 0 0 0 0 0 0 0 0 0 0 0 0 0 0 0 
0 0 0 0 0 0 0 0 0 0 0 0 0 0 0 0 0 0 
0 0 0 0 0 0 0 0 0 0 0 0 0 0 0 0 0 0 
0 0 0 0 0 0 0 0 0 0 0 0 0 0 0 0 0 0 
0 0 0 0 0 0 0 0 0 0 0 0 0 0 0 0 0 0 
0 0 0 0 0 0 0 0 0 0 0 0 0 0 0 0 0 0 
0 0 0 0 0 0 0 0 0 0 0 0 0 0 0 0 0 0 
0 0 0 0 0 0 0 0 0 0 0 0 0 0 0 0 0 0 
0 0 0 0 0 0 0 0 0 0 0 0 0 0 0 0 0 0 
0 0 0 0 0 0 0 0 0 0 0 0 0 0 0 0 0 0 
0 0 0 0 0 0 0 0 0 0 0 0 0 0 0 0 0 0 
0 0 0 0 0 0 0 0 0 0 0 0 0 0 0 0 0 0 
0 0 0 0 0 0 0 0 0 0 0 0 0 0 0 0 0 0 
0 0 0 0 0 0 0 0 0 0 0 0 0 0 0 0 0 0 
0 0 0 0 0 0 0 0 0 0 0 0 0 0 0 0 0 0 

0 0 0 0 0 0 0 0 0 0 0 0 0 0 0 0 0 0 
0 0 0 0 0 0 0 0 0 0 0 0 0 0 0 0 0 0 
0 0 0 0 0 0 0 0 0 0 0 0 0 0 0 0 0 0 
0 0 0 0 0 0 0 0 0 0 0 0 0 0 0 0 0 0 
0 0 0 0 0 0 0 0 0 0 0 0 0 0 0 0 0 0 
0 0 0 0 0 0 0 0 0 0 0 0 0 0 0 0 0 0 
0 0 0 0 0 0 0 0 0 0 0 0 0 0 0 0 0 0 
0 0 0 0 0 0 0 0 0 0 0 0 0 0 0 0 0 0 
0 0 0 0 0 0 0 0 0 0 0 0 0 0 0 0 0 0 
0 0 0 0 0 0 0 0 0 0 0 0 0 0 0 0 0 0 
0 0 0 0 0 0 0 0 0 0 0 0 0 0 0 0 0 0 
0 0 0 0 0 0 0 0 0 0 0 0 0 0 0 0 0 0 
0 0 0 0 0 0 0 0 0 0 0 0 0 0 0 0 0 0 
0 0 0 0 0 0 0 0 0 0 0 0 0 0 0 0 0 0 
0 0 0 0 0 0 0 0 0 0 0 0 0 0 0 0 0 0 
0 0 0 0 0 0 0 0 0 0 0 0 0 0 0 0 0 0 
0 0 0 0 0 0 0 0 0 0 0 0 0 0 0 0 0 0 
0 0 0 0 0 0 0 0 0 0 0 0 0 0 0 0 0 0 

0 0 0 0 0 0 0 0 0 0 0 0 0 0 0 0 0 0 
0 0 0 0 0 0 0 0 0 0 0 0 0 0 0 0 0 0 
0 0 0 0 0 0 0 0 0 0 0 0 0 0 0 0 0 0 
0 0 0 0 0 0 0 0 0 0 0 0 0 0 0 0 0 0 
0 0 0 0 0 0 0 0 0 0 0 0 0 0 0 0 0 0 
0 0 0 0 0 0 0 0 0 0 0 0 0 0 0 0 0 0 
0 0 0 0 0 0 0 0 0 0 0 0 0 0 0 0 0 0 
0 0 0 0 0 0 0 0 0 0 0 0 0 0 0 0 0 0 
0 0 0 0 0 0 0 0 0 0 0 0 0 0 0 0 0 0 
0 0 0 0 0 0 0 0 0 0 0 0 0 0 0 0 0 0 
0 0 0 0 0 0 0 0 0 0 0 0 0 0 0 0 0 0 
0 0 0 0 0 0 0 0 0 0 0 0 0 0 0 0 0 0 
0 0 0 0 0 0 0 0 0 0 0 0 0 0 0 0 0 0 
0 0 0 0 0 0 0 0 0 0 0 0 0 0 0 0 0 0 
0 0 0 0 0 0 0 0 0 0 0 0 0 0 0 0 0 0 
0 0 0 0 0 0 0 0 0 0 0 0 0 0 0 0 0 0 
0 0 0 0 0 0 0 0 0 0 0 0 0 0 0 0 0 0 
0 0 0 0 0 0 0 0 0 0 0 0 0 0 0 0 0 0 

0 0 0 0 0 0 0 0 0 0 0 0 0 0 0 0 0 0 
0 0 0 0 0 0 0 0 0 0 0 0 0 0 0 0 0 0 
0 0 0 0 0 0 0 0 0 0 0 0 0 0 0 0 0 0 
0 0 0 0 0 0 0 0 0 0 0 0 0 0 0 0 0 0 
0 0 0 0 0 0 0 0 0 0 0 0 0 0 0 0 0 0 
0 0 0 0 0 0 0 0 0 0 0 0 0 0 0 0 0 0 
0 0 0 0 0 0 0 0 0 0 0 0 0 0 0 0 0 0 
0 0 0 0 0 0 0 0 0 0 0 0 0 0 0 0 0 0 
0 0 0 0 0 0 0 0 0 0 0 0 0 0 0 0 0 0 
0 0 0 0 0 0 0 0 0 0 0 0 0 0 0 0 0 0 
0 0 0 0 0 0 0 0 0 0 0 0 0 0 0 0 0 0 
0 0 0 0 0 0 0 0 0 0 0 0 0 0 0 0 0 0 
0 0 0 0 0 0 0 0 0 0 0 0 0 0 0 0 0 0 
0 0 0 0 0 0 0 0 0 0 0 0 0 0 0 0 0 0 
0 0 0 0 0 0 0 0 0 0 0 0 0 0 0 0 0 0 
0 0 0 0 0 0 0 0 0 0 0 0 0 0 0 0 0 0 
0 0 0 0 0 0 0 0 0 0 0 0 0 0 0 0 0 0 
0 0 0 0 0 0 0 0 0 0 0 0 0 0 0 0 0 0 

0 0 0 0 0 0 0 0 0 0 0 0 0 0 0 0 0 0 
0 0 0 0 0 0 0 0 0 0 0 0 0 0 0 0 0 0 
0 0 0 0 0 0 0 0 0 0 0 0 0 0 0 0 0 0 
0 0 0 0 0 0 0 0 0 0 0 0 0 0 0 0 0 0 
0 0 0 0 0 0 0 0 0 0 0 0 0 0 0 0 0 0 
0 0 0 0 0 0 0 0 0 0 0 0 0 0 0 0 0 0 
0 0 0 0 0 0 0 0 0 0 0 0 0 0 0 0 0 0 
0 0 0 0 0 0 0 0 0 0 0 0 0 0 0 0 0 0 
0 0 0 0 0 0 0 0 0 0 0 0 0 0 0 0 0 0 
0 0 0 0 0 0 0 0 0 0 0 0 0 0 0 0 0 0 
0 0 0 0 0 0 0 0 0 0 0 0 0 0 0 0 0 0 
0 0 0 0 0 0 0 0 0 0 0 0 0 0 0 0 0 0 
0 0 0 0 0 0 0 0 0 0 0 0 0 0 0 0 0 0 
0 0 0 0 0 0 0 0 0 0 0 0 0 0 0 0 0 0 
0 0 0 0 0 0 0 0 0 0 0 0 0 0 0 0 0 0 
0 0 0 0 0 0 0 0 0 0 0 0 0 0 0 0 0 0 
0 0 0 0 0 0 0 0 0 0 0 0 0 0 0 0 0 0 
0 0 0 0 0 0 0 0 0 0 0 0 0 0 0 0 0 0 

0 0 0 0 0 0 0 0 0 0 0 0 0 0 0 0 0 0 
0 0 0 0 0 0 0 0 0 0 0 0 0 0 0 0 0 0 
0 0 0 0 0 0 0 0 0 0 0 0 0 0 0 0 0 0 
0 0 0 0 0 0 0 0 0 0 0 0 0 0 0 0 0 0 
0 0 0 0 0 0 0 0 0 0 0 0 0 0 0 0 0 0 
0 0 0 0 0 0 0 0 0 0 0 0 0 0 0 0 0 0 
0 0 0 0 0 0 0 0 0 0 0 0 0 0 0 0 0 0 
0 0 0 0 0 0 0 0 0 0 0 0 0 0 0 0 0 0 
0 0 0 0 0 0 0 0 0 0 0 0 0 0 0 0 0 0 
0 0 0 0 0 0 0 0 0 0 0 0 0 0 0 0 0 0 
0 0 0 0 0 0 0 0 0 0 0 0 0 0 0 0 0 0 
0 0 0 0 0 0 0 0 0 0 0 0 0 0 0 0 0 0 
0 0 0 0 0 0 0 0 0 0 0 0 0 0 0 0 0 0 
0 0 0 0 0 0 0 0 0 0 0 0 0 0 0 0 0 0 
0 0 0 0 0 0 0 0 0 0 0 0 0 0 0 0 0 0 
0 0 0 0 0 0 0 0 0 0 0 0 0 0 0 0 0 0 
0 0 0 0 0 0 0 0 0 0 0 0 0 0 0 0 0 0 
0 0 0 0 0 0 0 0 0 0 0 0 0 0 0 0 0 0 

0 0 0 0 0 0 0 0 0 0 0 0 0 0 0 0 0 0 
0 0 0 0 0 0 0 0 0 0 0 0 0 0 0 0 0 0 
0 0 0 0 0 0 0 0 0 0 0 0 0 0 0 0 0 0 
0 0 0 0 0 0 0 0 0 0 0 0 0 0 0 0 0 0 
0 0 0 0 0 0 0 0 0 0 0 0 0 0 0 0 0 0 
0 0 0 0 0 0 0 0 0 0 0 0 0 0 0 0 0 0 
0 0 0 0 0 0 0 0 0 0 0 0 0 0 0 0 0 0 
0 0 0 0 0 0 0 0 0 0 0 0 0 0 0 0 0 0 
0 0 0 0 0 0 0 0 0 0 0 0 0 0 0 0 0 0 
0 0 0 0 0 0 0 0 0 0 0 0 0 0 0 0 0 0 
0 0 0 0 0 0 0 0 0 0 0 0 0 0 0 0 0 0 
0 0 0 0 0 0 0 0 0 0 0 0 0 0 0 0 0 0 
0 0 0 0 0 0 0 0 0 0 0 0 0 0 0 0 0 0 
0 0 0 0 0 0 0 0 0 0 0 0 0 0 0 0 0 0 
0 0 0 0 0 0 0 0 0 0 0 0 0 0 0 0 0 0 
0 0 0 0 0 0 0 0 0 0 0 0 0 0 0 0 0 0 
0 0 0 0 0 0 0 0 0 0 0 0 0 0 0 0 0 0 
0 0 0 0 0 0 0 0 0 0 0 0 0 0 0 0 0 0 

0 0 0 0 0 0 0 0 0 0 0 0 0 0 0 0 0 0 
0 0 0 0 0 0 0 0 0 0 0 0 0 0 0 0 0 0 
0 0 0 0 0 0 0 0 0 0 0 0 0 0 0 0 0 0 
0 0 0 0 0 0 0 0 0 0 0 0 0 0 0 0 0 0 
0 0 0 0 0 0 0 0 0 0 0 0 0 0 0 0 0 0 
0 0 0 0 0 0 0 0 0 0 0 0 0 0 0 0 0 0 
0 0 0 0 0 0 0 0 0 0 0 0 0 0 0 0 0 0 
0 0 0 0 0 0 0 0 0 0 0 0 0 0 0 0 0 0 
0 0 0 0 0 0 0 0 0 0 0 0 0 0 0 0 0 0 
0 0 0 0 0 0 0 0 0 0 0 0 0 0 0 0 0 0 
0 0 0 0 0 0 0 0 0 0 0 0 0 0 0 0 0 0 
0 0 0 0 0 0 0 0 0 0 0 0 0 0 0 0 0 0 
0 0 0 0 0 0 0 0 0 0 0 0 0 0 0 0 0 0 
0 0 0 0 0 0 0 0 0 0 0 0 0 0 0 0 0 0 
0 0 0 0 0 0 0 0 0 0 0 0 0 0 0 0 0 0 
0 0 0 0 0 0 0 0 0 0 0 0 0 0 0 0 0 0 
0 0 0 0 0 0 0 0 0 0 0 0 0 0 0 0 0 0 
0 0 0 0 0 0 0 0 0 0 0 0 0 0 0 0 0 0 

0 0 0 0 0 0 0 0 0 0 0 0 0 0 0 0 0 0 
0 0 0 0 0 0 0 0 0 0 0 0 0 0 0 0 0 0 
0 0 0 0 0 0 0 0 0 0 0 0 0 0 0 0 0 0 
0 0 0 0 0 0 0 0 0 0 0 0 0 0 0 0 0 0 
0 0 0 0 0 0 0 0 0 0 0 0 0 0 0 0 0 0 
0 0 0 0 0 0 0 0 0 0 0 0 0 0 0 0 0 0 
0 0 0 0 0 0 0 0 0 0 0 0 0 0 0 0 0 0 
0 0 0 0 0 0 0 0 0 0 0 0 0 0 0 0 0 0 
0 0 0 0 0 0 0 0 0 0 0 0 0 0 0 0 0 0 
0 0 0 0 0 0 0 0 0 0 0 0 0 0 0 0 0 0 
0 0 0 0 0 0 0 0 0 0 0 0 0 0 0 0 0 0 
0 0 0 0 0 0 0 0 0 0 0 0 0 0 0 0 0 0 
0 0 0 0 0 0 0 0 0 0 0 0 0 0 0 0 0 0 
0 0 0 0 0 0 0 0 0 0 0 0 0 0 0 0 0 0 
0 0 0 0 0 0 0 0 0 0 0 0 0 0 0 0 0 0 
0 0 0 0 0 0 0 0 0 0 0 0 0 0 0 0 0 0 
0 0 0 0 0 0 0 0 0 0 0 0 0 0 0 0 0 0 
0 0 0 0 0 0 0 0 0 0 0 0 0 0 0 0 0 0 

0 0 0 0 0 0 0 0 0 0 0 0 0 0 0 0 0 0 
0 0 0 0 0 0 0 0 0 0 0 0 0 0 0 0 0 0 
0 0 0 0 0 0 0 0 0 0 0 0 0 0 0 0 0 0 
0 0 0 0 0 0 0 0 0 0 0 0 0 0 0 0 0 0 
0 0 0 0 0 0 0 0 0 0 0 0 0 0 0 0 0 0 
0 0 0 0 0 0 0 0 0 0 0 0 0 0 0 0 0 0 
0 0 0 0 0 0 0 0 0 0 0 0 0 0 0 0 0 0 
0 0 0 0 0 0 0 0 0 0 0 0 0 0 0 0 0 0 
0 0 0 0 0 0 0 0 0 0 0 0 0 0 0 0 0 0 
0 0 0 0 0 0 0 0 0 0 0 0 0 0 0 0 0 0 
0 0 0 0 0 0 0 0 0 0 0 0 0 0 0 0 0 0 
0 0 0 0 0 0 0 0 0 0 0 0 0 0 0 0 0 0 
0 0 0 0 0 0 0 0 0 0 0 0 0 0 0 0 0 0 
0 0 0 0 0 0 0 0 0 0 0 0 0 0 0 0 0 0 
0 0 0 0 0 0 0 0 0 0 0 0 0 0 0 0 0 0 
0 0 0 0 0 0 0 0 0 0 0 0 0 0 0 0 0 0 
0 0 0 0 0 0 0 0 0 0 0 0 0 0 0 0 0 0 
0 0 0 0 0 0 0 0 0 0 0 0 0 0 0 0 0 0 

0 0 0 0 0 0 0 0 0 0 0 0 0 0 0 0 0 0 
0 0 0 0 0 0 0 0 0 0 0 0 0 0 0 0 0 0 
0 0 0 0 0 0 0 0 0 0 0 0 0 0 0 0 0 0 
0 0 0 0 0 0 0 0 0 0 0 0 0 0 0 0 0 0 
0 0 0 0 0 0 0 0 0 0 0 0 0 0 0 0 0 0 
0 0 0 0 0 0 0 0 0 0 0 0 0 0 0 0 0 0 
0 0 0 0 0 0 0 0 0 0 0 0 0 0 0 0 0 0 
0 0 0 0 0 0 0 0 0 0 0 0 0 0 0 0 0 0 
0 0 0 0 0 0 0 0 0 0 0 0 0 0 0 0 0 0 
0 0 0 0 0 0 0 0 0 0 0 0 0 0 0 0 0 0 
0 0 0 0 0 0 0 0 0 0 0 0 0 0 0 0 0 0 
0 0 0 0 0 0 0 0 0 0 0 0 0 0 0 0 0 0 
0 0 0 0 0 0 0 0 0 0 0 0 0 0 0 0 0 0 
0 0 0 0 0 0 0 0 0 0 0 0 0 0 0 0 0 0 
0 0 0 0 0 0 0 0 0 0 0 0 0 0 0 0 0 0 
0 0 0 0 0 0 0 0 0 0 0 0 0 0 0 0 0 0 
0 0 0 0 0 0 0 0 0 0 0 0 0 0 0 0 0 0 
0 0 0 0 0 0 0 0 0 0 0 0 0 0 0 0 0 0 

0 0 0 0 0 0 0 0 0 0 0 0 0 0 0 0 0 0 
0 0 0 0 0 0 0 0 0 0 0 0 0 0 0 0 0 0 
0 0 0 0 0 0 0 0 0 0 0 0 0 0 0 0 0 0 
0 0 0 0 0 0 0 0 0 0 0 0 0 0 0 0 0 0 
0 0 0 0 0 0 0 0 0 0 0 0 0 0 0 0 0 0 
0 0 0 0 0 0 0 0 0 0 0 0 0 0 0 0 0 0 
0 0 0 0 0 0 0 0 0 0 0 0 0 0 0 0 0 0 
0 0 0 0 0 0 0 0 0 0 0 0 0 0 0 0 0 0 
0 0 0 0 0 0 0 0 0 0 0 0 0 0 0 0 0 0 
0 0 0 0 0 0 0 0 0 0 0 0 0 0 0 0 0 0 
0 0 0 0 0 0 0 0 0 0 0 0 0 0 0 0 0 0 
0 0 0 0 0 0 0 0 0 0 0 0 0 0 0 0 0 0 
0 0 0 0 0 0 0 0 0 0 0 0 0 0 0 0 0 0 
0 0 0 0 0 0 0 0 0 0 0 0 0 0 0 0 0 0 
0 0 0 0 0 0 0 0 0 0 0 0 0 0 0 0 0 0 
0 0 0 0 0 0 0 0 0 0 0 0 0 0 0 0 0 0 
0 0 0 0 0 0 0 0 0 0 0 0 0 0 0 0 0 0 
0 0 0 0 0 0 0 0 0 0 0 0 0 0 0 0 0 0 

0 0 0 0 0 0 0 0 0 0 0 0 0 0 0 0 0 0 
0 0 0 0 0 0 0 0 0 0 0 0 0 0 0 0 0 0 
0 0 0 0 0 0 0 0 0 0 0 0 0 0 0 0 0 0 
0 0 0 0 0 0 0 0 0 0 0 0 0 0 0 0 0 0 
0 0 0 0 0 0 0 0 0 0 0 0 0 0 0 0 0 0 
0 0 0 0 0 0 0 0 0 0 0 0 0 0 0 0 0 0 
0 0 0 0 0 0 0 0 0 0 0 0 0 0 0 0 0 0 
0 0 0 0 0 0 0 0 0 0 0 0 0 0 0 0 0 0 
0 0 0 0 0 0 0 0 0 0 0 0 0 0 0 0 0 0 
0 0 0 0 0 0 0 0 0 0 0 0 0 0 0 0 0 0 
0 0 0 0 0 0 0 0 0 0 0 0 0 0 0 0 0 0 
0 0 0 0 0 0 0 0 0 0 0 0 0 0 0 0 0 0 
0 0 0 0 0 0 0 0 0 0 0 0 0 0 0 0 0 0 
0 0 0 0 0 0 0 0 0 0 0 0 0 0 0 0 0 0 
0 0 0 0 0 0 0 0 0 0 0 0 0 0 0 0 0 0 
0 0 0 0 0 0 0 0 0 0 0 0 0 0 0 0 0 0 
0 0 0 0 0 0 0 0 0 0 0 0 0 0 0 0 0 0 
0 0 0 0 0 0 0 0 0 0 0 0 0 0 0 0 0 0 

0 0 0 0 0 0 0 0 0 0 0 0 0 0 0 0 0 0 
0 0 0 0 0 0 0 0 0 0 0 0 0 0 0 0 0 0 
0 0 0 0 0 0 0 0 0 0 0 0 0 0 0 0 0 0 
0 0 0 0 0 0 0 0 0 0 0 0 0 0 0 0 0 0 
0 0 0 0 0 0 0 0 0 0 0 0 0 0 0 0 0 0 
0 0 0 0 0 0 0 0 0 0 0 0 0 0 0 0 0 0 
0 0 0 0 0 0 0 0 0 0 0 0 0 0 0 0 0 0 
0 0 0 0 0 0 0 0 0 0 0 0 0 0 0 0 0 0 
0 0 0 0 0 0 0 0 0 0 0 0 0 0 0 0 0 0 
0 0 0 0 0 0 0 0 0 0 0 0 0 0 0 0 0 0 
0 0 0 0 0 0 0 0 0 0 0 0 0 0 0 0 0 0 
0 0 0 0 0 0 0 0 0 0 0 0 0 0 0 0 0 0 
0 0 0 0 0 0 0 0 0 0 0 0 0 0 0 0 0 0 
0 0 0 0 0 0 0 0 0 0 0 0 0 0 0 0 0 0 
0 0 0 0 0 0 0 0 0 0 0 0 0 0 0 0 0 0 
0 0 0 0 0 0 0 0 0 0 0 0 0 0 0 0 0 0 
0 0 0 0 0 0 0 0 0 0 0 0 0 0 0 0 0 0 
0 0 0 0 0 0 0 0 0 0 0 0 0 0 0 0 0 0 

0 0 0 0 0 0 0 0 0 0 0 0 0 0 0 0 0 0 
0 0 0 0 0 0 0 0 0 0 0 0 0 0 0 0 0 0 
0 0 0 0 0 0 0 0 0 0 0 0 0 0 0 0 0 0 
0 0 0 0 0 0 0 0 0 0 0 0 0 0 0 0 0 0 
0 0 0 0 0 0 0 0 0 0 0 0 0 0 0 0 0 0 
0 0 0 0 0 0 0 0 0 0 0 0 0 0 0 0 0 0 
0 0 0 0 0 0 0 0 0 0 0 0 0 0 0 0 0 0 
0 0 0 0 0 0 0 0 0 0 0 0 0 0 0 0 0 0 
0 0 0 0 0 0 0 0 0 0 0 0 0 0 0 0 0 0 
0 0 0 0 0 0 0 0 0 0 0 0 0 0 0 0 0 0 
0 0 0 0 0 0 0 0 0 0 0 0 0 0 0 0 0 0 
0 0 0 0 0 0 0 0 0 0 0 0 0 0 0 0 0 0 
0 0 0 0 0 0 0 0 0 0 0 0 0 0 0 0 0 0 
0 0 0 0 0 0 0 0 0 0 0 0 0 0 0 0 0 0 
0 0 0 0 0 0 0 0 0 0 0 0 0 0 0 0 0 0 
0 0 0 0 0 0 0 0 0 0 0 0 0 0 0 0 0 0 
0 0 0 0 0 0 0 0 0 0 0 0 0 0 0 0 0 0 
0 0 0 0 0 0 0 0 0 0 0 0 0 0 0 0 0 0 

0 0 0 0 0 0 0 0 0 0 0 0 0 0 0 0 0 0 
0 0 0 0 0 0 0 0 0 0 0 0 0 0 0 0 0 0 
0 0 0 0 0 0 0 0 0 0 0 0 0 0 0 0 0 0 
0 0 0 0 0 0 0 0 0 0 0 0 0 0 0 0 0 0 
0 0 0 0 0 0 0 0 0 0 0 0 0 0 0 0 0 0 
0 0 0 0 0 0 0 0 0 0 0 0 0 0 0 0 0 0 
0 0 0 0 0 0 0 0 0 0 0 0 0 0 0 0 0 0 
0 0 0 0 0 0 0 0 0 0 0 0 0 0 0 0 0 0 
0 0 0 0 0 0 0 0 0 0 0 0 0 0 0 0 0 0 
0 0 0 0 0 0 0 0 0 0 0 0 0 0 0 0 0 0 
0 0 0 0 0 0 0 0 0 0 0 0 0 0 0 0 0 0 
0 0 0 0 0 0 0 0 0 0 0 0 0 0 0 0 0 0 
0 0 0 0 0 0 0 0 0 0 0 0 0 0 0 0 0 0 
0 0 0 0 0 0 0 0 0 0 0 0 0 0 0 0 0 0 
0 0 0 0 0 0 0 0 0 0 0 0 0 0 0 0 0 0 
0 0 0 0 0 0 0 0 0 0 0 0 0 0 0 0 0 0 
0 0 0 0 0 0 0 0 0 0 0 0 0 0 0 0 0 0 
0 0 0 0 0 0 0 0 0 0 0 0 0 0 0 0 0 0 

0 0 0 0 0 0 0 0 0 0 0 0 0 0 0 0 0 0 
0 0 0 0 0 0 0 0 0 0 0 0 0 0 0 0 0 0 
0 0 0 0 0 0 0 0 0 0 0 0 0 0 0 0 0 0 
0 0 0 0 0 0 0 0 0 0 0 0 0 0 0 0 0 0 
0 0 0 0 0 0 0 0 0 0 0 0 0 0 0 0 0 0 
0 0 0 0 0 0 0 0 0 0 0 0 0 0 0 0 0 0 
0 0 0 0 0 0 0 0 0 0 0 0 0 0 0 0 0 0 
0 0 0 0 0 0 0 0 0 0 0 0 0 0 0 0 0 0 
0 0 0 0 0 0 0 0 0 0 0 0 0 0 0 0 0 0 
0 0 0 0 0 0 0 0 0 0 0 0 0 0 0 0 0 0 
0 0 0 0 0 0 0 0 0 0 0 0 0 0 0 0 0 0 
0 0 0 0 0 0 0 0 0 0 0 0 0 0 0 0 0 0 
0 0 0 0 0 0 0 0 0 0 0 0 0 0 0 0 0 0 
0 0 0 0 0 0 0 0 0 0 0 0 0 0 0 0 0 0 
0 0 0 0 0 0 0 0 0 0 0 0 0 0 0 0 0 0 
0 0 0 0 0 0 0 0 0 0 0 0 0 0 0 0 0 0 
0 0 0 0 0 0 0 0 0 0 0 0 0 0 0 0 0 0 
0 0 0 0 0 0 0 0 0 0 0 0 0 0 0 0 0 0 

0 0 0 0 0 0 0 0 0 0 0 0 0 0 0 0 0 0 
0 0 0 0 0 0 0 0 0 0 0 0 0 0 0 0 0 0 
0 0 0 0 0 0 0 0 0 0 0 0 0 0 0 0 0 0 
0 0 0 0 0 0 0 0 0 0 0 0 0 0 0 0 0 0 
0 0 0 0 0 0 0 0 0 0 0 0 0 0 0 0 0 0 
0 0 0 0 0 0 0 0 0 0 0 0 0 0 0 0 0 0 
0 0 0 0 0 0 0 0 0 0 0 0 0 0 0 0 0 0 
0 0 0 0 0 0 0 0 0 0 0 0 0 0 0 0 0 0 
0 0 0 0 0 0 0 0 0 0 0 0 0 0 0 0 0 0 
0 0 0 0 0 0 0 0 0 0 0 0 0 0 0 0 0 0 
0 0 0 0 0 0 0 0 0 0 0 0 0 0 0 0 0 0 
0 0 0 0 0 0 0 0 0 0 0 0 0 0 0 0 0 0 
0 0 0 0 0 0 0 0 0 0 0 0 0 0 0 0 0 0 
0 0 0 0 0 0 0 0 0 0 0 0 0 0 0 0 0 0 
0 0 0 0 0 0 0 0 0 0 0 0 0 0 0 0 0 0 
0 0 0 0 0 0 0 0 0 0 0 0 0 0 0 0 0 0 
0 0 0 0 0 0 0 0 0 0 0 0 0 0 0 0 0 0 
0 0 0 0 0 0 0 0 0 0 0 0 0 0 0 0 0 0 

0 0 0 0 0 0 0 0 0 0 0 0 0 0 0 0 0 0 
0 0 0 0 0 0 0 0 0 0 0 0 0 0 0 0 0 0 
0 0 0 0 0 0 0 0 0 0 0 0 0 0 0 0 0 0 
0 0 0 0 0 0 0 0 0 0 0 0 0 0 0 0 0 0 
0 0 0 0 0 0 0 0 0 0 0 0 0 0 0 0 0 0 
0 0 0 0 0 0 0 0 0 0 0 0 0 0 0 0 0 0 
0 0 0 0 0 0 0 0 0 0 0 0 0 0 0 0 0 0 
0 0 0 0 0 0 0 0 0 0 0 0 0 0 0 0 0 0 
0 0 0 0 0 0 0 0 0 0 0 0 0 0 0 0 0 0 
0 0 0 0 0 0 0 0 0 0 0 0 0 0 0 0 0 0 
0 0 0 0 0 0 0 0 0 0 0 0 0 0 0 0 0 0 
0 0 0 0 0 0 0 0 0 0 0 0 0 0 0 0 0 0 
0 0 0 0 0 0 0 0 0 0 0 0 0 0 0 0 0 0 
0 0 0 0 0 0 0 0 0 0 0 0 0 0 0 0 0 0 
0 0 0 0 0 0 0 0 0 0 0 0 0 0 0 0 0 0 
0 0 0 0 0 0 0 0 0 0 0 0 0 0 0 0 0 0 
0 0 0 0 0 0 0 0 0 0 0 0 0 0 0 0 0 0 
0 0 0 0 0 0 0 0 0 0 0 0 0 0 0 0 0 0 

0 0 0 0 0 0 0 0 0 0 0 0 0 0 0 0 0 0 
0 0 0 0 0 0 0 0 0 0 0 0 0 0 0 0 0 0 
0 0 0 0 0 0 0 0 0 0 0 0 0 0 0 0 0 0 
0 0 0 0 0 0 0 0 0 0 0 0 0 0 0 0 0 0 
0 0 0 0 0 0 0 0 0 0 0 0 0 0 0 0 0 0 
0 0 0 0 0 0 0 0 0 0 0 0 0 0 0 0 0 0 
0 0 0 0 0 0 0 0 0 0 0 0 0 0 0 0 0 0 
0 0 0 0 0 0 0 0 0 0 0 0 0 0 0 0 0 0 
0 0 0 0 0 0 0 0 0 0 0 0 0 0 0 0 0 0 
0 0 0 0 0 0 0 0 0 0 0 0 0 0 0 0 0 0 
0 0 0 0 0 0 0 0 0 0 0 0 0 0 0 0 0 0 
0 0 0 0 0 0 0 0 0 0 0 0 0 0 0 0 0 0 
0 0 0 0 0 0 0 0 0 0 0 0 0 0 0 0 0 0 
0 0 0 0 0 0 0 0 0 0 0 0 0 0 0 0 0 0 
0 0 0 0 0 0 0 0 0 0 0 0 0 0 0 0 0 0 
0 0 0 0 0 0 0 0 0 0 0 0 0 0 0 0 0 0 
0 0 0 0 0 0 0 0 0 0 0 0 0 0 0 0 0 0 
0 0 0 0 0 0 0 0 0 0 0 0 0 0 0 0 0 0 
