1 0.998112 0.995834 0.985312 0.971419 0.951612 0.926641 0.893684 0.853981 0.804987 0.749631 0.690237 0.625056 0.555591 0.481847 0.401328 0.313544 0.215022 
0.748394 0.381247 0.236144 0.138294 0.0805031 0.0450031 0.0236625 0.0104063 0.0033875 0.000828125 0.00015625 1.875e-05 3.125e-06 0 0 0 0 0 
0.603475 0.181531 0.0658625 0.0164781 0.003075 0.000409375 1.5625e-05 0 0 0 0 0 0 0 0 0 0 0 
0.487387 0.0926469 0.0196156 0.00179375 6.875e-05 0 0 0 0 0 0 0 0 0 0 0 0 0 
0.387553 0.0430281 0.004625 7.5e-05 3.125e-06 0 0 0 0 0 0 0 0 0 0 0 0 0 
0.299663 0.01725 0.000678125 3.125e-06 0 0 0 0 0 0 0 0 0 0 0 0 0 0 
0.225509 0.00552812 3.4375e-05 0 0 0 0 0 0 0 0 0 0 0 0 0 0 0 
0.164441 0.00132188 3.125e-06 0 0 0 0 0 0 0 0 0 0 0 0 0 0 0 
0.114844 0.00025 0 0 0 0 0 0 0 0 0 0 0 0 0 0 0 0 
0.0769719 2.5e-05 0 0 0 0 0 0 0 0 0 0 0 0 0 0 0 0 
0.0486812 0 0 0 0 0 0 0 0 0 0 0 0 0 0 0 0 0 
0.0287437 0 0 0 0 0 0 0 0 0 0 0 0 0 0 0 0 0 
0.0152094 0 0 0 0 0 0 0 0 0 0 0 0 0 0 0 0 0 
0.00748438 0 0 0 0 0 0 0 0 0 0 0 0 0 0 0 0 0 
0.0028625 0 0 0 0 0 0 0 0 0 0 0 0 0 0 0 0 0 
0.0008125 0 0 0 0 0 0 0 0 0 0 0 0 0 0 0 0 0 
0.000140625 0 0 0 0 0 0 0 0 0 0 0 0 0 0 0 0 0 
1.25e-05 0 0 0 0 0 0 0 0 0 0 0 0 0 0 0 0 0 

----------------------------------------------------------------------------------------------------------------------------------------------------------------------------------------------------------------------------------------------------------------------------------------------------------------------------------------------------------------------------------------------------------------

1 0.997619 0.994662 0.977319 0.955 0.924338 0.882156 0.833325 0.773675 0.707319 0.635925 0.564094 0.492362 0.420531 0.348987 0.279119 0.207287 0.139594 
0.823194 0.588669 0.417169 0.268137 0.1622 0.0936812 0.049425 0.0225562 0.00758125 0.001925 0.00055 8.75e-05 2.5e-05 6.25e-06 0 0 0 0 
0.670875 0.319175 0.136325 0.0381688 0.0070125 0.0011125 8.125e-05 1.25e-05 0 0 0 0 0 0 0 0 0 0 
0.538475 0.171319 0.0434687 0.00485625 0.0001875 6.25e-06 0 0 0 0 0 0 0 0 0 0 0 0 
0.419931 0.0814625 0.0105437 0.00040625 0 0 0 0 0 0 0 0 0 0 0 0 0 0 
0.314231 0.0334625 0.00203125 6.25e-06 0 0 0 0 0 0 0 0 0 0 0 0 0 0 
0.226663 0.01055 0.00018125 0 0 0 0 0 0 0 0 0 0 0 0 0 0 0 
0.155088 0.00245 3.75e-05 0 0 0 0 0 0 0 0 0 0 0 0 0 0 0 
0.101937 0.00055625 0 0 0 0 0 0 0 0 0 0 0 0 0 0 0 0 
0.0641125 7.5e-05 0 0 0 0 0 0 0 0 0 0 0 0 0 0 0 0 
0.0378 1.875e-05 0 0 0 0 0 0 0 0 0 0 0 0 0 0 0 0 
0.0211312 0 0 0 0 0 0 0 0 0 0 0 0 0 0 0 0 0 
0.01075 0 0 0 0 0 0 0 0 0 0 0 0 0 0 0 0 0 
0.00473125 0 0 0 0 0 0 0 0 0 0 0 0 0 0 0 0 0 
0.00175625 0 0 0 0 0 0 0 0 0 0 0 0 0 0 0 0 0 
0.00041875 0 0 0 0 0 0 0 0 0 0 0 0 0 0 0 0 0 
6.25e-05 0 0 0 0 0 0 0 0 0 0 0 0 0 0 0 0 0 
1.25e-05 0 0 0 0 0 0 0 0 0 0 0 0 0 0 0 0 0 

1 0.998531 0.996869 0.990337 0.983169 0.973381 0.96155 0.946469 0.926781 0.902987 0.873694 0.837112 0.795006 0.741962 0.679331 0.602706 0.503931 0.36285 
0.623856 0.0400812 0.0132562 0.0056125 0.00305625 0.00165 0.0008625 0.00029375 0.00015 6.25e-06 0 0 0 0 0 0 0 0 
0.482962 0.00973125 0.001375 0.0001625 0 0 0 0 0 0 0 0 0 0 0 0 0 0 
0.390325 0.0042125 0.00028125 6.25e-06 0 0 0 0 0 0 0 0 0 0 0 0 0 0 
0.319287 0.00165625 4.375e-05 0 0 0 0 0 0 0 0 0 0 0 0 0 0 0 
0.258606 0.0006375 0 0 0 0 0 0 0 0 0 0 0 0 0 0 0 0 
0.208569 0.0002375 6.25e-06 0 0 0 0 0 0 0 0 0 0 0 0 0 0 0 
0.164375 5e-05 0 0 0 0 0 0 0 0 0 0 0 0 0 0 0 0 
0.126756 6.25e-06 0 0 0 0 0 0 0 0 0 0 0 0 0 0 0 0 
0.094675 0 0 0 0 0 0 0 0 0 0 0 0 0 0 0 0 0 
0.0671562 0 0 0 0 0 0 0 0 0 0 0 0 0 0 0 0 0 
0.0456625 0 0 0 0 0 0 0 0 0 0 0 0 0 0 0 0 0 
0.0287875 0 0 0 0 0 0 0 0 0 0 0 0 0 0 0 0 0 
0.01635 0 0 0 0 0 0 0 0 0 0 0 0 0 0 0 0 0 
0.0084375 0 0 0 0 0 0 0 0 0 0 0 0 0 0 0 0 0 
0.003375 0 0 0 0 0 0 0 0 0 0 0 0 0 0 0 0 0 
0.00070625 0 0 0 0 0 0 0 0 0 0 0 0 0 0 0 0 0 
6.875e-05 0 0 0 0 0 0 0 0 0 0 0 0 0 0 0 0 0 

----------------------------------------------------------------------------------------------------------------------------------------------------------------------------------------------------------------------------------------------------------------------------------------------------------------------------------------------------------------------------------------------------------------

0 0 0 0 0 0 0 0 0 0 0 0 0 0 0 0 0 0 
0 0 0 0 0 0 0 0 0 0 0 0 0 0 0 0 0 0 
0 0 0 0 0 0 0 0 0 0 0 0 0 0 0 0 0 0 
0 0 0 0 0 0 0 0 0 0 0 0 0 0 0 0 0 0 
0 0 0 0 0 0 0 0 0 0 0 0 0 0 0 0 0 0 
0 0 0 0 0 0 0 0 0 0 0 0 0 0 0 0 0 0 
0 0 0 0 0 0 0 0 0 0 0 0 0 0 0 0 0 0 
0 0 0 0 0 0 0 0 0 0 0 0 0 0 0 0 0 0 
0 0 0 0 0 0 0 0 0 0 0 0 0 0 0 0 0 0 
0 0 0 0 0 0 0 0 0 0 0 0 0 0 0 0 0 0 
0 0 0 0 0 0 0 0 0 0 0 0 0 0 0 0 0 0 
0 0 0 0 0 0 0 0 0 0 0 0 0 0 0 0 0 0 
0 0 0 0 0 0 0 0 0 0 0 0 0 0 0 0 0 0 
0 0 0 0 0 0 0 0 0 0 0 0 0 0 0 0 0 0 
0 0 0 0 0 0 0 0 0 0 0 0 0 0 0 0 0 0 
0 0 0 0 0 0 0 0 0 0 0 0 0 0 0 0 0 0 
0 0 0 0 0 0 0 0 0 0 0 0 0 0 0 0 0 0 
0 0 0 0 0 0 0 0 0 0 0 0 0 0 0 0 0 0 

1 0.998387 0.996312 0.988462 0.979162 0.96695 0.95295 0.932 0.909862 0.88015 0.843937 0.801912 0.752975 0.69515 0.626562 0.54625 0.446775 0.31575 
0.665375 0.1478 0.068425 0.033825 0.01865 0.0106125 0.005825 0.0027125 0.0009625 0.000225 3.75e-05 0 0 0 0 0 0 0 
0.516087 0.050075 0.0115 0.0021875 0.000325 2.5e-05 0 0 0 0 0 0 0 0 0 0 0 0 
0.417437 0.0233625 0.0029875 0.00025 0 0 0 0 0 0 0 0 0 0 0 0 0 0 
0.336562 0.0106875 0.000625 1.25e-05 0 0 0 0 0 0 0 0 0 0 0 0 0 0 
0.271537 0.0047625 0.0001 0 0 0 0 0 0 0 0 0 0 0 0 0 0 0 
0.214487 0.0013875 5e-05 0 0 0 0 0 0 0 0 0 0 0 0 0 0 0 
0.167725 0.000425 0 0 0 0 0 0 0 0 0 0 0 0 0 0 0 0 
0.127387 3.75e-05 0 0 0 0 0 0 0 0 0 0 0 0 0 0 0 0 
0.0933375 0 0 0 0 0 0 0 0 0 0 0 0 0 0 0 0 0 
0.064625 0 0 0 0 0 0 0 0 0 0 0 0 0 0 0 0 0 
0.0433125 0 0 0 0 0 0 0 0 0 0 0 0 0 0 0 0 0 
0.0258125 0 0 0 0 0 0 0 0 0 0 0 0 0 0 0 0 0 
0.015 0 0 0 0 0 0 0 0 0 0 0 0 0 0 0 0 0 
0.0069375 0 0 0 0 0 0 0 0 0 0 0 0 0 0 0 0 0 
0.0023875 0 0 0 0 0 0 0 0 0 0 0 0 0 0 0 0 0 
0.0005 0 0 0 0 0 0 0 0 0 0 0 0 0 0 0 0 0 
6.25e-05 0 0 0 0 0 0 0 0 0 0 0 0 0 0 0 0 0 

1 0.998362 0.996237 0.988412 0.979275 0.968087 0.952912 0.931675 0.907562 0.876462 0.840175 0.7964 0.746025 0.68275 0.608437 0.520225 0.413437 0.274013 
0.706975 0.100263 0.037 0.0165375 0.008225 0.0047375 0.0026125 0.001225 0.000375 6.25e-05 2.5e-05 0 0 0 0 0 0 0 
0.559825 0.027925 0.004225 0.0006125 8.75e-05 0 0 0 0 0 0 0 0 0 0 0 0 0 
0.458375 0.0117625 0.0010375 6.25e-05 0 0 0 0 0 0 0 0 0 0 0 0 0 0 
0.376175 0.0049625 0.0002375 0 0 0 0 0 0 0 0 0 0 0 0 0 0 0 
0.30495 0.00215 5e-05 0 0 0 0 0 0 0 0 0 0 0 0 0 0 0 
0.245737 0.0008125 0 0 0 0 0 0 0 0 0 0 0 0 0 0 0 0 
0.193812 0.00025 0 0 0 0 0 0 0 0 0 0 0 0 0 0 0 0 
0.147813 7.5e-05 0 0 0 0 0 0 0 0 0 0 0 0 0 0 0 0 
0.110437 0 0 0 0 0 0 0 0 0 0 0 0 0 0 0 0 0 
0.07775 0 0 0 0 0 0 0 0 0 0 0 0 0 0 0 0 0 
0.0515 0 0 0 0 0 0 0 0 0 0 0 0 0 0 0 0 0 
0.032025 0 0 0 0 0 0 0 0 0 0 0 0 0 0 0 0 0 
0.01745 0 0 0 0 0 0 0 0 0 0 0 0 0 0 0 0 0 
0.00805 0 0 0 0 0 0 0 0 0 0 0 0 0 0 0 0 0 
0.002725 0 0 0 0 0 0 0 0 0 0 0 0 0 0 0 0 0 
0.000625 0 0 0 0 0 0 0 0 0 0 0 0 0 0 0 0 0 
1.25e-05 0 0 0 0 0 0 0 0 0 0 0 0 0 0 0 0 0 

1 0.998637 0.997287 0.991337 0.984625 0.9777 0.968225 0.956362 0.941787 0.922888 0.898962 0.871587 0.837738 0.795587 0.743562 0.676875 0.588538 0.450187 
0.543463 0.0001 3.75e-05 2.5e-05 1.25e-05 0 0 0 0 0 0 0 0 0 0 0 0 0 
0.408175 1.25e-05 0 0 0 0 0 0 0 0 0 0 0 0 0 0 0 0 
0.326675 1.25e-05 0 0 0 0 0 0 0 0 0 0 0 0 0 0 0 0 
0.263875 0 0 0 0 0 0 0 0 0 0 0 0 0 0 0 0 0 
0.214525 0 0 0 0 0 0 0 0 0 0 0 0 0 0 0 0 0 
0.171187 0 0 0 0 0 0 0 0 0 0 0 0 0 0 0 0 0 
0.135425 0 0 0 0 0 0 0 0 0 0 0 0 0 0 0 0 0 
0.104525 0 0 0 0 0 0 0 0 0 0 0 0 0 0 0 0 0 
0.0791375 0 0 0 0 0 0 0 0 0 0 0 0 0 0 0 0 0 
0.0580375 0 0 0 0 0 0 0 0 0 0 0 0 0 0 0 0 0 
0.0399875 0 0 0 0 0 0 0 0 0 0 0 0 0 0 0 0 0 
0.025975 0 0 0 0 0 0 0 0 0 0 0 0 0 0 0 0 0 
0.015125 0 0 0 0 0 0 0 0 0 0 0 0 0 0 0 0 0 
0.008 0 0 0 0 0 0 0 0 0 0 0 0 0 0 0 0 0 
0.0031 0 0 0 0 0 0 0 0 0 0 0 0 0 0 0 0 0 
0.0006375 0 0 0 0 0 0 0 0 0 0 0 0 0 0 0 0 0 
6.25e-05 0 0 0 0 0 0 0 0 0 0 0 0 0 0 0 0 0 

----------------------------------------------------------------------------------------------------------------------------------------------------------------------------------------------------------------------------------------------------------------------------------------------------------------------------------------------------------------------------------------------------------------

0 0 0 0 0 0 0 0 0 0 0 0 0 0 0 0 0 0 
0 0 0 0 0 0 0 0 0 0 0 0 0 0 0 0 0 0 
0 0 0 0 0 0 0 0 0 0 0 0 0 0 0 0 0 0 
0 0 0 0 0 0 0 0 0 0 0 0 0 0 0 0 0 0 
0 0 0 0 0 0 0 0 0 0 0 0 0 0 0 0 0 0 
0 0 0 0 0 0 0 0 0 0 0 0 0 0 0 0 0 0 
0 0 0 0 0 0 0 0 0 0 0 0 0 0 0 0 0 0 
0 0 0 0 0 0 0 0 0 0 0 0 0 0 0 0 0 0 
0 0 0 0 0 0 0 0 0 0 0 0 0 0 0 0 0 0 
0 0 0 0 0 0 0 0 0 0 0 0 0 0 0 0 0 0 
0 0 0 0 0 0 0 0 0 0 0 0 0 0 0 0 0 0 
0 0 0 0 0 0 0 0 0 0 0 0 0 0 0 0 0 0 
0 0 0 0 0 0 0 0 0 0 0 0 0 0 0 0 0 0 
0 0 0 0 0 0 0 0 0 0 0 0 0 0 0 0 0 0 
0 0 0 0 0 0 0 0 0 0 0 0 0 0 0 0 0 0 
0 0 0 0 0 0 0 0 0 0 0 0 0 0 0 0 0 0 
0 0 0 0 0 0 0 0 0 0 0 0 0 0 0 0 0 0 
0 0 0 0 0 0 0 0 0 0 0 0 0 0 0 0 0 0 

0 0 0 0 0 0 0 0 0 0 0 0 0 0 0 0 0 0 
0 0 0 0 0 0 0 0 0 0 0 0 0 0 0 0 0 0 
0 0 0 0 0 0 0 0 0 0 0 0 0 0 0 0 0 0 
0 0 0 0 0 0 0 0 0 0 0 0 0 0 0 0 0 0 
0 0 0 0 0 0 0 0 0 0 0 0 0 0 0 0 0 0 
0 0 0 0 0 0 0 0 0 0 0 0 0 0 0 0 0 0 
0 0 0 0 0 0 0 0 0 0 0 0 0 0 0 0 0 0 
0 0 0 0 0 0 0 0 0 0 0 0 0 0 0 0 0 0 
0 0 0 0 0 0 0 0 0 0 0 0 0 0 0 0 0 0 
0 0 0 0 0 0 0 0 0 0 0 0 0 0 0 0 0 0 
0 0 0 0 0 0 0 0 0 0 0 0 0 0 0 0 0 0 
0 0 0 0 0 0 0 0 0 0 0 0 0 0 0 0 0 0 
0 0 0 0 0 0 0 0 0 0 0 0 0 0 0 0 0 0 
0 0 0 0 0 0 0 0 0 0 0 0 0 0 0 0 0 0 
0 0 0 0 0 0 0 0 0 0 0 0 0 0 0 0 0 0 
0 0 0 0 0 0 0 0 0 0 0 0 0 0 0 0 0 0 
0 0 0 0 0 0 0 0 0 0 0 0 0 0 0 0 0 0 
0 0 0 0 0 0 0 0 0 0 0 0 0 0 0 0 0 0 

1 0.99795 0.995775 0.9861 0.9723 0.9553 0.9342 0.9054 0.872925 0.836475 0.78675 0.733325 0.673275 0.606425 0.53075 0.446875 0.34525 0.23235 
0.739675 0.30385 0.163975 0.092 0.051575 0.0294 0.016225 0.00785 0.003 0.0006 0.000325 5e-05 0 0 0 0 0 0 
0.584925 0.118425 0.033775 0.007075 0.001025 0.000125 0 0 0 0 0 0 0 0 0 0 0 0 
0.4706 0.05745 0.010575 0.00095 5e-05 0 0 0 0 0 0 0 0 0 0 0 0 0 
0.37625 0.026625 0.00215 5e-05 0 0 0 0 0 0 0 0 0 0 0 0 0 0 
0.2978 0.010175 0.0002 0 0 0 0 0 0 0 0 0 0 0 0 0 0 0 
0.2325 0.0036 2.5e-05 0 0 0 0 0 0 0 0 0 0 0 0 0 0 0 
0.174975 0.000725 0 0 0 0 0 0 0 0 0 0 0 0 0 0 0 0 
0.128925 0.000125 0 0 0 0 0 0 0 0 0 0 0 0 0 0 0 0 
0.093575 2.5e-05 0 0 0 0 0 0 0 0 0 0 0 0 0 0 0 0 
0.0628 0 0 0 0 0 0 0 0 0 0 0 0 0 0 0 0 0 
0.040175 0 0 0 0 0 0 0 0 0 0 0 0 0 0 0 0 0 
0.02425 0 0 0 0 0 0 0 0 0 0 0 0 0 0 0 0 0 
0.0121 0 0 0 0 0 0 0 0 0 0 0 0 0 0 0 0 0 
0.005425 0 0 0 0 0 0 0 0 0 0 0 0 0 0 0 0 0 
0.0021 0 0 0 0 0 0 0 0 0 0 0 0 0 0 0 0 0 
0.000475 0 0 0 0 0 0 0 0 0 0 0 0 0 0 0 0 0 
2.5e-05 0 0 0 0 0 0 0 0 0 0 0 0 0 0 0 0 0 

1 0.998575 0.99695 0.991775 0.9844 0.97675 0.964425 0.9528 0.9362 0.915375 0.890725 0.8615 0.82275 0.779 0.7233 0.651075 0.56145 0.419725 
0.572325 0.003475 0.0008 0.0003 0.000175 0.0002 2.5e-05 2.5e-05 0 0 0 0 0 0 0 0 0 0 
0.433775 0.0005 5e-05 0 0 0 0 0 0 0 0 0 0 0 0 0 0 0 
0.351875 0.000225 0 0 0 0 0 0 0 0 0 0 0 0 0 0 0 0 
0.2851 0.000125 0 0 0 0 0 0 0 0 0 0 0 0 0 0 0 0 
0.229575 7.5e-05 0 0 0 0 0 0 0 0 0 0 0 0 0 0 0 0 
0.18485 2.5e-05 0 0 0 0 0 0 0 0 0 0 0 0 0 0 0 0 
0.1475 5e-05 0 0 0 0 0 0 0 0 0 0 0 0 0 0 0 0 
0.113075 0 0 0 0 0 0 0 0 0 0 0 0 0 0 0 0 0 
0.0866 0 0 0 0 0 0 0 0 0 0 0 0 0 0 0 0 0 
0.06295 0 0 0 0 0 0 0 0 0 0 0 0 0 0 0 0 0 
0.0439 0 0 0 0 0 0 0 0 0 0 0 0 0 0 0 0 0 
0.027425 0 0 0 0 0 0 0 0 0 0 0 0 0 0 0 0 0 
0.01615 0 0 0 0 0 0 0 0 0 0 0 0 0 0 0 0 0 
0.0078 0 0 0 0 0 0 0 0 0 0 0 0 0 0 0 0 0 
0.00335 0 0 0 0 0 0 0 0 0 0 0 0 0 0 0 0 0 
0.00085 0 0 0 0 0 0 0 0 0 0 0 0 0 0 0 0 0 
7.5e-05 0 0 0 0 0 0 0 0 0 0 0 0 0 0 0 0 0 

1 0.99765 0.99515 0.9859 0.9746 0.956075 0.938575 0.9131 0.8821 0.840925 0.795925 0.73905 0.675925 0.600475 0.519125 0.4222 0.316425 0.194975 
0.779625 0.2177 0.0947 0.046775 0.025125 0.013 0.00705 0.003475 0.0013 0.00025 0.0001 2.5e-05 0 2.5e-05 0 0 0 0 
0.6348 0.070525 0.0139 0.002525 0.000375 0 0 0 0 0 0 0 0 0 0 0 0 0 
0.52825 0.032425 0.00365 0.00035 2.5e-05 0 0 0 0 0 0 0 0 0 0 0 0 0 
0.431125 0.01505 0.00075 2.5e-05 0 0 0 0 0 0 0 0 0 0 0 0 0 0 
0.349525 0.006125 7.5e-05 0 0 0 0 0 0 0 0 0 0 0 0 0 0 0 
0.278575 0.0021 0 0 0 0 0 0 0 0 0 0 0 0 0 0 0 0 
0.2185 0.000575 0 0 0 0 0 0 0 0 0 0 0 0 0 0 0 0 
0.162775 7.5e-05 0 0 0 0 0 0 0 0 0 0 0 0 0 0 0 0 
0.1175 0 0 0 0 0 0 0 0 0 0 0 0 0 0 0 0 0 
0.081225 0 0 0 0 0 0 0 0 0 0 0 0 0 0 0 0 0 
0.053425 0 0 0 0 0 0 0 0 0 0 0 0 0 0 0 0 0 
0.031625 0 0 0 0 0 0 0 0 0 0 0 0 0 0 0 0 0 
0.016675 0 0 0 0 0 0 0 0 0 0 0 0 0 0 0 0 0 
0.0073 0 0 0 0 0 0 0 0 0 0 0 0 0 0 0 0 0 
0.0023 0 0 0 0 0 0 0 0 0 0 0 0 0 0 0 0 0 
0.000475 0 0 0 0 0 0 0 0 0 0 0 0 0 0 0 0 0 
5e-05 0 0 0 0 0 0 0 0 0 0 0 0 0 0 0 0 0 

1 0.9985 0.996575 0.9895 0.98285 0.9731 0.96295 0.945825 0.9271 0.9052 0.878425 0.84375 0.799175 0.752425 0.6898 0.612775 0.513975 0.3658 
0.62375 0.000775 5e-05 2.5e-05 0 0 0 0 0 0 0 0 0 0 0 0 0 0 
0.483275 0.000125 0 0 0 0 0 0 0 0 0 0 0 0 0 0 0 0 
0.389225 0 0 0 0 0 0 0 0 0 0 0 0 0 0 0 0 0 
0.319825 2.5e-05 0 0 0 0 0 0 0 0 0 0 0 0 0 0 0 0 
0.2603 2.5e-05 0 0 0 0 0 0 0 0 0 0 0 0 0 0 0 0 
0.209 2.5e-05 0 0 0 0 0 0 0 0 0 0 0 0 0 0 0 0 
0.16615 0 0 0 0 0 0 0 0 0 0 0 0 0 0 0 0 0 
0.12925 0 0 0 0 0 0 0 0 0 0 0 0 0 0 0 0 0 
0.097125 0 0 0 0 0 0 0 0 0 0 0 0 0 0 0 0 0 
0.07115 0 0 0 0 0 0 0 0 0 0 0 0 0 0 0 0 0 
0.048375 0 0 0 0 0 0 0 0 0 0 0 0 0 0 0 0 0 
0.03155 0 0 0 0 0 0 0 0 0 0 0 0 0 0 0 0 0 
0.01835 0 0 0 0 0 0 0 0 0 0 0 0 0 0 0 0 0 
0.0094 0 0 0 0 0 0 0 0 0 0 0 0 0 0 0 0 0 
0.003575 0 0 0 0 0 0 0 0 0 0 0 0 0 0 0 0 0 
0.000875 0 0 0 0 0 0 0 0 0 0 0 0 0 0 0 0 0 
5e-05 0 0 0 0 0 0 0 0 0 0 0 0 0 0 0 0 0 

1 0.99855 0.997275 0.989775 0.982725 0.972875 0.961175 0.94495 0.925925 0.9012 0.875325 0.841825 0.8005 0.749725 0.689275 0.612175 0.512775 0.3642 
0.6272 0.000325 2.5e-05 0 0 0 0 0 0 0 0 0 0 0 0 0 0 0 
0.480575 5e-05 0 0 0 0 0 0 0 0 0 0 0 0 0 0 0 0 
0.39125 5e-05 0 0 0 0 0 0 0 0 0 0 0 0 0 0 0 0 
0.3197 5e-05 0 0 0 0 0 0 0 0 0 0 0 0 0 0 0 0 
0.25985 2.5e-05 0 0 0 0 0 0 0 0 0 0 0 0 0 0 0 0 
0.210975 0 0 0 0 0 0 0 0 0 0 0 0 0 0 0 0 0 
0.168775 0 0 0 0 0 0 0 0 0 0 0 0 0 0 0 0 0 
0.1312 0 0 0 0 0 0 0 0 0 0 0 0 0 0 0 0 0 
0.1004 0 0 0 0 0 0 0 0 0 0 0 0 0 0 0 0 0 
0.073025 0 0 0 0 0 0 0 0 0 0 0 0 0 0 0 0 0 
0.050075 0 0 0 0 0 0 0 0 0 0 0 0 0 0 0 0 0 
0.0323 0 0 0 0 0 0 0 0 0 0 0 0 0 0 0 0 0 
0.019425 0 0 0 0 0 0 0 0 0 0 0 0 0 0 0 0 0 
0.00995 0 0 0 0 0 0 0 0 0 0 0 0 0 0 0 0 0 
0.003475 0 0 0 0 0 0 0 0 0 0 0 0 0 0 0 0 0 
0.00095 0 0 0 0 0 0 0 0 0 0 0 0 0 0 0 0 0 
0.0001 0 0 0 0 0 0 0 0 0 0 0 0 0 0 0 0 0 

1 0.998625 0.997825 0.992125 0.987425 0.98085 0.9718 0.961125 0.94755 0.93375 0.91605 0.8922 0.862975 0.8295 0.784675 0.731175 0.652775 0.52695 
0.469325 0 0 0 0 0 0 0 0 0 0 0 0 0 0 0 0 0 
0.346625 0 0 0 0 0 0 0 0 0 0 0 0 0 0 0 0 0 
0.27395 0 0 0 0 0 0 0 0 0 0 0 0 0 0 0 0 0 
0.21965 0 0 0 0 0 0 0 0 0 0 0 0 0 0 0 0 0 
0.17695 0 0 0 0 0 0 0 0 0 0 0 0 0 0 0 0 0 
0.143625 0 0 0 0 0 0 0 0 0 0 0 0 0 0 0 0 0 
0.11435 0 0 0 0 0 0 0 0 0 0 0 0 0 0 0 0 0 
0.08775 0 0 0 0 0 0 0 0 0 0 0 0 0 0 0 0 0 
0.06715 0 0 0 0 0 0 0 0 0 0 0 0 0 0 0 0 0 
0.04985 0 0 0 0 0 0 0 0 0 0 0 0 0 0 0 0 0 
0.03545 0 0 0 0 0 0 0 0 0 0 0 0 0 0 0 0 0 
0.023575 0 0 0 0 0 0 0 0 0 0 0 0 0 0 0 0 0 
0.013675 0 0 0 0 0 0 0 0 0 0 0 0 0 0 0 0 0 
0.007025 0 0 0 0 0 0 0 0 0 0 0 0 0 0 0 0 0 
0.002825 0 0 0 0 0 0 0 0 0 0 0 0 0 0 0 0 0 
0.00075 0 0 0 0 0 0 0 0 0 0 0 0 0 0 0 0 0 
0.0001 0 0 0 0 0 0 0 0 0 0 0 0 0 0 0 0 0 

----------------------------------------------------------------------------------------------------------------------------------------------------------------------------------------------------------------------------------------------------------------------------------------------------------------------------------------------------------------------------------------------------------------

0 0 0 0 0 0 0 0 0 0 0 0 0 0 0 0 0 0 
0 0 0 0 0 0 0 0 0 0 0 0 0 0 0 0 0 0 
0 0 0 0 0 0 0 0 0 0 0 0 0 0 0 0 0 0 
0 0 0 0 0 0 0 0 0 0 0 0 0 0 0 0 0 0 
0 0 0 0 0 0 0 0 0 0 0 0 0 0 0 0 0 0 
0 0 0 0 0 0 0 0 0 0 0 0 0 0 0 0 0 0 
0 0 0 0 0 0 0 0 0 0 0 0 0 0 0 0 0 0 
0 0 0 0 0 0 0 0 0 0 0 0 0 0 0 0 0 0 
0 0 0 0 0 0 0 0 0 0 0 0 0 0 0 0 0 0 
0 0 0 0 0 0 0 0 0 0 0 0 0 0 0 0 0 0 
0 0 0 0 0 0 0 0 0 0 0 0 0 0 0 0 0 0 
0 0 0 0 0 0 0 0 0 0 0 0 0 0 0 0 0 0 
0 0 0 0 0 0 0 0 0 0 0 0 0 0 0 0 0 0 
0 0 0 0 0 0 0 0 0 0 0 0 0 0 0 0 0 0 
0 0 0 0 0 0 0 0 0 0 0 0 0 0 0 0 0 0 
0 0 0 0 0 0 0 0 0 0 0 0 0 0 0 0 0 0 
0 0 0 0 0 0 0 0 0 0 0 0 0 0 0 0 0 0 
0 0 0 0 0 0 0 0 0 0 0 0 0 0 0 0 0 0 

0 0 0 0 0 0 0 0 0 0 0 0 0 0 0 0 0 0 
0 0 0 0 0 0 0 0 0 0 0 0 0 0 0 0 0 0 
0 0 0 0 0 0 0 0 0 0 0 0 0 0 0 0 0 0 
0 0 0 0 0 0 0 0 0 0 0 0 0 0 0 0 0 0 
0 0 0 0 0 0 0 0 0 0 0 0 0 0 0 0 0 0 
0 0 0 0 0 0 0 0 0 0 0 0 0 0 0 0 0 0 
0 0 0 0 0 0 0 0 0 0 0 0 0 0 0 0 0 0 
0 0 0 0 0 0 0 0 0 0 0 0 0 0 0 0 0 0 
0 0 0 0 0 0 0 0 0 0 0 0 0 0 0 0 0 0 
0 0 0 0 0 0 0 0 0 0 0 0 0 0 0 0 0 0 
0 0 0 0 0 0 0 0 0 0 0 0 0 0 0 0 0 0 
0 0 0 0 0 0 0 0 0 0 0 0 0 0 0 0 0 0 
0 0 0 0 0 0 0 0 0 0 0 0 0 0 0 0 0 0 
0 0 0 0 0 0 0 0 0 0 0 0 0 0 0 0 0 0 
0 0 0 0 0 0 0 0 0 0 0 0 0 0 0 0 0 0 
0 0 0 0 0 0 0 0 0 0 0 0 0 0 0 0 0 0 
0 0 0 0 0 0 0 0 0 0 0 0 0 0 0 0 0 0 
0 0 0 0 0 0 0 0 0 0 0 0 0 0 0 0 0 0 

0 0 0 0 0 0 0 0 0 0 0 0 0 0 0 0 0 0 
0 0 0 0 0 0 0 0 0 0 0 0 0 0 0 0 0 0 
0 0 0 0 0 0 0 0 0 0 0 0 0 0 0 0 0 0 
0 0 0 0 0 0 0 0 0 0 0 0 0 0 0 0 0 0 
0 0 0 0 0 0 0 0 0 0 0 0 0 0 0 0 0 0 
0 0 0 0 0 0 0 0 0 0 0 0 0 0 0 0 0 0 
0 0 0 0 0 0 0 0 0 0 0 0 0 0 0 0 0 0 
0 0 0 0 0 0 0 0 0 0 0 0 0 0 0 0 0 0 
0 0 0 0 0 0 0 0 0 0 0 0 0 0 0 0 0 0 
0 0 0 0 0 0 0 0 0 0 0 0 0 0 0 0 0 0 
0 0 0 0 0 0 0 0 0 0 0 0 0 0 0 0 0 0 
0 0 0 0 0 0 0 0 0 0 0 0 0 0 0 0 0 0 
0 0 0 0 0 0 0 0 0 0 0 0 0 0 0 0 0 0 
0 0 0 0 0 0 0 0 0 0 0 0 0 0 0 0 0 0 
0 0 0 0 0 0 0 0 0 0 0 0 0 0 0 0 0 0 
0 0 0 0 0 0 0 0 0 0 0 0 0 0 0 0 0 0 
0 0 0 0 0 0 0 0 0 0 0 0 0 0 0 0 0 0 
0 0 0 0 0 0 0 0 0 0 0 0 0 0 0 0 0 0 

1 0.99875 0.9974 0.9917 0.9834 0.97495 0.96375 0.94985 0.93465 0.9123 0.8857 0.84885 0.81315 0.7679 0.7134 0.6436 0.55495 0.42425 
0.5652 0.06885 0.0298 0.01515 0.0085 0.00485 0.0028 0.00125 0.0005 0 0 0 0 0 0 0 0 0 
0.4255 0.021 0.00475 0.00095 0.0002 5e-05 0 0 0 0 0 0 0 0 0 0 0 0 
0.3426 0.0098 0.00125 0 0 0 0 0 0 0 0 0 0 0 0 0 0 0 
0.27555 0.00425 0.0003 0 0 0 0 0 0 0 0 0 0 0 0 0 0 0 
0.2209 0.00195 0.0001 0 0 0 0 0 0 0 0 0 0 0 0 0 0 0 
0.17495 0.00075 0 0 0 0 0 0 0 0 0 0 0 0 0 0 0 0 
0.13935 0.00025 0 0 0 0 0 0 0 0 0 0 0 0 0 0 0 0 
0.1058 0.0001 0 0 0 0 0 0 0 0 0 0 0 0 0 0 0 0 
0.0765 0 0 0 0 0 0 0 0 0 0 0 0 0 0 0 0 0 
0.0553 0 0 0 0 0 0 0 0 0 0 0 0 0 0 0 0 0 
0.0374 0 0 0 0 0 0 0 0 0 0 0 0 0 0 0 0 0 
0.02305 0 0 0 0 0 0 0 0 0 0 0 0 0 0 0 0 0 
0.0129 0 0 0 0 0 0 0 0 0 0 0 0 0 0 0 0 0 
0.00615 0 0 0 0 0 0 0 0 0 0 0 0 0 0 0 0 0 
0.0023 0 0 0 0 0 0 0 0 0 0 0 0 0 0 0 0 0 
0.0006 0 0 0 0 0 0 0 0 0 0 0 0 0 0 0 0 0 
0 0 0 0 0 0 0 0 0 0 0 0 0 0 0 0 0 0 

0 0 0 0 0 0 0 0 0 0 0 0 0 0 0 0 0 0 
0 0 0 0 0 0 0 0 0 0 0 0 0 0 0 0 0 0 
0 0 0 0 0 0 0 0 0 0 0 0 0 0 0 0 0 0 
0 0 0 0 0 0 0 0 0 0 0 0 0 0 0 0 0 0 
0 0 0 0 0 0 0 0 0 0 0 0 0 0 0 0 0 0 
0 0 0 0 0 0 0 0 0 0 0 0 0 0 0 0 0 0 
0 0 0 0 0 0 0 0 0 0 0 0 0 0 0 0 0 0 
0 0 0 0 0 0 0 0 0 0 0 0 0 0 0 0 0 0 
0 0 0 0 0 0 0 0 0 0 0 0 0 0 0 0 0 0 
0 0 0 0 0 0 0 0 0 0 0 0 0 0 0 0 0 0 
0 0 0 0 0 0 0 0 0 0 0 0 0 0 0 0 0 0 
0 0 0 0 0 0 0 0 0 0 0 0 0 0 0 0 0 0 
0 0 0 0 0 0 0 0 0 0 0 0 0 0 0 0 0 0 
0 0 0 0 0 0 0 0 0 0 0 0 0 0 0 0 0 0 
0 0 0 0 0 0 0 0 0 0 0 0 0 0 0 0 0 0 
0 0 0 0 0 0 0 0 0 0 0 0 0 0 0 0 0 0 
0 0 0 0 0 0 0 0 0 0 0 0 0 0 0 0 0 0 
0 0 0 0 0 0 0 0 0 0 0 0 0 0 0 0 0 0 

1 0.99905 0.99575 0.99015 0.98345 0.973 0.9601 0.94375 0.92475 0.902 0.87595 0.84005 0.7986 0.74555 0.681 0.6028 0.5025 0.358 
0.6339 0.0193 0.00515 0.00245 0.0009 0.00055 0.0004 0.0002 0.00015 5e-05 0 0 0 0 0 0 0 0 
0.4869 0.00345 0.0004 0.00015 0 0 0 0 0 0 0 0 0 0 0 0 0 0 
0.39395 0.00115 0.00015 5e-05 0 0 0 0 0 0 0 0 0 0 0 0 0 0 
0.32115 0.00045 5e-05 0 0 0 0 0 0 0 0 0 0 0 0 0 0 0 
0.2657 5e-05 0 0 0 0 0 0 0 0 0 0 0 0 0 0 0 0 
0.2112 5e-05 0 0 0 0 0 0 0 0 0 0 0 0 0 0 0 0 
0.16625 0 0 0 0 0 0 0 0 0 0 0 0 0 0 0 0 0 
0.13 5e-05 0 0 0 0 0 0 0 0 0 0 0 0 0 0 0 0 
0.0969 0 0 0 0 0 0 0 0 0 0 0 0 0 0 0 0 0 
0.0705 0 0 0 0 0 0 0 0 0 0 0 0 0 0 0 0 0 
0.0485 0 0 0 0 0 0 0 0 0 0 0 0 0 0 0 0 0 
0.03205 0 0 0 0 0 0 0 0 0 0 0 0 0 0 0 0 0 
0.01855 0 0 0 0 0 0 0 0 0 0 0 0 0 0 0 0 0 
0.00855 0 0 0 0 0 0 0 0 0 0 0 0 0 0 0 0 0 
0.0035 0 0 0 0 0 0 0 0 0 0 0 0 0 0 0 0 0 
0.0008 0 0 0 0 0 0 0 0 0 0 0 0 0 0 0 0 0 
0 0 0 0 0 0 0 0 0 0 0 0 0 0 0 0 0 0 

1 0.99815 0.99715 0.99025 0.9829 0.97295 0.9611 0.94485 0.92675 0.90165 0.8759 0.8359 0.7913 0.7362 0.6722 0.596 0.49365 0.3433 
0.6445 0.00945 0.0022 0.0008 0.00025 0.00015 0 5e-05 0 0 0 0 0 0 0 0 0 0 
0.50365 0.00145 5e-05 0 0 0 0 0 0 0 0 0 0 0 0 0 0 0 
0.406 0.00055 0 0 0 0 0 0 0 0 0 0 0 0 0 0 0 0 
0.3311 0.0002 0 0 0 0 0 0 0 0 0 0 0 0 0 0 0 0 
0.2717 5e-05 0 0 0 0 0 0 0 0 0 0 0 0 0 0 0 0 
0.219 5e-05 0 0 0 0 0 0 0 0 0 0 0 0 0 0 0 0 
0.1726 0 0 0 0 0 0 0 0 0 0 0 0 0 0 0 0 0 
0.1352 0 0 0 0 0 0 0 0 0 0 0 0 0 0 0 0 0 
0.10025 0 0 0 0 0 0 0 0 0 0 0 0 0 0 0 0 0 
0.0722 0 0 0 0 0 0 0 0 0 0 0 0 0 0 0 0 0 
0.04815 0 0 0 0 0 0 0 0 0 0 0 0 0 0 0 0 0 
0.03045 0 0 0 0 0 0 0 0 0 0 0 0 0 0 0 0 0 
0.01685 0 0 0 0 0 0 0 0 0 0 0 0 0 0 0 0 0 
0.009 0 0 0 0 0 0 0 0 0 0 0 0 0 0 0 0 0 
0.0032 0 0 0 0 0 0 0 0 0 0 0 0 0 0 0 0 0 
0.00065 0 0 0 0 0 0 0 0 0 0 0 0 0 0 0 0 0 
5e-05 0 0 0 0 0 0 0 0 0 0 0 0 0 0 0 0 0 

1 0.999 0.997 0.99205 0.98545 0.9797 0.9682 0.95925 0.9421 0.92435 0.9048 0.8783 0.84515 0.80915 0.76495 0.7058 0.6245 0.49525 
0.498 0 0 0 0 0 0 0 0 0 0 0 0 0 0 0 0 0 
0.37705 0 0 0 0 0 0 0 0 0 0 0 0 0 0 0 0 0 
0.29815 0 0 0 0 0 0 0 0 0 0 0 0 0 0 0 0 0 
0.24075 0 0 0 0 0 0 0 0 0 0 0 0 0 0 0 0 0 
0.198 0 0 0 0 0 0 0 0 0 0 0 0 0 0 0 0 0 
0.15925 0 0 0 0 0 0 0 0 0 0 0 0 0 0 0 0 0 
0.12715 0 0 0 0 0 0 0 0 0 0 0 0 0 0 0 0 0 
0.09915 0 0 0 0 0 0 0 0 0 0 0 0 0 0 0 0 0 
0.07705 0 0 0 0 0 0 0 0 0 0 0 0 0 0 0 0 0 
0.0582 0 0 0 0 0 0 0 0 0 0 0 0 0 0 0 0 0 
0.0393 0 0 0 0 0 0 0 0 0 0 0 0 0 0 0 0 0 
0.02505 0 0 0 0 0 0 0 0 0 0 0 0 0 0 0 0 0 
0.0154 0 0 0 0 0 0 0 0 0 0 0 0 0 0 0 0 0 
0.00775 0 0 0 0 0 0 0 0 0 0 0 0 0 0 0 0 0 
0.0037 0 0 0 0 0 0 0 0 0 0 0 0 0 0 0 0 0 
0.0009 0 0 0 0 0 0 0 0 0 0 0 0 0 0 0 0 0 
0.00015 0 0 0 0 0 0 0 0 0 0 0 0 0 0 0 0 0 

0 0 0 0 0 0 0 0 0 0 0 0 0 0 0 0 0 0 
0 0 0 0 0 0 0 0 0 0 0 0 0 0 0 0 0 0 
0 0 0 0 0 0 0 0 0 0 0 0 0 0 0 0 0 0 
0 0 0 0 0 0 0 0 0 0 0 0 0 0 0 0 0 0 
0 0 0 0 0 0 0 0 0 0 0 0 0 0 0 0 0 0 
0 0 0 0 0 0 0 0 0 0 0 0 0 0 0 0 0 0 
0 0 0 0 0 0 0 0 0 0 0 0 0 0 0 0 0 0 
0 0 0 0 0 0 0 0 0 0 0 0 0 0 0 0 0 0 
0 0 0 0 0 0 0 0 0 0 0 0 0 0 0 0 0 0 
0 0 0 0 0 0 0 0 0 0 0 0 0 0 0 0 0 0 
0 0 0 0 0 0 0 0 0 0 0 0 0 0 0 0 0 0 
0 0 0 0 0 0 0 0 0 0 0 0 0 0 0 0 0 0 
0 0 0 0 0 0 0 0 0 0 0 0 0 0 0 0 0 0 
0 0 0 0 0 0 0 0 0 0 0 0 0 0 0 0 0 0 
0 0 0 0 0 0 0 0 0 0 0 0 0 0 0 0 0 0 
0 0 0 0 0 0 0 0 0 0 0 0 0 0 0 0 0 0 
0 0 0 0 0 0 0 0 0 0 0 0 0 0 0 0 0 0 
0 0 0 0 0 0 0 0 0 0 0 0 0 0 0 0 0 0 

1 0.9979 0.9957 0.9887 0.97925 0.96845 0.95775 0.94085 0.91805 0.8911 0.8569 0.81735 0.76875 0.7093 0.6393 0.55175 0.443 0.29415 
0.6946 0.0054 0.00085 0.00025 0.00015 0.0001 5e-05 5e-05 5e-05 5e-05 0 0 0 0 0 0 0 0 
0.5491 0.00085 0 0 0 0 0 0 0 0 0 0 0 0 0 0 0 0 
0.4514 0.0004 0 0 0 0 0 0 0 0 0 0 0 0 0 0 0 0 
0.37135 0.0001 0 0 0 0 0 0 0 0 0 0 0 0 0 0 0 0 
0.3023 5e-05 0 0 0 0 0 0 0 0 0 0 0 0 0 0 0 0 
0.24145 0 0 0 0 0 0 0 0 0 0 0 0 0 0 0 0 0 
0.19475 0 0 0 0 0 0 0 0 0 0 0 0 0 0 0 0 0 
0.15055 0 0 0 0 0 0 0 0 0 0 0 0 0 0 0 0 0 
0.1135 0 0 0 0 0 0 0 0 0 0 0 0 0 0 0 0 0 
0.0817 0 0 0 0 0 0 0 0 0 0 0 0 0 0 0 0 0 
0.0536 0 0 0 0 0 0 0 0 0 0 0 0 0 0 0 0 0 
0.03405 0 0 0 0 0 0 0 0 0 0 0 0 0 0 0 0 0 
0.01955 0 0 0 0 0 0 0 0 0 0 0 0 0 0 0 0 0 
0.0103 0 0 0 0 0 0 0 0 0 0 0 0 0 0 0 0 0 
0.00415 0 0 0 0 0 0 0 0 0 0 0 0 0 0 0 0 0 
0.001 0 0 0 0 0 0 0 0 0 0 0 0 0 0 0 0 0 
5e-05 0 0 0 0 0 0 0 0 0 0 0 0 0 0 0 0 0 

1 0.9979 0.99545 0.9886 0.9791 0.9708 0.9518 0.9368 0.91305 0.88725 0.85405 0.81205 0.76375 0.70175 0.6304 0.5402 0.4339 0.2812 
0.7035 0.00245 0.00035 5e-05 0 0 0 0 0 0 0 0 0 0 0 0 0 0 
0.55925 0.0001 0 0 0 0 0 0 0 0 0 0 0 0 0 0 0 0 
0.4609 0 0 0 0 0 0 0 0 0 0 0 0 0 0 0 0 0 
0.38055 0 0 0 0 0 0 0 0 0 0 0 0 0 0 0 0 0 
0.31255 0 0 0 0 0 0 0 0 0 0 0 0 0 0 0 0 0 
0.25415 0 0 0 0 0 0 0 0 0 0 0 0 0 0 0 0 0 
0.19925 0 0 0 0 0 0 0 0 0 0 0 0 0 0 0 0 0 
0.1552 0 0 0 0 0 0 0 0 0 0 0 0 0 0 0 0 0 
0.1175 0 0 0 0 0 0 0 0 0 0 0 0 0 0 0 0 0 
0.0844 0 0 0 0 0 0 0 0 0 0 0 0 0 0 0 0 0 
0.0576 0 0 0 0 0 0 0 0 0 0 0 0 0 0 0 0 0 
0.03675 0 0 0 0 0 0 0 0 0 0 0 0 0 0 0 0 0 
0.02245 0 0 0 0 0 0 0 0 0 0 0 0 0 0 0 0 0 
0.01055 0 0 0 0 0 0 0 0 0 0 0 0 0 0 0 0 0 
0.00355 0 0 0 0 0 0 0 0 0 0 0 0 0 0 0 0 0 
0.0008 0 0 0 0 0 0 0 0 0 0 0 0 0 0 0 0 0 
5e-05 0 0 0 0 0 0 0 0 0 0 0 0 0 0 0 0 0 

1 0.99845 0.99735 0.99225 0.98515 0.9773 0.9701 0.9546 0.94125 0.9219 0.8967 0.8717 0.83925 0.7925 0.74105 0.6757 0.58845 0.44715 
0.54525 0 0 0 0 0 0 0 0 0 0 0 0 0 0 0 0 0 
0.40875 0 0 0 0 0 0 0 0 0 0 0 0 0 0 0 0 0 
0.3247 0 0 0 0 0 0 0 0 0 0 0 0 0 0 0 0 0 
0.2672 0 0 0 0 0 0 0 0 0 0 0 0 0 0 0 0 0 
0.21965 0 0 0 0 0 0 0 0 0 0 0 0 0 0 0 0 0 
0.17065 0 0 0 0 0 0 0 0 0 0 0 0 0 0 0 0 0 
0.13685 0 0 0 0 0 0 0 0 0 0 0 0 0 0 0 0 0 
0.10545 0 0 0 0 0 0 0 0 0 0 0 0 0 0 0 0 0 
0.07985 0 0 0 0 0 0 0 0 0 0 0 0 0 0 0 0 0 
0.0573 0 0 0 0 0 0 0 0 0 0 0 0 0 0 0 0 0 
0.04055 0 0 0 0 0 0 0 0 0 0 0 0 0 0 0 0 0 
0.02575 0 0 0 0 0 0 0 0 0 0 0 0 0 0 0 0 0 
0.01475 0 0 0 0 0 0 0 0 0 0 0 0 0 0 0 0 0 
0.008 0 0 0 0 0 0 0 0 0 0 0 0 0 0 0 0 0 
0.00325 0 0 0 0 0 0 0 0 0 0 0 0 0 0 0 0 0 
0.00115 0 0 0 0 0 0 0 0 0 0 0 0 0 0 0 0 0 
5e-05 0 0 0 0 0 0 0 0 0 0 0 0 0 0 0 0 0 

1 0.9985 0.99635 0.98955 0.9794 0.96705 0.95355 0.93715 0.9146 0.8877 0.85535 0.81365 0.76825 0.70725 0.63535 0.54265 0.4311 0.28415 
0.705 0.0014 0.00025 5e-05 0 0 0 0 0 0 0 0 0 0 0 0 0 0 
0.5598 0.0001 0 0 0 0 0 0 0 0 0 0 0 0 0 0 0 0 
0.4601 0.0001 0 0 0 0 0 0 0 0 0 0 0 0 0 0 0 0 
0.37845 0 0 0 0 0 0 0 0 0 0 0 0 0 0 0 0 0 
0.30625 0 0 0 0 0 0 0 0 0 0 0 0 0 0 0 0 0 
0.24555 0 0 0 0 0 0 0 0 0 0 0 0 0 0 0 0 0 
0.19595 0 0 0 0 0 0 0 0 0 0 0 0 0 0 0 0 0 
0.15035 0 0 0 0 0 0 0 0 0 0 0 0 0 0 0 0 0 
0.1155 0 0 0 0 0 0 0 0 0 0 0 0 0 0 0 0 0 
0.08395 0 0 0 0 0 0 0 0 0 0 0 0 0 0 0 0 0 
0.0585 0 0 0 0 0 0 0 0 0 0 0 0 0 0 0 0 0 
0.03885 0 0 0 0 0 0 0 0 0 0 0 0 0 0 0 0 0 
0.0226 0 0 0 0 0 0 0 0 0 0 0 0 0 0 0 0 0 
0.01095 0 0 0 0 0 0 0 0 0 0 0 0 0 0 0 0 0 
0.00405 0 0 0 0 0 0 0 0 0 0 0 0 0 0 0 0 0 
0.00065 0 0 0 0 0 0 0 0 0 0 0 0 0 0 0 0 0 
0 0 0 0 0 0 0 0 0 0 0 0 0 0 0 0 0 0 

1 0.9987 0.99695 0.9924 0.98495 0.97765 0.9678 0.95445 0.93915 0.9189 0.89655 0.8661 0.8313 0.7897 0.73865 0.6731 0.5839 0.4485 
0.54825 0 0 0 0 0 0 0 0 0 0 0 0 0 0 0 0 0 
0.41135 0 0 0 0 0 0 0 0 0 0 0 0 0 0 0 0 0 
0.33065 0 0 0 0 0 0 0 0 0 0 0 0 0 0 0 0 0 
0.26885 0 0 0 0 0 0 0 0 0 0 0 0 0 0 0 0 0 
0.21635 0 0 0 0 0 0 0 0 0 0 0 0 0 0 0 0 0 
0.1768 0 0 0 0 0 0 0 0 0 0 0 0 0 0 0 0 0 
0.1405 0 0 0 0 0 0 0 0 0 0 0 0 0 0 0 0 0 
0.10975 0 0 0 0 0 0 0 0 0 0 0 0 0 0 0 0 0 
0.083 0 0 0 0 0 0 0 0 0 0 0 0 0 0 0 0 0 
0.0596 0 0 0 0 0 0 0 0 0 0 0 0 0 0 0 0 0 
0.042 0 0 0 0 0 0 0 0 0 0 0 0 0 0 0 0 0 
0.02635 0 0 0 0 0 0 0 0 0 0 0 0 0 0 0 0 0 
0.016 0 0 0 0 0 0 0 0 0 0 0 0 0 0 0 0 0 
0.0079 0 0 0 0 0 0 0 0 0 0 0 0 0 0 0 0 0 
0.00305 0 0 0 0 0 0 0 0 0 0 0 0 0 0 0 0 0 
0.0007 0 0 0 0 0 0 0 0 0 0 0 0 0 0 0 0 0 
0.00015 0 0 0 0 0 0 0 0 0 0 0 0 0 0 0 0 0 

1 0.99855 0.9967 0.99165 0.9835 0.97475 0.9672 0.9515 0.9358 0.918 0.89975 0.86825 0.83745 0.79365 0.7405 0.6754 0.5851 0.44555 
0.54785 0 0 0 0 0 0 0 0 0 0 0 0 0 0 0 0 0 
0.41235 0 0 0 0 0 0 0 0 0 0 0 0 0 0 0 0 0 
0.32895 0 0 0 0 0 0 0 0 0 0 0 0 0 0 0 0 0 
0.2665 0 0 0 0 0 0 0 0 0 0 0 0 0 0 0 0 0 
0.21465 0 0 0 0 0 0 0 0 0 0 0 0 0 0 0 0 0 
0.17365 0 0 0 0 0 0 0 0 0 0 0 0 0 0 0 0 0 
0.1379 0 0 0 0 0 0 0 0 0 0 0 0 0 0 0 0 0 
0.10805 0 0 0 0 0 0 0 0 0 0 0 0 0 0 0 0 0 
0.0831 0 0 0 0 0 0 0 0 0 0 0 0 0 0 0 0 0 
0.0607 0 0 0 0 0 0 0 0 0 0 0 0 0 0 0 0 0 
0.0446 0 0 0 0 0 0 0 0 0 0 0 0 0 0 0 0 0 
0.02885 0 0 0 0 0 0 0 0 0 0 0 0 0 0 0 0 0 
0.01625 0 0 0 0 0 0 0 0 0 0 0 0 0 0 0 0 0 
0.0087 0 0 0 0 0 0 0 0 0 0 0 0 0 0 0 0 0 
0.00355 0 0 0 0 0 0 0 0 0 0 0 0 0 0 0 0 0 
0.001 0 0 0 0 0 0 0 0 0 0 0 0 0 0 0 0 0 
5e-05 0 0 0 0 0 0 0 0 0 0 0 0 0 0 0 0 0 

1 0.9987 0.99755 0.9939 0.98885 0.9827 0.9755 0.96575 0.95735 0.9426 0.92815 0.9109 0.8853 0.8571 0.8213 0.7734 0.71035 0.59845 
0.39905 0 0 0 0 0 0 0 0 0 0 0 0 0 0 0 0 0 
0.2886 0 0 0 0 0 0 0 0 0 0 0 0 0 0 0 0 0 
0.2282 0 0 0 0 0 0 0 0 0 0 0 0 0 0 0 0 0 
0.18595 0 0 0 0 0 0 0 0 0 0 0 0 0 0 0 0 0 
0.1464 0 0 0 0 0 0 0 0 0 0 0 0 0 0 0 0 0 
0.1191 0 0 0 0 0 0 0 0 0 0 0 0 0 0 0 0 0 
0.09605 0 0 0 0 0 0 0 0 0 0 0 0 0 0 0 0 0 
0.0749 0 0 0 0 0 0 0 0 0 0 0 0 0 0 0 0 0 
0.05595 0 0 0 0 0 0 0 0 0 0 0 0 0 0 0 0 0 
0.0428 0 0 0 0 0 0 0 0 0 0 0 0 0 0 0 0 0 
0.0313 0 0 0 0 0 0 0 0 0 0 0 0 0 0 0 0 0 
0.0205 0 0 0 0 0 0 0 0 0 0 0 0 0 0 0 0 0 
0.0125 0 0 0 0 0 0 0 0 0 0 0 0 0 0 0 0 0 
0.0071 0 0 0 0 0 0 0 0 0 0 0 0 0 0 0 0 0 
0.003 0 0 0 0 0 0 0 0 0 0 0 0 0 0 0 0 0 
0.00075 0 0 0 0 0 0 0 0 0 0 0 0 0 0 0 0 0 
0 0 0 0 0 0 0 0 0 0 0 0 0 0 0 0 0 0 

----------------------------------------------------------------------------------------------------------------------------------------------------------------------------------------------------------------------------------------------------------------------------------------------------------------------------------------------------------------------------------------------------------------

0 0 0 0 0 0 0 0 0 0 0 0 0 0 0 0 0 0 
0 0 0 0 0 0 0 0 0 0 0 0 0 0 0 0 0 0 
0 0 0 0 0 0 0 0 0 0 0 0 0 0 0 0 0 0 
0 0 0 0 0 0 0 0 0 0 0 0 0 0 0 0 0 0 
0 0 0 0 0 0 0 0 0 0 0 0 0 0 0 0 0 0 
0 0 0 0 0 0 0 0 0 0 0 0 0 0 0 0 0 0 
0 0 0 0 0 0 0 0 0 0 0 0 0 0 0 0 0 0 
0 0 0 0 0 0 0 0 0 0 0 0 0 0 0 0 0 0 
0 0 0 0 0 0 0 0 0 0 0 0 0 0 0 0 0 0 
0 0 0 0 0 0 0 0 0 0 0 0 0 0 0 0 0 0 
0 0 0 0 0 0 0 0 0 0 0 0 0 0 0 0 0 0 
0 0 0 0 0 0 0 0 0 0 0 0 0 0 0 0 0 0 
0 0 0 0 0 0 0 0 0 0 0 0 0 0 0 0 0 0 
0 0 0 0 0 0 0 0 0 0 0 0 0 0 0 0 0 0 
0 0 0 0 0 0 0 0 0 0 0 0 0 0 0 0 0 0 
0 0 0 0 0 0 0 0 0 0 0 0 0 0 0 0 0 0 
0 0 0 0 0 0 0 0 0 0 0 0 0 0 0 0 0 0 
0 0 0 0 0 0 0 0 0 0 0 0 0 0 0 0 0 0 

0 0 0 0 0 0 0 0 0 0 0 0 0 0 0 0 0 0 
0 0 0 0 0 0 0 0 0 0 0 0 0 0 0 0 0 0 
0 0 0 0 0 0 0 0 0 0 0 0 0 0 0 0 0 0 
0 0 0 0 0 0 0 0 0 0 0 0 0 0 0 0 0 0 
0 0 0 0 0 0 0 0 0 0 0 0 0 0 0 0 0 0 
0 0 0 0 0 0 0 0 0 0 0 0 0 0 0 0 0 0 
0 0 0 0 0 0 0 0 0 0 0 0 0 0 0 0 0 0 
0 0 0 0 0 0 0 0 0 0 0 0 0 0 0 0 0 0 
0 0 0 0 0 0 0 0 0 0 0 0 0 0 0 0 0 0 
0 0 0 0 0 0 0 0 0 0 0 0 0 0 0 0 0 0 
0 0 0 0 0 0 0 0 0 0 0 0 0 0 0 0 0 0 
0 0 0 0 0 0 0 0 0 0 0 0 0 0 0 0 0 0 
0 0 0 0 0 0 0 0 0 0 0 0 0 0 0 0 0 0 
0 0 0 0 0 0 0 0 0 0 0 0 0 0 0 0 0 0 
0 0 0 0 0 0 0 0 0 0 0 0 0 0 0 0 0 0 
0 0 0 0 0 0 0 0 0 0 0 0 0 0 0 0 0 0 
0 0 0 0 0 0 0 0 0 0 0 0 0 0 0 0 0 0 
0 0 0 0 0 0 0 0 0 0 0 0 0 0 0 0 0 0 

0 0 0 0 0 0 0 0 0 0 0 0 0 0 0 0 0 0 
0 0 0 0 0 0 0 0 0 0 0 0 0 0 0 0 0 0 
0 0 0 0 0 0 0 0 0 0 0 0 0 0 0 0 0 0 
0 0 0 0 0 0 0 0 0 0 0 0 0 0 0 0 0 0 
0 0 0 0 0 0 0 0 0 0 0 0 0 0 0 0 0 0 
0 0 0 0 0 0 0 0 0 0 0 0 0 0 0 0 0 0 
0 0 0 0 0 0 0 0 0 0 0 0 0 0 0 0 0 0 
0 0 0 0 0 0 0 0 0 0 0 0 0 0 0 0 0 0 
0 0 0 0 0 0 0 0 0 0 0 0 0 0 0 0 0 0 
0 0 0 0 0 0 0 0 0 0 0 0 0 0 0 0 0 0 
0 0 0 0 0 0 0 0 0 0 0 0 0 0 0 0 0 0 
0 0 0 0 0 0 0 0 0 0 0 0 0 0 0 0 0 0 
0 0 0 0 0 0 0 0 0 0 0 0 0 0 0 0 0 0 
0 0 0 0 0 0 0 0 0 0 0 0 0 0 0 0 0 0 
0 0 0 0 0 0 0 0 0 0 0 0 0 0 0 0 0 0 
0 0 0 0 0 0 0 0 0 0 0 0 0 0 0 0 0 0 
0 0 0 0 0 0 0 0 0 0 0 0 0 0 0 0 0 0 
0 0 0 0 0 0 0 0 0 0 0 0 0 0 0 0 0 0 

0 0 0 0 0 0 0 0 0 0 0 0 0 0 0 0 0 0 
0 0 0 0 0 0 0 0 0 0 0 0 0 0 0 0 0 0 
0 0 0 0 0 0 0 0 0 0 0 0 0 0 0 0 0 0 
0 0 0 0 0 0 0 0 0 0 0 0 0 0 0 0 0 0 
0 0 0 0 0 0 0 0 0 0 0 0 0 0 0 0 0 0 
0 0 0 0 0 0 0 0 0 0 0 0 0 0 0 0 0 0 
0 0 0 0 0 0 0 0 0 0 0 0 0 0 0 0 0 0 
0 0 0 0 0 0 0 0 0 0 0 0 0 0 0 0 0 0 
0 0 0 0 0 0 0 0 0 0 0 0 0 0 0 0 0 0 
0 0 0 0 0 0 0 0 0 0 0 0 0 0 0 0 0 0 
0 0 0 0 0 0 0 0 0 0 0 0 0 0 0 0 0 0 
0 0 0 0 0 0 0 0 0 0 0 0 0 0 0 0 0 0 
0 0 0 0 0 0 0 0 0 0 0 0 0 0 0 0 0 0 
0 0 0 0 0 0 0 0 0 0 0 0 0 0 0 0 0 0 
0 0 0 0 0 0 0 0 0 0 0 0 0 0 0 0 0 0 
0 0 0 0 0 0 0 0 0 0 0 0 0 0 0 0 0 0 
0 0 0 0 0 0 0 0 0 0 0 0 0 0 0 0 0 0 
0 0 0 0 0 0 0 0 0 0 0 0 0 0 0 0 0 0 

0 0 0 0 0 0 0 0 0 0 0 0 0 0 0 0 0 0 
0 0 0 0 0 0 0 0 0 0 0 0 0 0 0 0 0 0 
0 0 0 0 0 0 0 0 0 0 0 0 0 0 0 0 0 0 
0 0 0 0 0 0 0 0 0 0 0 0 0 0 0 0 0 0 
0 0 0 0 0 0 0 0 0 0 0 0 0 0 0 0 0 0 
0 0 0 0 0 0 0 0 0 0 0 0 0 0 0 0 0 0 
0 0 0 0 0 0 0 0 0 0 0 0 0 0 0 0 0 0 
0 0 0 0 0 0 0 0 0 0 0 0 0 0 0 0 0 0 
0 0 0 0 0 0 0 0 0 0 0 0 0 0 0 0 0 0 
0 0 0 0 0 0 0 0 0 0 0 0 0 0 0 0 0 0 
0 0 0 0 0 0 0 0 0 0 0 0 0 0 0 0 0 0 
0 0 0 0 0 0 0 0 0 0 0 0 0 0 0 0 0 0 
0 0 0 0 0 0 0 0 0 0 0 0 0 0 0 0 0 0 
0 0 0 0 0 0 0 0 0 0 0 0 0 0 0 0 0 0 
0 0 0 0 0 0 0 0 0 0 0 0 0 0 0 0 0 0 
0 0 0 0 0 0 0 0 0 0 0 0 0 0 0 0 0 0 
0 0 0 0 0 0 0 0 0 0 0 0 0 0 0 0 0 0 
0 0 0 0 0 0 0 0 0 0 0 0 0 0 0 0 0 0 

0 0 0 0 0 0 0 0 0 0 0 0 0 0 0 0 0 0 
0 0 0 0 0 0 0 0 0 0 0 0 0 0 0 0 0 0 
0 0 0 0 0 0 0 0 0 0 0 0 0 0 0 0 0 0 
0 0 0 0 0 0 0 0 0 0 0 0 0 0 0 0 0 0 
0 0 0 0 0 0 0 0 0 0 0 0 0 0 0 0 0 0 
0 0 0 0 0 0 0 0 0 0 0 0 0 0 0 0 0 0 
0 0 0 0 0 0 0 0 0 0 0 0 0 0 0 0 0 0 
0 0 0 0 0 0 0 0 0 0 0 0 0 0 0 0 0 0 
0 0 0 0 0 0 0 0 0 0 0 0 0 0 0 0 0 0 
0 0 0 0 0 0 0 0 0 0 0 0 0 0 0 0 0 0 
0 0 0 0 0 0 0 0 0 0 0 0 0 0 0 0 0 0 
0 0 0 0 0 0 0 0 0 0 0 0 0 0 0 0 0 0 
0 0 0 0 0 0 0 0 0 0 0 0 0 0 0 0 0 0 
0 0 0 0 0 0 0 0 0 0 0 0 0 0 0 0 0 0 
0 0 0 0 0 0 0 0 0 0 0 0 0 0 0 0 0 0 
0 0 0 0 0 0 0 0 0 0 0 0 0 0 0 0 0 0 
0 0 0 0 0 0 0 0 0 0 0 0 0 0 0 0 0 0 
0 0 0 0 0 0 0 0 0 0 0 0 0 0 0 0 0 0 

0 0 0 0 0 0 0 0 0 0 0 0 0 0 0 0 0 0 
0 0 0 0 0 0 0 0 0 0 0 0 0 0 0 0 0 0 
0 0 0 0 0 0 0 0 0 0 0 0 0 0 0 0 0 0 
0 0 0 0 0 0 0 0 0 0 0 0 0 0 0 0 0 0 
0 0 0 0 0 0 0 0 0 0 0 0 0 0 0 0 0 0 
0 0 0 0 0 0 0 0 0 0 0 0 0 0 0 0 0 0 
0 0 0 0 0 0 0 0 0 0 0 0 0 0 0 0 0 0 
0 0 0 0 0 0 0 0 0 0 0 0 0 0 0 0 0 0 
0 0 0 0 0 0 0 0 0 0 0 0 0 0 0 0 0 0 
0 0 0 0 0 0 0 0 0 0 0 0 0 0 0 0 0 0 
0 0 0 0 0 0 0 0 0 0 0 0 0 0 0 0 0 0 
0 0 0 0 0 0 0 0 0 0 0 0 0 0 0 0 0 0 
0 0 0 0 0 0 0 0 0 0 0 0 0 0 0 0 0 0 
0 0 0 0 0 0 0 0 0 0 0 0 0 0 0 0 0 0 
0 0 0 0 0 0 0 0 0 0 0 0 0 0 0 0 0 0 
0 0 0 0 0 0 0 0 0 0 0 0 0 0 0 0 0 0 
0 0 0 0 0 0 0 0 0 0 0 0 0 0 0 0 0 0 
0 0 0 0 0 0 0 0 0 0 0 0 0 0 0 0 0 0 

0 0 0 0 0 0 0 0 0 0 0 0 0 0 0 0 0 0 
0 0 0 0 0 0 0 0 0 0 0 0 0 0 0 0 0 0 
0 0 0 0 0 0 0 0 0 0 0 0 0 0 0 0 0 0 
0 0 0 0 0 0 0 0 0 0 0 0 0 0 0 0 0 0 
0 0 0 0 0 0 0 0 0 0 0 0 0 0 0 0 0 0 
0 0 0 0 0 0 0 0 0 0 0 0 0 0 0 0 0 0 
0 0 0 0 0 0 0 0 0 0 0 0 0 0 0 0 0 0 
0 0 0 0 0 0 0 0 0 0 0 0 0 0 0 0 0 0 
0 0 0 0 0 0 0 0 0 0 0 0 0 0 0 0 0 0 
0 0 0 0 0 0 0 0 0 0 0 0 0 0 0 0 0 0 
0 0 0 0 0 0 0 0 0 0 0 0 0 0 0 0 0 0 
0 0 0 0 0 0 0 0 0 0 0 0 0 0 0 0 0 0 
0 0 0 0 0 0 0 0 0 0 0 0 0 0 0 0 0 0 
0 0 0 0 0 0 0 0 0 0 0 0 0 0 0 0 0 0 
0 0 0 0 0 0 0 0 0 0 0 0 0 0 0 0 0 0 
0 0 0 0 0 0 0 0 0 0 0 0 0 0 0 0 0 0 
0 0 0 0 0 0 0 0 0 0 0 0 0 0 0 0 0 0 
0 0 0 0 0 0 0 0 0 0 0 0 0 0 0 0 0 0 

0 0 0 0 0 0 0 0 0 0 0 0 0 0 0 0 0 0 
0 0 0 0 0 0 0 0 0 0 0 0 0 0 0 0 0 0 
0 0 0 0 0 0 0 0 0 0 0 0 0 0 0 0 0 0 
0 0 0 0 0 0 0 0 0 0 0 0 0 0 0 0 0 0 
0 0 0 0 0 0 0 0 0 0 0 0 0 0 0 0 0 0 
0 0 0 0 0 0 0 0 0 0 0 0 0 0 0 0 0 0 
0 0 0 0 0 0 0 0 0 0 0 0 0 0 0 0 0 0 
0 0 0 0 0 0 0 0 0 0 0 0 0 0 0 0 0 0 
0 0 0 0 0 0 0 0 0 0 0 0 0 0 0 0 0 0 
0 0 0 0 0 0 0 0 0 0 0 0 0 0 0 0 0 0 
0 0 0 0 0 0 0 0 0 0 0 0 0 0 0 0 0 0 
0 0 0 0 0 0 0 0 0 0 0 0 0 0 0 0 0 0 
0 0 0 0 0 0 0 0 0 0 0 0 0 0 0 0 0 0 
0 0 0 0 0 0 0 0 0 0 0 0 0 0 0 0 0 0 
0 0 0 0 0 0 0 0 0 0 0 0 0 0 0 0 0 0 
0 0 0 0 0 0 0 0 0 0 0 0 0 0 0 0 0 0 
0 0 0 0 0 0 0 0 0 0 0 0 0 0 0 0 0 0 
0 0 0 0 0 0 0 0 0 0 0 0 0 0 0 0 0 0 

0 0 0 0 0 0 0 0 0 0 0 0 0 0 0 0 0 0 
0 0 0 0 0 0 0 0 0 0 0 0 0 0 0 0 0 0 
0 0 0 0 0 0 0 0 0 0 0 0 0 0 0 0 0 0 
0 0 0 0 0 0 0 0 0 0 0 0 0 0 0 0 0 0 
0 0 0 0 0 0 0 0 0 0 0 0 0 0 0 0 0 0 
0 0 0 0 0 0 0 0 0 0 0 0 0 0 0 0 0 0 
0 0 0 0 0 0 0 0 0 0 0 0 0 0 0 0 0 0 
0 0 0 0 0 0 0 0 0 0 0 0 0 0 0 0 0 0 
0 0 0 0 0 0 0 0 0 0 0 0 0 0 0 0 0 0 
0 0 0 0 0 0 0 0 0 0 0 0 0 0 0 0 0 0 
0 0 0 0 0 0 0 0 0 0 0 0 0 0 0 0 0 0 
0 0 0 0 0 0 0 0 0 0 0 0 0 0 0 0 0 0 
0 0 0 0 0 0 0 0 0 0 0 0 0 0 0 0 0 0 
0 0 0 0 0 0 0 0 0 0 0 0 0 0 0 0 0 0 
0 0 0 0 0 0 0 0 0 0 0 0 0 0 0 0 0 0 
0 0 0 0 0 0 0 0 0 0 0 0 0 0 0 0 0 0 
0 0 0 0 0 0 0 0 0 0 0 0 0 0 0 0 0 0 
0 0 0 0 0 0 0 0 0 0 0 0 0 0 0 0 0 0 

0 0 0 0 0 0 0 0 0 0 0 0 0 0 0 0 0 0 
0 0 0 0 0 0 0 0 0 0 0 0 0 0 0 0 0 0 
0 0 0 0 0 0 0 0 0 0 0 0 0 0 0 0 0 0 
0 0 0 0 0 0 0 0 0 0 0 0 0 0 0 0 0 0 
0 0 0 0 0 0 0 0 0 0 0 0 0 0 0 0 0 0 
0 0 0 0 0 0 0 0 0 0 0 0 0 0 0 0 0 0 
0 0 0 0 0 0 0 0 0 0 0 0 0 0 0 0 0 0 
0 0 0 0 0 0 0 0 0 0 0 0 0 0 0 0 0 0 
0 0 0 0 0 0 0 0 0 0 0 0 0 0 0 0 0 0 
0 0 0 0 0 0 0 0 0 0 0 0 0 0 0 0 0 0 
0 0 0 0 0 0 0 0 0 0 0 0 0 0 0 0 0 0 
0 0 0 0 0 0 0 0 0 0 0 0 0 0 0 0 0 0 
0 0 0 0 0 0 0 0 0 0 0 0 0 0 0 0 0 0 
0 0 0 0 0 0 0 0 0 0 0 0 0 0 0 0 0 0 
0 0 0 0 0 0 0 0 0 0 0 0 0 0 0 0 0 0 
0 0 0 0 0 0 0 0 0 0 0 0 0 0 0 0 0 0 
0 0 0 0 0 0 0 0 0 0 0 0 0 0 0 0 0 0 
0 0 0 0 0 0 0 0 0 0 0 0 0 0 0 0 0 0 

0 0 0 0 0 0 0 0 0 0 0 0 0 0 0 0 0 0 
0 0 0 0 0 0 0 0 0 0 0 0 0 0 0 0 0 0 
0 0 0 0 0 0 0 0 0 0 0 0 0 0 0 0 0 0 
0 0 0 0 0 0 0 0 0 0 0 0 0 0 0 0 0 0 
0 0 0 0 0 0 0 0 0 0 0 0 0 0 0 0 0 0 
0 0 0 0 0 0 0 0 0 0 0 0 0 0 0 0 0 0 
0 0 0 0 0 0 0 0 0 0 0 0 0 0 0 0 0 0 
0 0 0 0 0 0 0 0 0 0 0 0 0 0 0 0 0 0 
0 0 0 0 0 0 0 0 0 0 0 0 0 0 0 0 0 0 
0 0 0 0 0 0 0 0 0 0 0 0 0 0 0 0 0 0 
0 0 0 0 0 0 0 0 0 0 0 0 0 0 0 0 0 0 
0 0 0 0 0 0 0 0 0 0 0 0 0 0 0 0 0 0 
0 0 0 0 0 0 0 0 0 0 0 0 0 0 0 0 0 0 
0 0 0 0 0 0 0 0 0 0 0 0 0 0 0 0 0 0 
0 0 0 0 0 0 0 0 0 0 0 0 0 0 0 0 0 0 
0 0 0 0 0 0 0 0 0 0 0 0 0 0 0 0 0 0 
0 0 0 0 0 0 0 0 0 0 0 0 0 0 0 0 0 0 
0 0 0 0 0 0 0 0 0 0 0 0 0 0 0 0 0 0 

0 0 0 0 0 0 0 0 0 0 0 0 0 0 0 0 0 0 
0 0 0 0 0 0 0 0 0 0 0 0 0 0 0 0 0 0 
0 0 0 0 0 0 0 0 0 0 0 0 0 0 0 0 0 0 
0 0 0 0 0 0 0 0 0 0 0 0 0 0 0 0 0 0 
0 0 0 0 0 0 0 0 0 0 0 0 0 0 0 0 0 0 
0 0 0 0 0 0 0 0 0 0 0 0 0 0 0 0 0 0 
0 0 0 0 0 0 0 0 0 0 0 0 0 0 0 0 0 0 
0 0 0 0 0 0 0 0 0 0 0 0 0 0 0 0 0 0 
0 0 0 0 0 0 0 0 0 0 0 0 0 0 0 0 0 0 
0 0 0 0 0 0 0 0 0 0 0 0 0 0 0 0 0 0 
0 0 0 0 0 0 0 0 0 0 0 0 0 0 0 0 0 0 
0 0 0 0 0 0 0 0 0 0 0 0 0 0 0 0 0 0 
0 0 0 0 0 0 0 0 0 0 0 0 0 0 0 0 0 0 
0 0 0 0 0 0 0 0 0 0 0 0 0 0 0 0 0 0 
0 0 0 0 0 0 0 0 0 0 0 0 0 0 0 0 0 0 
0 0 0 0 0 0 0 0 0 0 0 0 0 0 0 0 0 0 
0 0 0 0 0 0 0 0 0 0 0 0 0 0 0 0 0 0 
0 0 0 0 0 0 0 0 0 0 0 0 0 0 0 0 0 0 

0 0 0 0 0 0 0 0 0 0 0 0 0 0 0 0 0 0 
0 0 0 0 0 0 0 0 0 0 0 0 0 0 0 0 0 0 
0 0 0 0 0 0 0 0 0 0 0 0 0 0 0 0 0 0 
0 0 0 0 0 0 0 0 0 0 0 0 0 0 0 0 0 0 
0 0 0 0 0 0 0 0 0 0 0 0 0 0 0 0 0 0 
0 0 0 0 0 0 0 0 0 0 0 0 0 0 0 0 0 0 
0 0 0 0 0 0 0 0 0 0 0 0 0 0 0 0 0 0 
0 0 0 0 0 0 0 0 0 0 0 0 0 0 0 0 0 0 
0 0 0 0 0 0 0 0 0 0 0 0 0 0 0 0 0 0 
0 0 0 0 0 0 0 0 0 0 0 0 0 0 0 0 0 0 
0 0 0 0 0 0 0 0 0 0 0 0 0 0 0 0 0 0 
0 0 0 0 0 0 0 0 0 0 0 0 0 0 0 0 0 0 
0 0 0 0 0 0 0 0 0 0 0 0 0 0 0 0 0 0 
0 0 0 0 0 0 0 0 0 0 0 0 0 0 0 0 0 0 
0 0 0 0 0 0 0 0 0 0 0 0 0 0 0 0 0 0 
0 0 0 0 0 0 0 0 0 0 0 0 0 0 0 0 0 0 
0 0 0 0 0 0 0 0 0 0 0 0 0 0 0 0 0 0 
0 0 0 0 0 0 0 0 0 0 0 0 0 0 0 0 0 0 

0 0 0 0 0 0 0 0 0 0 0 0 0 0 0 0 0 0 
0 0 0 0 0 0 0 0 0 0 0 0 0 0 0 0 0 0 
0 0 0 0 0 0 0 0 0 0 0 0 0 0 0 0 0 0 
0 0 0 0 0 0 0 0 0 0 0 0 0 0 0 0 0 0 
0 0 0 0 0 0 0 0 0 0 0 0 0 0 0 0 0 0 
0 0 0 0 0 0 0 0 0 0 0 0 0 0 0 0 0 0 
0 0 0 0 0 0 0 0 0 0 0 0 0 0 0 0 0 0 
0 0 0 0 0 0 0 0 0 0 0 0 0 0 0 0 0 0 
0 0 0 0 0 0 0 0 0 0 0 0 0 0 0 0 0 0 
0 0 0 0 0 0 0 0 0 0 0 0 0 0 0 0 0 0 
0 0 0 0 0 0 0 0 0 0 0 0 0 0 0 0 0 0 
0 0 0 0 0 0 0 0 0 0 0 0 0 0 0 0 0 0 
0 0 0 0 0 0 0 0 0 0 0 0 0 0 0 0 0 0 
0 0 0 0 0 0 0 0 0 0 0 0 0 0 0 0 0 0 
0 0 0 0 0 0 0 0 0 0 0 0 0 0 0 0 0 0 
0 0 0 0 0 0 0 0 0 0 0 0 0 0 0 0 0 0 
0 0 0 0 0 0 0 0 0 0 0 0 0 0 0 0 0 0 
0 0 0 0 0 0 0 0 0 0 0 0 0 0 0 0 0 0 

0 0 0 0 0 0 0 0 0 0 0 0 0 0 0 0 0 0 
0 0 0 0 0 0 0 0 0 0 0 0 0 0 0 0 0 0 
0 0 0 0 0 0 0 0 0 0 0 0 0 0 0 0 0 0 
0 0 0 0 0 0 0 0 0 0 0 0 0 0 0 0 0 0 
0 0 0 0 0 0 0 0 0 0 0 0 0 0 0 0 0 0 
0 0 0 0 0 0 0 0 0 0 0 0 0 0 0 0 0 0 
0 0 0 0 0 0 0 0 0 0 0 0 0 0 0 0 0 0 
0 0 0 0 0 0 0 0 0 0 0 0 0 0 0 0 0 0 
0 0 0 0 0 0 0 0 0 0 0 0 0 0 0 0 0 0 
0 0 0 0 0 0 0 0 0 0 0 0 0 0 0 0 0 0 
0 0 0 0 0 0 0 0 0 0 0 0 0 0 0 0 0 0 
0 0 0 0 0 0 0 0 0 0 0 0 0 0 0 0 0 0 
0 0 0 0 0 0 0 0 0 0 0 0 0 0 0 0 0 0 
0 0 0 0 0 0 0 0 0 0 0 0 0 0 0 0 0 0 
0 0 0 0 0 0 0 0 0 0 0 0 0 0 0 0 0 0 
0 0 0 0 0 0 0 0 0 0 0 0 0 0 0 0 0 0 
0 0 0 0 0 0 0 0 0 0 0 0 0 0 0 0 0 0 
0 0 0 0 0 0 0 0 0 0 0 0 0 0 0 0 0 0 

0 0 0 0 0 0 0 0 0 0 0 0 0 0 0 0 0 0 
0 0 0 0 0 0 0 0 0 0 0 0 0 0 0 0 0 0 
0 0 0 0 0 0 0 0 0 0 0 0 0 0 0 0 0 0 
0 0 0 0 0 0 0 0 0 0 0 0 0 0 0 0 0 0 
0 0 0 0 0 0 0 0 0 0 0 0 0 0 0 0 0 0 
0 0 0 0 0 0 0 0 0 0 0 0 0 0 0 0 0 0 
0 0 0 0 0 0 0 0 0 0 0 0 0 0 0 0 0 0 
0 0 0 0 0 0 0 0 0 0 0 0 0 0 0 0 0 0 
0 0 0 0 0 0 0 0 0 0 0 0 0 0 0 0 0 0 
0 0 0 0 0 0 0 0 0 0 0 0 0 0 0 0 0 0 
0 0 0 0 0 0 0 0 0 0 0 0 0 0 0 0 0 0 
0 0 0 0 0 0 0 0 0 0 0 0 0 0 0 0 0 0 
0 0 0 0 0 0 0 0 0 0 0 0 0 0 0 0 0 0 
0 0 0 0 0 0 0 0 0 0 0 0 0 0 0 0 0 0 
0 0 0 0 0 0 0 0 0 0 0 0 0 0 0 0 0 0 
0 0 0 0 0 0 0 0 0 0 0 0 0 0 0 0 0 0 
0 0 0 0 0 0 0 0 0 0 0 0 0 0 0 0 0 0 
0 0 0 0 0 0 0 0 0 0 0 0 0 0 0 0 0 0 

0 0 0 0 0 0 0 0 0 0 0 0 0 0 0 0 0 0 
0 0 0 0 0 0 0 0 0 0 0 0 0 0 0 0 0 0 
0 0 0 0 0 0 0 0 0 0 0 0 0 0 0 0 0 0 
0 0 0 0 0 0 0 0 0 0 0 0 0 0 0 0 0 0 
0 0 0 0 0 0 0 0 0 0 0 0 0 0 0 0 0 0 
0 0 0 0 0 0 0 0 0 0 0 0 0 0 0 0 0 0 
0 0 0 0 0 0 0 0 0 0 0 0 0 0 0 0 0 0 
0 0 0 0 0 0 0 0 0 0 0 0 0 0 0 0 0 0 
0 0 0 0 0 0 0 0 0 0 0 0 0 0 0 0 0 0 
0 0 0 0 0 0 0 0 0 0 0 0 0 0 0 0 0 0 
0 0 0 0 0 0 0 0 0 0 0 0 0 0 0 0 0 0 
0 0 0 0 0 0 0 0 0 0 0 0 0 0 0 0 0 0 
0 0 0 0 0 0 0 0 0 0 0 0 0 0 0 0 0 0 
0 0 0 0 0 0 0 0 0 0 0 0 0 0 0 0 0 0 
0 0 0 0 0 0 0 0 0 0 0 0 0 0 0 0 0 0 
0 0 0 0 0 0 0 0 0 0 0 0 0 0 0 0 0 0 
0 0 0 0 0 0 0 0 0 0 0 0 0 0 0 0 0 0 
0 0 0 0 0 0 0 0 0 0 0 0 0 0 0 0 0 0 

0 0 0 0 0 0 0 0 0 0 0 0 0 0 0 0 0 0 
0 0 0 0 0 0 0 0 0 0 0 0 0 0 0 0 0 0 
0 0 0 0 0 0 0 0 0 0 0 0 0 0 0 0 0 0 
0 0 0 0 0 0 0 0 0 0 0 0 0 0 0 0 0 0 
0 0 0 0 0 0 0 0 0 0 0 0 0 0 0 0 0 0 
0 0 0 0 0 0 0 0 0 0 0 0 0 0 0 0 0 0 
0 0 0 0 0 0 0 0 0 0 0 0 0 0 0 0 0 0 
0 0 0 0 0 0 0 0 0 0 0 0 0 0 0 0 0 0 
0 0 0 0 0 0 0 0 0 0 0 0 0 0 0 0 0 0 
0 0 0 0 0 0 0 0 0 0 0 0 0 0 0 0 0 0 
0 0 0 0 0 0 0 0 0 0 0 0 0 0 0 0 0 0 
0 0 0 0 0 0 0 0 0 0 0 0 0 0 0 0 0 0 
0 0 0 0 0 0 0 0 0 0 0 0 0 0 0 0 0 0 
0 0 0 0 0 0 0 0 0 0 0 0 0 0 0 0 0 0 
0 0 0 0 0 0 0 0 0 0 0 0 0 0 0 0 0 0 
0 0 0 0 0 0 0 0 0 0 0 0 0 0 0 0 0 0 
0 0 0 0 0 0 0 0 0 0 0 0 0 0 0 0 0 0 
0 0 0 0 0 0 0 0 0 0 0 0 0 0 0 0 0 0 

0 0 0 0 0 0 0 0 0 0 0 0 0 0 0 0 0 0 
0 0 0 0 0 0 0 0 0 0 0 0 0 0 0 0 0 0 
0 0 0 0 0 0 0 0 0 0 0 0 0 0 0 0 0 0 
0 0 0 0 0 0 0 0 0 0 0 0 0 0 0 0 0 0 
0 0 0 0 0 0 0 0 0 0 0 0 0 0 0 0 0 0 
0 0 0 0 0 0 0 0 0 0 0 0 0 0 0 0 0 0 
0 0 0 0 0 0 0 0 0 0 0 0 0 0 0 0 0 0 
0 0 0 0 0 0 0 0 0 0 0 0 0 0 0 0 0 0 
0 0 0 0 0 0 0 0 0 0 0 0 0 0 0 0 0 0 
0 0 0 0 0 0 0 0 0 0 0 0 0 0 0 0 0 0 
0 0 0 0 0 0 0 0 0 0 0 0 0 0 0 0 0 0 
0 0 0 0 0 0 0 0 0 0 0 0 0 0 0 0 0 0 
0 0 0 0 0 0 0 0 0 0 0 0 0 0 0 0 0 0 
0 0 0 0 0 0 0 0 0 0 0 0 0 0 0 0 0 0 
0 0 0 0 0 0 0 0 0 0 0 0 0 0 0 0 0 0 
0 0 0 0 0 0 0 0 0 0 0 0 0 0 0 0 0 0 
0 0 0 0 0 0 0 0 0 0 0 0 0 0 0 0 0 0 
0 0 0 0 0 0 0 0 0 0 0 0 0 0 0 0 0 0 

0 0 0 0 0 0 0 0 0 0 0 0 0 0 0 0 0 0 
0 0 0 0 0 0 0 0 0 0 0 0 0 0 0 0 0 0 
0 0 0 0 0 0 0 0 0 0 0 0 0 0 0 0 0 0 
0 0 0 0 0 0 0 0 0 0 0 0 0 0 0 0 0 0 
0 0 0 0 0 0 0 0 0 0 0 0 0 0 0 0 0 0 
0 0 0 0 0 0 0 0 0 0 0 0 0 0 0 0 0 0 
0 0 0 0 0 0 0 0 0 0 0 0 0 0 0 0 0 0 
0 0 0 0 0 0 0 0 0 0 0 0 0 0 0 0 0 0 
0 0 0 0 0 0 0 0 0 0 0 0 0 0 0 0 0 0 
0 0 0 0 0 0 0 0 0 0 0 0 0 0 0 0 0 0 
0 0 0 0 0 0 0 0 0 0 0 0 0 0 0 0 0 0 
0 0 0 0 0 0 0 0 0 0 0 0 0 0 0 0 0 0 
0 0 0 0 0 0 0 0 0 0 0 0 0 0 0 0 0 0 
0 0 0 0 0 0 0 0 0 0 0 0 0 0 0 0 0 0 
0 0 0 0 0 0 0 0 0 0 0 0 0 0 0 0 0 0 
0 0 0 0 0 0 0 0 0 0 0 0 0 0 0 0 0 0 
0 0 0 0 0 0 0 0 0 0 0 0 0 0 0 0 0 0 
0 0 0 0 0 0 0 0 0 0 0 0 0 0 0 0 0 0 

0 0 0 0 0 0 0 0 0 0 0 0 0 0 0 0 0 0 
0 0 0 0 0 0 0 0 0 0 0 0 0 0 0 0 0 0 
0 0 0 0 0 0 0 0 0 0 0 0 0 0 0 0 0 0 
0 0 0 0 0 0 0 0 0 0 0 0 0 0 0 0 0 0 
0 0 0 0 0 0 0 0 0 0 0 0 0 0 0 0 0 0 
0 0 0 0 0 0 0 0 0 0 0 0 0 0 0 0 0 0 
0 0 0 0 0 0 0 0 0 0 0 0 0 0 0 0 0 0 
0 0 0 0 0 0 0 0 0 0 0 0 0 0 0 0 0 0 
0 0 0 0 0 0 0 0 0 0 0 0 0 0 0 0 0 0 
0 0 0 0 0 0 0 0 0 0 0 0 0 0 0 0 0 0 
0 0 0 0 0 0 0 0 0 0 0 0 0 0 0 0 0 0 
0 0 0 0 0 0 0 0 0 0 0 0 0 0 0 0 0 0 
0 0 0 0 0 0 0 0 0 0 0 0 0 0 0 0 0 0 
0 0 0 0 0 0 0 0 0 0 0 0 0 0 0 0 0 0 
0 0 0 0 0 0 0 0 0 0 0 0 0 0 0 0 0 0 
0 0 0 0 0 0 0 0 0 0 0 0 0 0 0 0 0 0 
0 0 0 0 0 0 0 0 0 0 0 0 0 0 0 0 0 0 
0 0 0 0 0 0 0 0 0 0 0 0 0 0 0 0 0 0 

0 0 0 0 0 0 0 0 0 0 0 0 0 0 0 0 0 0 
0 0 0 0 0 0 0 0 0 0 0 0 0 0 0 0 0 0 
0 0 0 0 0 0 0 0 0 0 0 0 0 0 0 0 0 0 
0 0 0 0 0 0 0 0 0 0 0 0 0 0 0 0 0 0 
0 0 0 0 0 0 0 0 0 0 0 0 0 0 0 0 0 0 
0 0 0 0 0 0 0 0 0 0 0 0 0 0 0 0 0 0 
0 0 0 0 0 0 0 0 0 0 0 0 0 0 0 0 0 0 
0 0 0 0 0 0 0 0 0 0 0 0 0 0 0 0 0 0 
0 0 0 0 0 0 0 0 0 0 0 0 0 0 0 0 0 0 
0 0 0 0 0 0 0 0 0 0 0 0 0 0 0 0 0 0 
0 0 0 0 0 0 0 0 0 0 0 0 0 0 0 0 0 0 
0 0 0 0 0 0 0 0 0 0 0 0 0 0 0 0 0 0 
0 0 0 0 0 0 0 0 0 0 0 0 0 0 0 0 0 0 
0 0 0 0 0 0 0 0 0 0 0 0 0 0 0 0 0 0 
0 0 0 0 0 0 0 0 0 0 0 0 0 0 0 0 0 0 
0 0 0 0 0 0 0 0 0 0 0 0 0 0 0 0 0 0 
0 0 0 0 0 0 0 0 0 0 0 0 0 0 0 0 0 0 
0 0 0 0 0 0 0 0 0 0 0 0 0 0 0 0 0 0 

0 0 0 0 0 0 0 0 0 0 0 0 0 0 0 0 0 0 
0 0 0 0 0 0 0 0 0 0 0 0 0 0 0 0 0 0 
0 0 0 0 0 0 0 0 0 0 0 0 0 0 0 0 0 0 
0 0 0 0 0 0 0 0 0 0 0 0 0 0 0 0 0 0 
0 0 0 0 0 0 0 0 0 0 0 0 0 0 0 0 0 0 
0 0 0 0 0 0 0 0 0 0 0 0 0 0 0 0 0 0 
0 0 0 0 0 0 0 0 0 0 0 0 0 0 0 0 0 0 
0 0 0 0 0 0 0 0 0 0 0 0 0 0 0 0 0 0 
0 0 0 0 0 0 0 0 0 0 0 0 0 0 0 0 0 0 
0 0 0 0 0 0 0 0 0 0 0 0 0 0 0 0 0 0 
0 0 0 0 0 0 0 0 0 0 0 0 0 0 0 0 0 0 
0 0 0 0 0 0 0 0 0 0 0 0 0 0 0 0 0 0 
0 0 0 0 0 0 0 0 0 0 0 0 0 0 0 0 0 0 
0 0 0 0 0 0 0 0 0 0 0 0 0 0 0 0 0 0 
0 0 0 0 0 0 0 0 0 0 0 0 0 0 0 0 0 0 
0 0 0 0 0 0 0 0 0 0 0 0 0 0 0 0 0 0 
0 0 0 0 0 0 0 0 0 0 0 0 0 0 0 0 0 0 
0 0 0 0 0 0 0 0 0 0 0 0 0 0 0 0 0 0 

0 0 0 0 0 0 0 0 0 0 0 0 0 0 0 0 0 0 
0 0 0 0 0 0 0 0 0 0 0 0 0 0 0 0 0 0 
0 0 0 0 0 0 0 0 0 0 0 0 0 0 0 0 0 0 
0 0 0 0 0 0 0 0 0 0 0 0 0 0 0 0 0 0 
0 0 0 0 0 0 0 0 0 0 0 0 0 0 0 0 0 0 
0 0 0 0 0 0 0 0 0 0 0 0 0 0 0 0 0 0 
0 0 0 0 0 0 0 0 0 0 0 0 0 0 0 0 0 0 
0 0 0 0 0 0 0 0 0 0 0 0 0 0 0 0 0 0 
0 0 0 0 0 0 0 0 0 0 0 0 0 0 0 0 0 0 
0 0 0 0 0 0 0 0 0 0 0 0 0 0 0 0 0 0 
0 0 0 0 0 0 0 0 0 0 0 0 0 0 0 0 0 0 
0 0 0 0 0 0 0 0 0 0 0 0 0 0 0 0 0 0 
0 0 0 0 0 0 0 0 0 0 0 0 0 0 0 0 0 0 
0 0 0 0 0 0 0 0 0 0 0 0 0 0 0 0 0 0 
0 0 0 0 0 0 0 0 0 0 0 0 0 0 0 0 0 0 
0 0 0 0 0 0 0 0 0 0 0 0 0 0 0 0 0 0 
0 0 0 0 0 0 0 0 0 0 0 0 0 0 0 0 0 0 
0 0 0 0 0 0 0 0 0 0 0 0 0 0 0 0 0 0 

0 0 0 0 0 0 0 0 0 0 0 0 0 0 0 0 0 0 
0 0 0 0 0 0 0 0 0 0 0 0 0 0 0 0 0 0 
0 0 0 0 0 0 0 0 0 0 0 0 0 0 0 0 0 0 
0 0 0 0 0 0 0 0 0 0 0 0 0 0 0 0 0 0 
0 0 0 0 0 0 0 0 0 0 0 0 0 0 0 0 0 0 
0 0 0 0 0 0 0 0 0 0 0 0 0 0 0 0 0 0 
0 0 0 0 0 0 0 0 0 0 0 0 0 0 0 0 0 0 
0 0 0 0 0 0 0 0 0 0 0 0 0 0 0 0 0 0 
0 0 0 0 0 0 0 0 0 0 0 0 0 0 0 0 0 0 
0 0 0 0 0 0 0 0 0 0 0 0 0 0 0 0 0 0 
0 0 0 0 0 0 0 0 0 0 0 0 0 0 0 0 0 0 
0 0 0 0 0 0 0 0 0 0 0 0 0 0 0 0 0 0 
0 0 0 0 0 0 0 0 0 0 0 0 0 0 0 0 0 0 
0 0 0 0 0 0 0 0 0 0 0 0 0 0 0 0 0 0 
0 0 0 0 0 0 0 0 0 0 0 0 0 0 0 0 0 0 
0 0 0 0 0 0 0 0 0 0 0 0 0 0 0 0 0 0 
0 0 0 0 0 0 0 0 0 0 0 0 0 0 0 0 0 0 
0 0 0 0 0 0 0 0 0 0 0 0 0 0 0 0 0 0 

0 0 0 0 0 0 0 0 0 0 0 0 0 0 0 0 0 0 
0 0 0 0 0 0 0 0 0 0 0 0 0 0 0 0 0 0 
0 0 0 0 0 0 0 0 0 0 0 0 0 0 0 0 0 0 
0 0 0 0 0 0 0 0 0 0 0 0 0 0 0 0 0 0 
0 0 0 0 0 0 0 0 0 0 0 0 0 0 0 0 0 0 
0 0 0 0 0 0 0 0 0 0 0 0 0 0 0 0 0 0 
0 0 0 0 0 0 0 0 0 0 0 0 0 0 0 0 0 0 
0 0 0 0 0 0 0 0 0 0 0 0 0 0 0 0 0 0 
0 0 0 0 0 0 0 0 0 0 0 0 0 0 0 0 0 0 
0 0 0 0 0 0 0 0 0 0 0 0 0 0 0 0 0 0 
0 0 0 0 0 0 0 0 0 0 0 0 0 0 0 0 0 0 
0 0 0 0 0 0 0 0 0 0 0 0 0 0 0 0 0 0 
0 0 0 0 0 0 0 0 0 0 0 0 0 0 0 0 0 0 
0 0 0 0 0 0 0 0 0 0 0 0 0 0 0 0 0 0 
0 0 0 0 0 0 0 0 0 0 0 0 0 0 0 0 0 0 
0 0 0 0 0 0 0 0 0 0 0 0 0 0 0 0 0 0 
0 0 0 0 0 0 0 0 0 0 0 0 0 0 0 0 0 0 
0 0 0 0 0 0 0 0 0 0 0 0 0 0 0 0 0 0 

0 0 0 0 0 0 0 0 0 0 0 0 0 0 0 0 0 0 
0 0 0 0 0 0 0 0 0 0 0 0 0 0 0 0 0 0 
0 0 0 0 0 0 0 0 0 0 0 0 0 0 0 0 0 0 
0 0 0 0 0 0 0 0 0 0 0 0 0 0 0 0 0 0 
0 0 0 0 0 0 0 0 0 0 0 0 0 0 0 0 0 0 
0 0 0 0 0 0 0 0 0 0 0 0 0 0 0 0 0 0 
0 0 0 0 0 0 0 0 0 0 0 0 0 0 0 0 0 0 
0 0 0 0 0 0 0 0 0 0 0 0 0 0 0 0 0 0 
0 0 0 0 0 0 0 0 0 0 0 0 0 0 0 0 0 0 
0 0 0 0 0 0 0 0 0 0 0 0 0 0 0 0 0 0 
0 0 0 0 0 0 0 0 0 0 0 0 0 0 0 0 0 0 
0 0 0 0 0 0 0 0 0 0 0 0 0 0 0 0 0 0 
0 0 0 0 0 0 0 0 0 0 0 0 0 0 0 0 0 0 
0 0 0 0 0 0 0 0 0 0 0 0 0 0 0 0 0 0 
0 0 0 0 0 0 0 0 0 0 0 0 0 0 0 0 0 0 
0 0 0 0 0 0 0 0 0 0 0 0 0 0 0 0 0 0 
0 0 0 0 0 0 0 0 0 0 0 0 0 0 0 0 0 0 
0 0 0 0 0 0 0 0 0 0 0 0 0 0 0 0 0 0 

0 0 0 0 0 0 0 0 0 0 0 0 0 0 0 0 0 0 
0 0 0 0 0 0 0 0 0 0 0 0 0 0 0 0 0 0 
0 0 0 0 0 0 0 0 0 0 0 0 0 0 0 0 0 0 
0 0 0 0 0 0 0 0 0 0 0 0 0 0 0 0 0 0 
0 0 0 0 0 0 0 0 0 0 0 0 0 0 0 0 0 0 
0 0 0 0 0 0 0 0 0 0 0 0 0 0 0 0 0 0 
0 0 0 0 0 0 0 0 0 0 0 0 0 0 0 0 0 0 
0 0 0 0 0 0 0 0 0 0 0 0 0 0 0 0 0 0 
0 0 0 0 0 0 0 0 0 0 0 0 0 0 0 0 0 0 
0 0 0 0 0 0 0 0 0 0 0 0 0 0 0 0 0 0 
0 0 0 0 0 0 0 0 0 0 0 0 0 0 0 0 0 0 
0 0 0 0 0 0 0 0 0 0 0 0 0 0 0 0 0 0 
0 0 0 0 0 0 0 0 0 0 0 0 0 0 0 0 0 0 
0 0 0 0 0 0 0 0 0 0 0 0 0 0 0 0 0 0 
0 0 0 0 0 0 0 0 0 0 0 0 0 0 0 0 0 0 
0 0 0 0 0 0 0 0 0 0 0 0 0 0 0 0 0 0 
0 0 0 0 0 0 0 0 0 0 0 0 0 0 0 0 0 0 
0 0 0 0 0 0 0 0 0 0 0 0 0 0 0 0 0 0 

0 0 0 0 0 0 0 0 0 0 0 0 0 0 0 0 0 0 
0 0 0 0 0 0 0 0 0 0 0 0 0 0 0 0 0 0 
0 0 0 0 0 0 0 0 0 0 0 0 0 0 0 0 0 0 
0 0 0 0 0 0 0 0 0 0 0 0 0 0 0 0 0 0 
0 0 0 0 0 0 0 0 0 0 0 0 0 0 0 0 0 0 
0 0 0 0 0 0 0 0 0 0 0 0 0 0 0 0 0 0 
0 0 0 0 0 0 0 0 0 0 0 0 0 0 0 0 0 0 
0 0 0 0 0 0 0 0 0 0 0 0 0 0 0 0 0 0 
0 0 0 0 0 0 0 0 0 0 0 0 0 0 0 0 0 0 
0 0 0 0 0 0 0 0 0 0 0 0 0 0 0 0 0 0 
0 0 0 0 0 0 0 0 0 0 0 0 0 0 0 0 0 0 
0 0 0 0 0 0 0 0 0 0 0 0 0 0 0 0 0 0 
0 0 0 0 0 0 0 0 0 0 0 0 0 0 0 0 0 0 
0 0 0 0 0 0 0 0 0 0 0 0 0 0 0 0 0 0 
0 0 0 0 0 0 0 0 0 0 0 0 0 0 0 0 0 0 
0 0 0 0 0 0 0 0 0 0 0 0 0 0 0 0 0 0 
0 0 0 0 0 0 0 0 0 0 0 0 0 0 0 0 0 0 
0 0 0 0 0 0 0 0 0 0 0 0 0 0 0 0 0 0 

0 0 0 0 0 0 0 0 0 0 0 0 0 0 0 0 0 0 
0 0 0 0 0 0 0 0 0 0 0 0 0 0 0 0 0 0 
0 0 0 0 0 0 0 0 0 0 0 0 0 0 0 0 0 0 
0 0 0 0 0 0 0 0 0 0 0 0 0 0 0 0 0 0 
0 0 0 0 0 0 0 0 0 0 0 0 0 0 0 0 0 0 
0 0 0 0 0 0 0 0 0 0 0 0 0 0 0 0 0 0 
0 0 0 0 0 0 0 0 0 0 0 0 0 0 0 0 0 0 
0 0 0 0 0 0 0 0 0 0 0 0 0 0 0 0 0 0 
0 0 0 0 0 0 0 0 0 0 0 0 0 0 0 0 0 0 
0 0 0 0 0 0 0 0 0 0 0 0 0 0 0 0 0 0 
0 0 0 0 0 0 0 0 0 0 0 0 0 0 0 0 0 0 
0 0 0 0 0 0 0 0 0 0 0 0 0 0 0 0 0 0 
0 0 0 0 0 0 0 0 0 0 0 0 0 0 0 0 0 0 
0 0 0 0 0 0 0 0 0 0 0 0 0 0 0 0 0 0 
0 0 0 0 0 0 0 0 0 0 0 0 0 0 0 0 0 0 
0 0 0 0 0 0 0 0 0 0 0 0 0 0 0 0 0 0 
0 0 0 0 0 0 0 0 0 0 0 0 0 0 0 0 0 0 
0 0 0 0 0 0 0 0 0 0 0 0 0 0 0 0 0 0 

0 0 0 0 0 0 0 0 0 0 0 0 0 0 0 0 0 0 
0 0 0 0 0 0 0 0 0 0 0 0 0 0 0 0 0 0 
0 0 0 0 0 0 0 0 0 0 0 0 0 0 0 0 0 0 
0 0 0 0 0 0 0 0 0 0 0 0 0 0 0 0 0 0 
0 0 0 0 0 0 0 0 0 0 0 0 0 0 0 0 0 0 
0 0 0 0 0 0 0 0 0 0 0 0 0 0 0 0 0 0 
0 0 0 0 0 0 0 0 0 0 0 0 0 0 0 0 0 0 
0 0 0 0 0 0 0 0 0 0 0 0 0 0 0 0 0 0 
0 0 0 0 0 0 0 0 0 0 0 0 0 0 0 0 0 0 
0 0 0 0 0 0 0 0 0 0 0 0 0 0 0 0 0 0 
0 0 0 0 0 0 0 0 0 0 0 0 0 0 0 0 0 0 
0 0 0 0 0 0 0 0 0 0 0 0 0 0 0 0 0 0 
0 0 0 0 0 0 0 0 0 0 0 0 0 0 0 0 0 0 
0 0 0 0 0 0 0 0 0 0 0 0 0 0 0 0 0 0 
0 0 0 0 0 0 0 0 0 0 0 0 0 0 0 0 0 0 
0 0 0 0 0 0 0 0 0 0 0 0 0 0 0 0 0 0 
0 0 0 0 0 0 0 0 0 0 0 0 0 0 0 0 0 0 
0 0 0 0 0 0 0 0 0 0 0 0 0 0 0 0 0 0 
