1 0.998131 0.995656 0.985081 0.971253 0.952019 0.926675 0.894775 0.854006 0.806094 0.751812 0.692137 0.626441 0.556441 0.480991 0.401319 0.313497 0.215137 
0.749009 0.380591 0.235231 0.137672 0.0800344 0.0449219 0.0233687 0.0103094 0.00357187 0.000921875 0.00015 1.875e-05 0 0 0 0 0 0 
0.602209 0.180669 0.0663219 0.0165562 0.00326875 0.000453125 2.8125e-05 0 0 0 0 0 0 0 0 0 0 0 
0.487337 0.0924844 0.0200187 0.00185312 7.5e-05 0 0 0 0 0 0 0 0 0 0 0 0 0 
0.387281 0.0428156 0.00464687 0.00011875 0 0 0 0 0 0 0 0 0 0 0 0 0 0 
0.300166 0.0170188 0.000721875 3.125e-06 0 0 0 0 0 0 0 0 0 0 0 0 0 0 
0.225359 0.00544688 5e-05 0 0 0 0 0 0 0 0 0 0 0 0 0 0 0 
0.162853 0.00121875 6.25e-06 0 0 0 0 0 0 0 0 0 0 0 0 0 0 0 
0.113906 0.000196875 0 0 0 0 0 0 0 0 0 0 0 0 0 0 0 0 
0.0761563 3.4375e-05 0 0 0 0 0 0 0 0 0 0 0 0 0 0 0 0 
0.048275 0 0 0 0 0 0 0 0 0 0 0 0 0 0 0 0 0 
0.0283781 0 0 0 0 0 0 0 0 0 0 0 0 0 0 0 0 0 
0.0155562 0 0 0 0 0 0 0 0 0 0 0 0 0 0 0 0 0 
0.00729063 0 0 0 0 0 0 0 0 0 0 0 0 0 0 0 0 0 
0.002875 0 0 0 0 0 0 0 0 0 0 0 0 0 0 0 0 0 
0.000890625 0 0 0 0 0 0 0 0 0 0 0 0 0 0 0 0 0 
0.000171875 0 0 0 0 0 0 0 0 0 0 0 0 0 0 0 0 0 
2.1875e-05 0 0 0 0 0 0 0 0 0 0 0 0 0 0 0 0 0 

1 0.997763 0.994006 0.978287 0.954612 0.925475 0.883494 0.8329 0.773831 0.706906 0.636444 0.563469 0.491381 0.419962 0.3479 0.278412 0.205419 0.137331 
0.824512 0.5896 0.4183 0.269488 0.161131 0.0941062 0.049625 0.0229125 0.007375 0.00201875 0.00051875 0.0001875 2.5e-05 1.875e-05 6.25e-06 6.25e-06 6.25e-06 0 
0.672337 0.318188 0.135194 0.0382687 0.00676875 0.00108125 0.00010625 6.25e-06 1.25e-05 0 0 0 0 0 0 0 0 0 
0.541969 0.171144 0.0442 0.00455625 0.000175 3.125e-05 0 0 0 0 0 0 0 0 0 0 0 0 
0.419506 0.0806 0.0107625 0.00030625 0 0 0 0 0 0 0 0 0 0 0 0 0 0 
0.315687 0.0325563 0.00179375 1.875e-05 0 0 0 0 0 0 0 0 0 0 0 0 0 0 
0.225656 0.0103312 0.0002375 6.25e-06 0 0 0 0 0 0 0 0 0 0 0 0 0 0 
0.15525 0.0025125 1.25e-05 0 0 0 0 0 0 0 0 0 0 0 0 0 0 0 
0.101256 0.00046875 0 0 0 0 0 0 0 0 0 0 0 0 0 0 0 0 
0.0639375 0.00010625 0 0 0 0 0 0 0 0 0 0 0 0 0 0 0 0 
0.0379687 6.25e-06 0 0 0 0 0 0 0 0 0 0 0 0 0 0 0 0 
0.0214625 0 0 0 0 0 0 0 0 0 0 0 0 0 0 0 0 0 
0.0110187 0 0 0 0 0 0 0 0 0 0 0 0 0 0 0 0 0 
0.00480625 0 0 0 0 0 0 0 0 0 0 0 0 0 0 0 0 0 
0.00165 0 0 0 0 0 0 0 0 0 0 0 0 0 0 0 0 0 
0.00051875 0 0 0 0 0 0 0 0 0 0 0 0 0 0 0 0 0 
8.75e-05 0 0 0 0 0 0 0 0 0 0 0 0 0 0 0 0 0 
6.25e-06 0 0 0 0 0 0 0 0 0 0 0 0 0 0 0 0 0 

1 0.998537 0.997069 0.990631 0.982331 0.972819 0.961637 0.947356 0.927531 0.903394 0.873769 0.837275 0.794144 0.74175 0.678169 0.601412 0.502869 0.3598 
0.6267 0.0400562 0.0132 0.0056625 0.0029625 0.00161875 0.00084375 0.00036875 0.0001875 3.75e-05 0 0 0 0 0 0 0 0 
0.484137 0.00971875 0.001325 0.0001875 2.5e-05 6.25e-06 0 0 0 0 0 0 0 0 0 0 0 0 
0.393137 0.004275 0.000225 6.25e-06 0 0 0 0 0 0 0 0 0 0 0 0 0 0 
0.320375 0.00179375 7.5e-05 0 0 0 0 0 0 0 0 0 0 0 0 0 0 0 
0.26045 0.00089375 1.25e-05 0 0 0 0 0 0 0 0 0 0 0 0 0 0 0 
0.209362 0.00029375 0 0 0 0 0 0 0 0 0 0 0 0 0 0 0 0 
0.1642 0.0001 0 0 0 0 0 0 0 0 0 0 0 0 0 0 0 0 
0.126344 1.875e-05 0 0 0 0 0 0 0 0 0 0 0 0 0 0 0 0 
0.0945625 0 0 0 0 0 0 0 0 0 0 0 0 0 0 0 0 0 
0.0669312 0 0 0 0 0 0 0 0 0 0 0 0 0 0 0 0 0 
0.0445812 0 0 0 0 0 0 0 0 0 0 0 0 0 0 0 0 0 
0.0281 0 0 0 0 0 0 0 0 0 0 0 0 0 0 0 0 0 
0.0155937 0 0 0 0 0 0 0 0 0 0 0 0 0 0 0 0 0 
0.00770625 0 0 0 0 0 0 0 0 0 0 0 0 0 0 0 0 0 
0.0027625 0 0 0 0 0 0 0 0 0 0 0 0 0 0 0 0 0 
0.0006 0 0 0 0 0 0 0 0 0 0 0 0 0 0 0 0 0 
6.875e-05 0 0 0 0 0 0 0 0 0 0 0 0 0 0 0 0 0 

1 0.997 0.99185 0.971237 0.93315 0.8949 0.834112 0.767862 0.691137 0.606037 0.520988 0.443338 0.367362 0.30215 0.242125 0.19065 0.138213 0.0941375 
0.870562 0.744162 0.594025 0.423562 0.265687 0.163625 0.0870125 0.0423875 0.0148875 0.0043 0.0012625 0.000425 0.0001375 5e-05 2.5e-05 2.5e-05 0 0 
0.7083 0.446225 0.218038 0.0697 0.01195 0.0028875 0.0003 6.25e-05 2.5e-05 1.25e-05 0 0 0 0 0 0 0 0 
0.564475 0.253175 0.07655 0.010475 0.0005 8.75e-05 1.25e-05 1.25e-05 0 0 0 0 0 0 0 0 0 0 
0.42425 0.120275 0.018775 0.0010375 1.25e-05 0 0 0 0 0 0 0 0 0 0 0 0 0 
0.301488 0.0487 0.0039625 0.00015 0 0 0 0 0 0 0 0 0 0 0 0 0 0 
0.20205 0.0154375 0.0006 2.5e-05 0 0 0 0 0 0 0 0 0 0 0 0 0 0 
0.130987 0.0040625 6.25e-05 0 0 0 0 0 0 0 0 0 0 0 0 0 0 0 
0.078075 0.00075 1.25e-05 0 0 0 0 0 0 0 0 0 0 0 0 0 0 0 
0.0442 0.000175 0 0 0 0 0 0 0 0 0 0 0 0 0 0 0 0 
0.0235375 2.5e-05 0 0 0 0 0 0 0 0 0 0 0 0 0 0 0 0 
0.0114 0 0 0 0 0 0 0 0 0 0 0 0 0 0 0 0 0 
0.0057125 0 0 0 0 0 0 0 0 0 0 0 0 0 0 0 0 0 
0.002175 0 0 0 0 0 0 0 0 0 0 0 0 0 0 0 0 0 
0.0005875 0 0 0 0 0 0 0 0 0 0 0 0 0 0 0 0 0 
0.0002375 0 0 0 0 0 0 0 0 0 0 0 0 0 0 0 0 0 
6.25e-05 0 0 0 0 0 0 0 0 0 0 0 0 0 0 0 0 0 
0 0 0 0 0 0 0 0 0 0 0 0 0 0 0 0 0 0 

1 0.998475 0.996162 0.9885 0.97935 0.968612 0.952163 0.933762 0.9103 0.879175 0.843912 0.801488 0.75235 0.695188 0.625612 0.544962 0.445287 0.312825 
0.668812 0.148925 0.067975 0.034925 0.0195375 0.011375 0.0060625 0.002725 0.0008375 0.0003375 5e-05 0 0 0 0 0 0 0 
0.5184 0.050675 0.011825 0.0022375 0.0003375 3.75e-05 0 0 0 0 0 0 0 0 0 0 0 0 
0.417575 0.0234625 0.0031375 0.00025 0 0 0 0 0 0 0 0 0 0 0 0 0 0 
0.337287 0.01085 0.0006375 0 0 0 0 0 0 0 0 0 0 0 0 0 0 0 
0.271875 0.004625 2.5e-05 0 0 0 0 0 0 0 0 0 0 0 0 0 0 0 
0.213987 0.0015375 0 0 0 0 0 0 0 0 0 0 0 0 0 0 0 0 
0.1679 0.000425 0 0 0 0 0 0 0 0 0 0 0 0 0 0 0 0 
0.125675 0.000125 0 0 0 0 0 0 0 0 0 0 0 0 0 0 0 0 
0.0913125 0 0 0 0 0 0 0 0 0 0 0 0 0 0 0 0 0 
0.0645875 0 0 0 0 0 0 0 0 0 0 0 0 0 0 0 0 0 
0.0421625 0 0 0 0 0 0 0 0 0 0 0 0 0 0 0 0 0 
0.0258 0 0 0 0 0 0 0 0 0 0 0 0 0 0 0 0 0 
0.01405 0 0 0 0 0 0 0 0 0 0 0 0 0 0 0 0 0 
0.006775 0 0 0 0 0 0 0 0 0 0 0 0 0 0 0 0 0 
0.0023125 0 0 0 0 0 0 0 0 0 0 0 0 0 0 0 0 0 
0.000425 0 0 0 0 0 0 0 0 0 0 0 0 0 0 0 0 0 
0 0 0 0 0 0 0 0 0 0 0 0 0 0 0 0 0 0 

1 0.998137 0.9963 0.988475 0.979287 0.9677 0.9529 0.932137 0.9102 0.879 0.842237 0.798187 0.7438 0.681987 0.60885 0.522438 0.413787 0.274612 
0.7063 0.101575 0.038125 0.017575 0.0093125 0.0051625 0.002875 0.001225 0.0004 8.75e-05 1.25e-05 1.25e-05 0 0 0 0 0 0 
0.557825 0.0279125 0.0040125 0.0006125 5e-05 0 0 0 0 0 0 0 0 0 0 0 0 0 
0.455762 0.011825 0.0009625 3.75e-05 0 0 0 0 0 0 0 0 0 0 0 0 0 0 
0.375662 0.00525 0.0002 0 0 0 0 0 0 0 0 0 0 0 0 0 0 0 
0.304062 0.0024125 1.25e-05 0 0 0 0 0 0 0 0 0 0 0 0 0 0 0 
0.243562 0.0008 0 0 0 0 0 0 0 0 0 0 0 0 0 0 0 0 
0.192975 0.000125 0 0 0 0 0 0 0 0 0 0 0 0 0 0 0 0 
0.145987 7.5e-05 0 0 0 0 0 0 0 0 0 0 0 0 0 0 0 0 
0.1083 2.5e-05 0 0 0 0 0 0 0 0 0 0 0 0 0 0 0 0 
0.0764875 0 0 0 0 0 0 0 0 0 0 0 0 0 0 0 0 0 
0.051025 0 0 0 0 0 0 0 0 0 0 0 0 0 0 0 0 0 
0.031925 0 0 0 0 0 0 0 0 0 0 0 0 0 0 0 0 0 
0.0176875 0 0 0 0 0 0 0 0 0 0 0 0 0 0 0 0 0 
0.008275 0 0 0 0 0 0 0 0 0 0 0 0 0 0 0 0 0 
0.0028875 0 0 0 0 0 0 0 0 0 0 0 0 0 0 0 0 0 
0.0005375 0 0 0 0 0 0 0 0 0 0 0 0 0 0 0 0 0 
2.5e-05 0 0 0 0 0 0 0 0 0 0 0 0 0 0 0 0 0 

1 0.998725 0.997325 0.990825 0.984587 0.976412 0.96665 0.954687 0.938375 0.919062 0.895337 0.8686 0.834575 0.793687 0.742013 0.675738 0.586887 0.448375 
0.5451 0.0001 1.25e-05 0 0 0 0 0 0 0 0 0 0 0 0 0 0 0 
0.410387 0 0 0 0 0 0 0 0 0 0 0 0 0 0 0 0 0 
0.329037 0 0 0 0 0 0 0 0 0 0 0 0 0 0 0 0 0 
0.2661 1.25e-05 0 0 0 0 0 0 0 0 0 0 0 0 0 0 0 0 
0.216162 0 0 0 0 0 0 0 0 0 0 0 0 0 0 0 0 0 
0.174075 0 0 0 0 0 0 0 0 0 0 0 0 0 0 0 0 0 
0.138337 0 0 0 0 0 0 0 0 0 0 0 0 0 0 0 0 0 
0.108562 0 0 0 0 0 0 0 0 0 0 0 0 0 0 0 0 0 
0.082575 0 0 0 0 0 0 0 0 0 0 0 0 0 0 0 0 0 
0.0602625 0 0 0 0 0 0 0 0 0 0 0 0 0 0 0 0 0 
0.04165 0 0 0 0 0 0 0 0 0 0 0 0 0 0 0 0 0 
0.02705 0 0 0 0 0 0 0 0 0 0 0 0 0 0 0 0 0 
0.01605 0 0 0 0 0 0 0 0 0 0 0 0 0 0 0 0 0 
0.008425 0 0 0 0 0 0 0 0 0 0 0 0 0 0 0 0 0 
0.003525 0 0 0 0 0 0 0 0 0 0 0 0 0 0 0 0 0 
0.000675 0 0 0 0 0 0 0 0 0 0 0 0 0 0 0 0 0 
3.75e-05 0 0 0 0 0 0 0 0 0 0 0 0 0 0 0 0 0 

1 0.996725 0.9907 0.967125 0.9153 0.8696 0.7895 0.713275 0.615575 0.52365 0.426225 0.35005 0.2759 0.221625 0.1695 0.130175 0.090825 0.06235 
0.905925 0.833075 0.7183 0.560175 0.357775 0.232575 0.120225 0.062775 0.02135 0.006825 0.002275 0.000975 0.00055 0.000175 0.0001 0 0 0 
0.7324 0.5348 0.2928 0.1073 0.016425 0.0049 0.000575 0.0002 2.5e-05 2.5e-05 0 0 0 0 0 0 0 0 
0.5779 0.31485 0.106025 0.020525 0.001 0.0002 0 2.5e-05 0 0 0 0 0 0 0 0 0 0 
0.41445 0.14825 0.022775 0.00225 7.5e-05 0 0 0 0 0 0 0 0 0 0 0 0 0 
0.2851 0.05985 0.0049 0.000275 2.5e-05 0 0 0 0 0 0 0 0 0 0 0 0 0 
0.1788 0.01785 0.000775 5e-05 0 0 0 0 0 0 0 0 0 0 0 0 0 0 
0.105875 0.0047 0.000125 7.5e-05 0 0 0 0 0 0 0 0 0 0 0 0 0 0 
0.057 0.00125 2.5e-05 2.5e-05 0 0 0 0 0 0 0 0 0 0 0 0 0 0 
0.030175 0.0002 2.5e-05 2.5e-05 0 0 0 0 0 0 0 0 0 0 0 0 0 0 
0.0138 7.5e-05 0 0 0 0 0 0 0 0 0 0 0 0 0 0 0 0 
0.00625 2.5e-05 2.5e-05 0 0 0 0 0 0 0 0 0 0 0 0 0 0 0 
0.002525 0 0 0 0 0 0 0 0 0 0 0 0 0 0 0 0 0 
0.000875 0 0 0 0 0 0 0 0 0 0 0 0 0 0 0 0 0 
0.00025 0 0 0 0 0 0 0 0 0 0 0 0 0 0 0 0 0 
0.0001 0 0 0 0 0 0 0 0 0 0 0 0 0 0 0 0 0 
0 0 0 0 0 0 0 0 0 0 0 0 0 0 0 0 0 0 
0 0 0 0 0 0 0 0 0 0 0 0 0 0 0 0 0 0 

1 0.99825 0.995175 0.9838 0.967025 0.949 0.9234 0.890625 0.853125 0.80705 0.760375 0.707575 0.64765 0.587275 0.5205 0.4466 0.3622 0.26035 
0.7127 0.387775 0.2466 0.151425 0.09205 0.0535 0.027625 0.013225 0.00465 0.001175 0.000325 0.000125 2.5e-05 0 0 0 0 0 
0.547075 0.1798 0.069625 0.018825 0.00365 0.00055 2.5e-05 2.5e-05 0 0 0 0 0 0 0 0 0 0 
0.43125 0.093225 0.022425 0.002125 0.000175 0 0 0 0 0 0 0 0 0 0 0 0 0 
0.337475 0.0441 0.0061 7.5e-05 0 0 0 0 0 0 0 0 0 0 0 0 0 0 
0.259775 0.018075 0.00105 0 0 0 0 0 0 0 0 0 0 0 0 0 0 0 
0.193475 0.006125 0.000125 0 0 0 0 0 0 0 0 0 0 0 0 0 0 0 
0.1411 0.0017 5e-05 0 0 0 0 0 0 0 0 0 0 0 0 0 0 0 
0.100925 0.0004 0 0 0 0 0 0 0 0 0 0 0 0 0 0 0 0 
0.069025 5e-05 0 0 0 0 0 0 0 0 0 0 0 0 0 0 0 0 
0.044925 0 0 0 0 0 0 0 0 0 0 0 0 0 0 0 0 0 
0.0283 0 0 0 0 0 0 0 0 0 0 0 0 0 0 0 0 0 
0.014975 0 0 0 0 0 0 0 0 0 0 0 0 0 0 0 0 0 
0.00775 0 0 0 0 0 0 0 0 0 0 0 0 0 0 0 0 0 
0.00325 0 0 0 0 0 0 0 0 0 0 0 0 0 0 0 0 0 
0.001075 0 0 0 0 0 0 0 0 0 0 0 0 0 0 0 0 0 
0.000125 0 0 0 0 0 0 0 0 0 0 0 0 0 0 0 0 0 
2.5e-05 0 0 0 0 0 0 0 0 0 0 0 0 0 0 0 0 0 

1 0.99805 0.99635 0.9853 0.973025 0.956325 0.934125 0.9059 0.8744 0.83265 0.787 0.733975 0.67405 0.6065 0.531325 0.445075 0.3455 0.232625 
0.74185 0.3014 0.16555 0.092325 0.0528 0.029175 0.01575 0.007375 0.00285 0.000775 0.000175 2.5e-05 0 0 0 0 0 0 
0.5842 0.117425 0.034625 0.0077 0.001825 7.5e-05 0 0 0 0 0 0 0 0 0 0 0 0 
0.467575 0.0566 0.009925 0.0007 0 0 0 0 0 0 0 0 0 0 0 0 0 0 
0.37445 0.02585 0.00235 2.5e-05 0 0 0 0 0 0 0 0 0 0 0 0 0 0 
0.300575 0.010725 0.000425 0 0 0 0 0 0 0 0 0 0 0 0 0 0 0 
0.231475 0.00405 2.5e-05 0 0 0 0 0 0 0 0 0 0 0 0 0 0 0 
0.17465 0.00115 0 0 0 0 0 0 0 0 0 0 0 0 0 0 0 0 
0.130575 0.000325 0 0 0 0 0 0 0 0 0 0 0 0 0 0 0 0 
0.09265 5e-05 0 0 0 0 0 0 0 0 0 0 0 0 0 0 0 0 
0.062725 0 0 0 0 0 0 0 0 0 0 0 0 0 0 0 0 0 
0.0406 0 0 0 0 0 0 0 0 0 0 0 0 0 0 0 0 0 
0.024025 0 0 0 0 0 0 0 0 0 0 0 0 0 0 0 0 0 
0.0125 0 0 0 0 0 0 0 0 0 0 0 0 0 0 0 0 0 
0.005425 0 0 0 0 0 0 0 0 0 0 0 0 0 0 0 0 0 
0.00175 0 0 0 0 0 0 0 0 0 0 0 0 0 0 0 0 0 
0.00065 0 0 0 0 0 0 0 0 0 0 0 0 0 0 0 0 0 
0.0001 0 0 0 0 0 0 0 0 0 0 0 0 0 0 0 0 0 

1 0.9987 0.9975 0.991425 0.983975 0.97625 0.9639 0.95185 0.93585 0.91655 0.89255 0.862475 0.82365 0.77995 0.7256 0.65525 0.562425 0.420625 
0.572 0.00325 0.00065 0.000325 0.000125 0.0001 7.5e-05 0 0 0 0 0 0 0 0 0 0 0 
0.434375 0.0005 0 0 0 0 0 0 0 0 0 0 0 0 0 0 0 0 
0.3461 0.000225 2.5e-05 0 0 0 0 0 0 0 0 0 0 0 0 0 0 0 
0.282375 0.00015 0 0 0 0 0 0 0 0 0 0 0 0 0 0 0 0 
0.228875 0.000125 0 0 0 0 0 0 0 0 0 0 0 0 0 0 0 0 
0.18345 7.5e-05 0 0 0 0 0 0 0 0 0 0 0 0 0 0 0 0 
0.14605 2.5e-05 0 0 0 0 0 0 0 0 0 0 0 0 0 0 0 0 
0.112975 0 0 0 0 0 0 0 0 0 0 0 0 0 0 0 0 0 
0.085525 0 0 0 0 0 0 0 0 0 0 0 0 0 0 0 0 0 
0.062725 0 0 0 0 0 0 0 0 0 0 0 0 0 0 0 0 0 
0.04385 0 0 0 0 0 0 0 0 0 0 0 0 0 0 0 0 0 
0.02805 0 0 0 0 0 0 0 0 0 0 0 0 0 0 0 0 0 
0.016825 0 0 0 0 0 0 0 0 0 0 0 0 0 0 0 0 0 
0.008725 0 0 0 0 0 0 0 0 0 0 0 0 0 0 0 0 0 
0.0032 0 0 0 0 0 0 0 0 0 0 0 0 0 0 0 0 0 
0.000675 0 0 0 0 0 0 0 0 0 0 0 0 0 0 0 0 0 
5e-05 0 0 0 0 0 0 0 0 0 0 0 0 0 0 0 0 0 

1 0.997975 0.99515 0.986875 0.974025 0.957625 0.937275 0.9133 0.8835 0.84335 0.796825 0.7409 0.67425 0.600425 0.517425 0.42515 0.3134 0.1947 
0.779925 0.214175 0.09705 0.048775 0.025875 0.014175 0.0076 0.003375 0.001325 0.000475 0.000125 2.5e-05 0 0 0 0 0 0 
0.636225 0.071375 0.014225 0.0024 0.000275 2.5e-05 0 0 0 0 0 0 0 0 0 0 0 0 
0.5213 0.03255 0.00325 0.000275 2.5e-05 0 0 0 0 0 0 0 0 0 0 0 0 0 
0.42995 0.0157 0.00065 2.5e-05 0 0 0 0 0 0 0 0 0 0 0 0 0 0 
0.35245 0.006075 7.5e-05 0 0 0 0 0 0 0 0 0 0 0 0 0 0 0 
0.280075 0.002225 5e-05 0 0 0 0 0 0 0 0 0 0 0 0 0 0 0 
0.21535 0.000775 0 0 0 0 0 0 0 0 0 0 0 0 0 0 0 0 
0.16165 0.000125 0 0 0 0 0 0 0 0 0 0 0 0 0 0 0 0 
0.115925 0 0 0 0 0 0 0 0 0 0 0 0 0 0 0 0 0 
0.0797 2.5e-05 0 0 0 0 0 0 0 0 0 0 0 0 0 0 0 0 
0.05185 0 0 0 0 0 0 0 0 0 0 0 0 0 0 0 0 0 
0.032 0 0 0 0 0 0 0 0 0 0 0 0 0 0 0 0 0 
0.017425 0 0 0 0 0 0 0 0 0 0 0 0 0 0 0 0 0 
0.00805 0 0 0 0 0 0 0 0 0 0 0 0 0 0 0 0 0 
0.002425 0 0 0 0 0 0 0 0 0 0 0 0 0 0 0 0 0 
0.0004 0 0 0 0 0 0 0 0 0 0 0 0 0 0 0 0 0 
5e-05 0 0 0 0 0 0 0 0 0 0 0 0 0 0 0 0 0 

1 0.998625 0.99665 0.990875 0.982575 0.973275 0.96155 0.9471 0.929125 0.90705 0.8789 0.8438 0.802975 0.75095 0.69055 0.613225 0.514225 0.367625 
0.622825 0.00085 0.0001 5e-05 0 0 0 0 0 0 0 0 0 0 0 0 0 0 
0.482575 0 0 0 0 0 0 0 0 0 0 0 0 0 0 0 0 0 
0.38975 2.5e-05 2.5e-05 0 0 0 0 0 0 0 0 0 0 0 0 0 0 0 
0.31635 2.5e-05 2.5e-05 0 0 0 0 0 0 0 0 0 0 0 0 0 0 0 
0.258 2.5e-05 2.5e-05 0 0 0 0 0 0 0 0 0 0 0 0 0 0 0 
0.20945 0 0 0 0 0 0 0 0 0 0 0 0 0 0 0 0 0 
0.16655 0 0 0 0 0 0 0 0 0 0 0 0 0 0 0 0 0 
0.1292 0 0 0 0 0 0 0 0 0 0 0 0 0 0 0 0 0 
0.095775 0 0 0 0 0 0 0 0 0 0 0 0 0 0 0 0 0 
0.070125 0 0 0 0 0 0 0 0 0 0 0 0 0 0 0 0 0 
0.048125 0 0 0 0 0 0 0 0 0 0 0 0 0 0 0 0 0 
0.029975 0 0 0 0 0 0 0 0 0 0 0 0 0 0 0 0 0 
0.01765 0 0 0 0 0 0 0 0 0 0 0 0 0 0 0 0 0 
0.008925 0 0 0 0 0 0 0 0 0 0 0 0 0 0 0 0 0 
0.00355 0 0 0 0 0 0 0 0 0 0 0 0 0 0 0 0 0 
0.00085 0 0 0 0 0 0 0 0 0 0 0 0 0 0 0 0 0 
0.0001 0 0 0 0 0 0 0 0 0 0 0 0 0 0 0 0 0 

1 0.998575 0.996775 0.99015 0.98285 0.9729 0.9611 0.946025 0.926975 0.90445 0.87795 0.8432 0.8005 0.749775 0.689725 0.61345 0.51215 0.36275 
0.6259 0.00045 0.0001 0 0 0 0 0 0 0 0 0 0 0 0 0 0 0 
0.483325 2.5e-05 0 0 0 0 0 0 0 0 0 0 0 0 0 0 0 0 
0.390375 2.5e-05 0 0 0 0 0 0 0 0 0 0 0 0 0 0 0 0 
0.318825 0 0 0 0 0 0 0 0 0 0 0 0 0 0 0 0 0 
0.26055 0 0 0 0 0 0 0 0 0 0 0 0 0 0 0 0 0 
0.210725 0 0 0 0 0 0 0 0 0 0 0 0 0 0 0 0 0 
0.167325 0 0 0 0 0 0 0 0 0 0 0 0 0 0 0 0 0 
0.129175 0 0 0 0 0 0 0 0 0 0 0 0 0 0 0 0 0 
0.098225 0 0 0 0 0 0 0 0 0 0 0 0 0 0 0 0 0 
0.07085 0 0 0 0 0 0 0 0 0 0 0 0 0 0 0 0 0 
0.04975 0 0 0 0 0 0 0 0 0 0 0 0 0 0 0 0 0 
0.031725 0 0 0 0 0 0 0 0 0 0 0 0 0 0 0 0 0 
0.01855 0 0 0 0 0 0 0 0 0 0 0 0 0 0 0 0 0 
0.009775 0 0 0 0 0 0 0 0 0 0 0 0 0 0 0 0 0 
0.003875 0 0 0 0 0 0 0 0 0 0 0 0 0 0 0 0 0 
0.001 0 0 0 0 0 0 0 0 0 0 0 0 0 0 0 0 0 
0.00015 0 0 0 0 0 0 0 0 0 0 0 0 0 0 0 0 0 

1 0.998875 0.99775 0.99355 0.9874 0.98125 0.9727 0.961875 0.948775 0.934675 0.914375 0.8901 0.862825 0.8272 0.7864 0.731425 0.656175 0.531675 
0.464825 0 0 0 0 0 0 0 0 0 0 0 0 0 0 0 0 0 
0.341925 0 0 0 0 0 0 0 0 0 0 0 0 0 0 0 0 0 
0.272175 0 0 0 0 0 0 0 0 0 0 0 0 0 0 0 0 0 
0.2216 0 0 0 0 0 0 0 0 0 0 0 0 0 0 0 0 0 
0.17845 0 0 0 0 0 0 0 0 0 0 0 0 0 0 0 0 0 
0.14335 0 0 0 0 0 0 0 0 0 0 0 0 0 0 0 0 0 
0.11395 0 0 0 0 0 0 0 0 0 0 0 0 0 0 0 0 0 
0.089475 0 0 0 0 0 0 0 0 0 0 0 0 0 0 0 0 0 
0.066875 0 0 0 0 0 0 0 0 0 0 0 0 0 0 0 0 0 
0.049375 0 0 0 0 0 0 0 0 0 0 0 0 0 0 0 0 0 
0.0343 0 0 0 0 0 0 0 0 0 0 0 0 0 0 0 0 0 
0.022625 0 0 0 0 0 0 0 0 0 0 0 0 0 0 0 0 0 
0.0136 0 0 0 0 0 0 0 0 0 0 0 0 0 0 0 0 0 
0.00665 0 0 0 0 0 0 0 0 0 0 0 0 0 0 0 0 0 
0.002875 0 0 0 0 0 0 0 0 0 0 0 0 0 0 0 0 0 
0.000825 0 0 0 0 0 0 0 0 0 0 0 0 0 0 0 0 0 
0.0001 0 0 0 0 0 0 0 0 0 0 0 0 0 0 0 0 0 

1 0.99585 0.9884 0.9669 0.90355 0.8503 0.7646 0.68255 0.5684 0.4745 0.3705 0.29815 0.22585 0.17765 0.1264 0.0981 0.0661 0.04395 
0.92555 0.87495 0.78505 0.6479 0.41205 0.27205 0.14695 0.07655 0.0243 0.00825 0.0039 0.0018 0.0012 0.00035 0.0001 0.0001 0.00015 0 
0.74865 0.5824 0.33065 0.13655 0.0191 0.0071 0.00115 0.0005 0.0001 0.0001 0 0 0 0 0 0 0 0 
0.58875 0.34985 0.12655 0.03025 0.00155 0.0006 5e-05 0 0 0 0 0 0 0 0 0 0 0 
0.40515 0.15865 0.02615 0.00315 5e-05 0 5e-05 0 0 0 0 0 0 0 0 0 0 0 
0.2741 0.05885 0.00665 0.00085 5e-05 0 0 0 0 0 0 0 0 0 0 0 0 0 
0.16025 0.0172 0.0012 0.0002 0 0 0 0 0 0 0 0 0 0 0 0 0 0 
0.09 0.00545 0.00015 5e-05 0 0 0 0 0 0 0 0 0 0 0 0 0 0 
0.0435 0.00145 0 0 0 0 0 0 0 0 0 0 0 0 0 0 0 0 
0.0232 0.0003 0 0 0 0 0 0 0 0 0 0 0 0 0 0 0 0 
0.0094 0.0002 0 0 0 0 0 0 0 0 0 0 0 0 0 0 0 0 
0.0046 0 0 0 0 0 0 0 0 0 0 0 0 0 0 0 0 0 
0.00155 5e-05 0 0 0 0 0 0 0 0 0 0 0 0 0 0 0 0 
0.00055 0 0 0 0 0 0 0 0 0 0 0 0 0 0 0 0 0 
0.0001 0 0 0 0 0 0 0 0 0 0 0 0 0 0 0 0 0 
5e-05 0 0 0 0 0 0 0 0 0 0 0 0 0 0 0 0 0 
0 0 0 0 0 0 0 0 0 0 0 0 0 0 0 0 0 0 
0 0 0 0 0 0 0 0 0 0 0 0 0 0 0 0 0 0 

1 0.9979 0.993 0.97195 0.9425 0.89855 0.8398 0.7711 0.69375 0.6131 0.53695 0.46835 0.40155 0.3383 0.28435 0.23115 0.17855 0.1257 
0.83885 0.69035 0.5532 0.38355 0.24505 0.1426 0.07525 0.03465 0.0124 0.0032 0.0008 0.0003 5e-05 0 0 0 0 0 
0.68405 0.4274 0.2301 0.07335 0.01515 0.00325 0.00035 0 0 0 0 0 0 0 0 0 0 0 
0.54735 0.2469 0.08245 0.01025 0.0006 0 0 0 0 0 0 0 0 0 0 0 0 0 
0.4117 0.1195 0.02055 0.00075 0 0 0 0 0 0 0 0 0 0 0 0 0 0 
0.2943 0.0499 0.0037 5e-05 0 0 0 0 0 0 0 0 0 0 0 0 0 0 
0.1984 0.01545 0.00035 0 0 0 0 0 0 0 0 0 0 0 0 0 0 0 
0.1229 0.0044 5e-05 0 0 0 0 0 0 0 0 0 0 0 0 0 0 0 
0.07585 0.0007 0 0 0 0 0 0 0 0 0 0 0 0 0 0 0 0 
0.04435 0 0 0 0 0 0 0 0 0 0 0 0 0 0 0 0 0 
0.025 0 0 0 0 0 0 0 0 0 0 0 0 0 0 0 0 0 
0.0132 0 0 0 0 0 0 0 0 0 0 0 0 0 0 0 0 0 
0.00605 0 0 0 0 0 0 0 0 0 0 0 0 0 0 0 0 0 
0.00315 0 0 0 0 0 0 0 0 0 0 0 0 0 0 0 0 0 
0.00125 0 0 0 0 0 0 0 0 0 0 0 0 0 0 0 0 0 
0.0004 0 0 0 0 0 0 0 0 0 0 0 0 0 0 0 0 0 
5e-05 0 0 0 0 0 0 0 0 0 0 0 0 0 0 0 0 0 
0 0 0 0 0 0 0 0 0 0 0 0 0 0 0 0 0 0 

1 0.99775 0.99375 0.97535 0.95155 0.92015 0.8735 0.82435 0.7664 0.70195 0.63655 0.57045 0.5026 0.43875 0.3752 0.3103 0.24 0.17175 
0.7974 0.60155 0.44645 0.29765 0.18255 0.1101 0.0602 0.02665 0.01075 0.00305 0.0007 0.0001 5e-05 0 0 0 0 0 
0.62685 0.32645 0.1487 0.0414 0.00825 0.0017 0.0001 5e-05 0 0 0 0 0 0 0 0 0 0 
0.49355 0.17895 0.04945 0.0061 0.0002 0 0 0 0 0 0 0 0 0 0 0 0 0 
0.37225 0.0837 0.01275 0.0005 0 0 0 0 0 0 0 0 0 0 0 0 0 0 
0.274 0.0361 0.00255 5e-05 0 0 0 0 0 0 0 0 0 0 0 0 0 0 
0.194 0.01225 0.0002 0 0 0 0 0 0 0 0 0 0 0 0 0 0 0 
0.1295 0.0036 0 0 0 0 0 0 0 0 0 0 0 0 0 0 0 0 
0.08765 0.00065 0 0 0 0 0 0 0 0 0 0 0 0 0 0 0 0 
0.05515 0.0001 0 0 0 0 0 0 0 0 0 0 0 0 0 0 0 0 
0.0326 0 0 0 0 0 0 0 0 0 0 0 0 0 0 0 0 0 
0.01795 0 0 0 0 0 0 0 0 0 0 0 0 0 0 0 0 0 
0.0082 0 0 0 0 0 0 0 0 0 0 0 0 0 0 0 0 0 
0.00445 0 0 0 0 0 0 0 0 0 0 0 0 0 0 0 0 0 
0.0018 0 0 0 0 0 0 0 0 0 0 0 0 0 0 0 0 0 
0.00065 0 0 0 0 0 0 0 0 0 0 0 0 0 0 0 0 0 
5e-05 0 0 0 0 0 0 0 0 0 0 0 0 0 0 0 0 0 
0 0 0 0 0 0 0 0 0 0 0 0 0 0 0 0 0 0 

1 0.99885 0.99695 0.99085 0.98315 0.9731 0.96275 0.9496 0.9302 0.9104 0.8835 0.8531 0.8174 0.77195 0.71705 0.6492 0.55825 0.42485 
0.56385 0.0676 0.02905 0.01305 0.0086 0.00485 0.00275 0.0015 0.00035 5e-05 5e-05 0 0 0 0 0 0 0 
0.42395 0.0187 0.00425 0.00035 0.0001 0 0 0 0 0 0 0 0 0 0 0 0 0 
0.3373 0.00855 0.0009 0 0 0 0 0 0 0 0 0 0 0 0 0 0 0 
0.2707 0.0039 0.0003 0 0 0 0 0 0 0 0 0 0 0 0 0 0 0 
0.21875 0.00135 0 0 0 0 0 0 0 0 0 0 0 0 0 0 0 0 
0.1766 0.00055 0 0 0 0 0 0 0 0 0 0 0 0 0 0 0 0 
0.1385 0.00015 0 0 0 0 0 0 0 0 0 0 0 0 0 0 0 0 
0.107 0.0001 0 0 0 0 0 0 0 0 0 0 0 0 0 0 0 0 
0.0799 0 0 0 0 0 0 0 0 0 0 0 0 0 0 0 0 0 
0.0567 0 0 0 0 0 0 0 0 0 0 0 0 0 0 0 0 0 
0.0392 0 0 0 0 0 0 0 0 0 0 0 0 0 0 0 0 0 
0.02345 0 0 0 0 0 0 0 0 0 0 0 0 0 0 0 0 0 
0.0148 0 0 0 0 0 0 0 0 0 0 0 0 0 0 0 0 0 
0.00755 0 0 0 0 0 0 0 0 0 0 0 0 0 0 0 0 0 
0.00295 0 0 0 0 0 0 0 0 0 0 0 0 0 0 0 0 0 
0.0005 0 0 0 0 0 0 0 0 0 0 0 0 0 0 0 0 0 
0.0001 0 0 0 0 0 0 0 0 0 0 0 0 0 0 0 0 0 

1 0.9977 0.9947 0.9781 0.9577 0.9303 0.9018 0.85985 0.81725 0.75635 0.69685 0.62995 0.5605 0.48895 0.41135 0.3334 0.24825 0.1635 
0.80455 0.5009 0.32535 0.19765 0.11655 0.06995 0.0374 0.0172 0.0065 0.0016 0.00085 0.0001 5e-05 0 0 0 0 0 
0.6414 0.23645 0.0847 0.0229 0.0037 0.0007 0.0001 0 0 0 0 0 0 0 0 0 0 0 
0.514 0.1238 0.02725 0.00245 0 0 0 0 0 0 0 0 0 0 0 0 0 0 
0.40795 0.05905 0.0057 0.0003 0 0 0 0 0 0 0 0 0 0 0 0 0 0 
0.3133 0.0258 0.0008 0 0 0 0 0 0 0 0 0 0 0 0 0 0 0 
0.2318 0.00875 0.0001 0 0 0 0 0 0 0 0 0 0 0 0 0 0 0 
0.1663 0.002 0 0 0 0 0 0 0 0 0 0 0 0 0 0 0 0 
0.11825 0.0005 0 0 0 0 0 0 0 0 0 0 0 0 0 0 0 0 
0.0807 0.00015 0 0 0 0 0 0 0 0 0 0 0 0 0 0 0 0 
0.0519 0 0 0 0 0 0 0 0 0 0 0 0 0 0 0 0 0 
0.03115 0 0 0 0 0 0 0 0 0 0 0 0 0 0 0 0 0 
0.01825 0 0 0 0 0 0 0 0 0 0 0 0 0 0 0 0 0 
0.0095 0 0 0 0 0 0 0 0 0 0 0 0 0 0 0 0 0 
0.0037 0 0 0 0 0 0 0 0 0 0 0 0 0 0 0 0 0 
0.0012 0 0 0 0 0 0 0 0 0 0 0 0 0 0 0 0 0 
0.0002 0 0 0 0 0 0 0 0 0 0 0 0 0 0 0 0 0 
5e-05 0 0 0 0 0 0 0 0 0 0 0 0 0 0 0 0 0 

1 0.99855 0.9975 0.98955 0.98195 0.97395 0.96065 0.94715 0.9282 0.90725 0.8789 0.84335 0.8046 0.7487 0.68765 0.6126 0.5171 0.37085 
0.61935 0.01735 0.0049 0.0019 0.00075 0.00035 0.00015 0.00015 0.0001 0 0 0 0 0 0 0 0 0 
0.4715 0.0026 0.00025 0 0 0 0 0 0 0 0 0 0 0 0 0 0 0 
0.3869 0.001 5e-05 0 0 0 0 0 0 0 0 0 0 0 0 0 0 0 
0.31345 0.00035 0 0 0 0 0 0 0 0 0 0 0 0 0 0 0 0 
0.2568 0.00025 0 0 0 0 0 0 0 0 0 0 0 0 0 0 0 0 
0.2063 5e-05 0 0 0 0 0 0 0 0 0 0 0 0 0 0 0 0 
0.1636 0 0 0 0 0 0 0 0 0 0 0 0 0 0 0 0 0 
0.12935 0 0 0 0 0 0 0 0 0 0 0 0 0 0 0 0 0 
0.0947 0 0 0 0 0 0 0 0 0 0 0 0 0 0 0 0 0 
0.068 0 0 0 0 0 0 0 0 0 0 0 0 0 0 0 0 0 
0.04815 0 0 0 0 0 0 0 0 0 0 0 0 0 0 0 0 0 
0.0313 0 0 0 0 0 0 0 0 0 0 0 0 0 0 0 0 0 
0.01895 0 0 0 0 0 0 0 0 0 0 0 0 0 0 0 0 0 
0.00915 0 0 0 0 0 0 0 0 0 0 0 0 0 0 0 0 0 
0.00315 0 0 0 0 0 0 0 0 0 0 0 0 0 0 0 0 0 
0.0006 0 0 0 0 0 0 0 0 0 0 0 0 0 0 0 0 0 
5e-05 0 0 0 0 0 0 0 0 0 0 0 0 0 0 0 0 0 

1 0.99865 0.9966 0.9896 0.98115 0.9715 0.9608 0.94415 0.9242 0.9012 0.8748 0.83455 0.78915 0.7386 0.6778 0.59825 0.49585 0.3488 
0.6399 0.0093 0.0026 0.0008 0.0003 0.0002 0.0001 5e-05 0 0 0 0 0 0 0 0 0 0 
0.4967 0.0013 5e-05 5e-05 0 0 0 0 0 0 0 0 0 0 0 0 0 0 
0.4023 0.00065 5e-05 0 0 0 0 0 0 0 0 0 0 0 0 0 0 0 
0.3298 0.00015 0 0 0 0 0 0 0 0 0 0 0 0 0 0 0 0 
0.2708 0.0001 0 0 0 0 0 0 0 0 0 0 0 0 0 0 0 0 
0.21925 0 0 0 0 0 0 0 0 0 0 0 0 0 0 0 0 0 
0.1738 0 0 0 0 0 0 0 0 0 0 0 0 0 0 0 0 0 
0.13255 0 0 0 0 0 0 0 0 0 0 0 0 0 0 0 0 0 
0.10125 0 0 0 0 0 0 0 0 0 0 0 0 0 0 0 0 0 
0.07315 0 0 0 0 0 0 0 0 0 0 0 0 0 0 0 0 0 
0.0513 0 0 0 0 0 0 0 0 0 0 0 0 0 0 0 0 0 
0.0331 0 0 0 0 0 0 0 0 0 0 0 0 0 0 0 0 0 
0.02 0 0 0 0 0 0 0 0 0 0 0 0 0 0 0 0 0 
0.01 0 0 0 0 0 0 0 0 0 0 0 0 0 0 0 0 0 
0.0036 0 0 0 0 0 0 0 0 0 0 0 0 0 0 0 0 0 
0.0011 0 0 0 0 0 0 0 0 0 0 0 0 0 0 0 0 0 
5e-05 0 0 0 0 0 0 0 0 0 0 0 0 0 0 0 0 0 

1 0.9987 0.9979 0.99205 0.98515 0.97865 0.9686 0.9583 0.9433 0.92735 0.904 0.88015 0.85 0.815 0.77025 0.71195 0.63415 0.5025 
0.4911 0 0 0 0 0 0 0 0 0 0 0 0 0 0 0 0 0 
0.36275 0 0 0 0 0 0 0 0 0 0 0 0 0 0 0 0 0 
0.29305 0 0 0 0 0 0 0 0 0 0 0 0 0 0 0 0 0 
0.2356 0 0 0 0 0 0 0 0 0 0 0 0 0 0 0 0 0 
0.19145 0 0 0 0 0 0 0 0 0 0 0 0 0 0 0 0 0 
0.1558 0 0 0 0 0 0 0 0 0 0 0 0 0 0 0 0 0 
0.126 0 0 0 0 0 0 0 0 0 0 0 0 0 0 0 0 0 
0.10125 0 0 0 0 0 0 0 0 0 0 0 0 0 0 0 0 0 
0.0751 0 0 0 0 0 0 0 0 0 0 0 0 0 0 0 0 0 
0.0565 0 0 0 0 0 0 0 0 0 0 0 0 0 0 0 0 0 
0.0393 0 0 0 0 0 0 0 0 0 0 0 0 0 0 0 0 0 
0.0259 0 0 0 0 0 0 0 0 0 0 0 0 0 0 0 0 0 
0.01625 0 0 0 0 0 0 0 0 0 0 0 0 0 0 0 0 0 
0.00805 0 0 0 0 0 0 0 0 0 0 0 0 0 0 0 0 0 
0.00325 0 0 0 0 0 0 0 0 0 0 0 0 0 0 0 0 0 
0.0006 0 0 0 0 0 0 0 0 0 0 0 0 0 0 0 0 0 
5e-05 0 0 0 0 0 0 0 0 0 0 0 0 0 0 0 0 0 

1 0.99785 0.9944 0.9827 0.96655 0.9476 0.92065 0.8868 0.8445 0.7891 0.7337 0.6633 0.5897 0.5051 0.4192 0.32855 0.2296 0.1339 
0.8312 0.38615 0.20475 0.1119 0.06305 0.03575 0.01845 0.0091 0.00325 0.0008 0.0001 0 0 0 0 0 0 0 
0.68865 0.15245 0.0376 0.00795 0.0008 5e-05 0 0 0 0 0 0 0 0 0 0 0 0 
0.5722 0.0738 0.01095 0.0006 0 0 0 0 0 0 0 0 0 0 0 0 0 0 
0.46895 0.03175 0.00165 5e-05 0 0 0 0 0 0 0 0 0 0 0 0 0 0 
0.37355 0.0125 0.00025 0 0 0 0 0 0 0 0 0 0 0 0 0 0 0 
0.295 0.004 0.0001 0 0 0 0 0 0 0 0 0 0 0 0 0 0 0 
0.2246 0.00125 0 0 0 0 0 0 0 0 0 0 0 0 0 0 0 0 
0.1627 0.00015 0 0 0 0 0 0 0 0 0 0 0 0 0 0 0 0 
0.1125 0 0 0 0 0 0 0 0 0 0 0 0 0 0 0 0 0 
0.0748 0 0 0 0 0 0 0 0 0 0 0 0 0 0 0 0 0 
0.0477 0 0 0 0 0 0 0 0 0 0 0 0 0 0 0 0 0 
0.0256 0 0 0 0 0 0 0 0 0 0 0 0 0 0 0 0 0 
0.0131 0 0 0 0 0 0 0 0 0 0 0 0 0 0 0 0 0 
0.00515 0 0 0 0 0 0 0 0 0 0 0 0 0 0 0 0 0 
0.00165 0 0 0 0 0 0 0 0 0 0 0 0 0 0 0 0 0 
0.00025 0 0 0 0 0 0 0 0 0 0 0 0 0 0 0 0 0 
0 0 0 0 0 0 0 0 0 0 0 0 0 0 0 0 0 0 

1 0.99815 0.99645 0.9887 0.97955 0.9709 0.95945 0.94155 0.9209 0.8936 0.8589 0.82195 0.7715 0.7139 0.63935 0.55315 0.44285 0.29875 
0.68855 0.0038 0.0006 0.00035 0.0001 5e-05 0 0 0 0 0 0 0 0 0 0 0 0 
0.54905 0.00045 0 0 0 0 0 0 0 0 0 0 0 0 0 0 0 0 
0.44785 0.0002 0 0 0 0 0 0 0 0 0 0 0 0 0 0 0 0 
0.37015 0.0001 0 0 0 0 0 0 0 0 0 0 0 0 0 0 0 0 
0.30255 5e-05 0 0 0 0 0 0 0 0 0 0 0 0 0 0 0 0 
0.23755 0 0 0 0 0 0 0 0 0 0 0 0 0 0 0 0 0 
0.18795 0 0 0 0 0 0 0 0 0 0 0 0 0 0 0 0 0 
0.1473 0 0 0 0 0 0 0 0 0 0 0 0 0 0 0 0 0 
0.11005 0 0 0 0 0 0 0 0 0 0 0 0 0 0 0 0 0 
0.0806 0 0 0 0 0 0 0 0 0 0 0 0 0 0 0 0 0 
0.0549 0 0 0 0 0 0 0 0 0 0 0 0 0 0 0 0 0 
0.0337 0 0 0 0 0 0 0 0 0 0 0 0 0 0 0 0 0 
0.0187 0 0 0 0 0 0 0 0 0 0 0 0 0 0 0 0 0 
0.0106 0 0 0 0 0 0 0 0 0 0 0 0 0 0 0 0 0 
0.0037 0 0 0 0 0 0 0 0 0 0 0 0 0 0 0 0 0 
0.0013 0 0 0 0 0 0 0 0 0 0 0 0 0 0 0 0 0 
0.0002 0 0 0 0 0 0 0 0 0 0 0 0 0 0 0 0 0 

1 0.99815 0.9966 0.98875 0.98005 0.9697 0.9567 0.94175 0.91765 0.89225 0.86265 0.8179 0.7697 0.7094 0.6394 0.55625 0.44335 0.29005 
0.69645 0.00225 0.00045 0.0001 0 0 0 0 0 0 0 0 0 0 0 0 0 0 
0.552 0.00035 0 0 0 0 0 0 0 0 0 0 0 0 0 0 0 0 
0.44775 5e-05 0 0 0 0 0 0 0 0 0 0 0 0 0 0 0 0 
0.36835 5e-05 0 0 0 0 0 0 0 0 0 0 0 0 0 0 0 0 
0.3011 0 0 0 0 0 0 0 0 0 0 0 0 0 0 0 0 0 
0.24465 0 0 0 0 0 0 0 0 0 0 0 0 0 0 0 0 0 
0.19175 0 0 0 0 0 0 0 0 0 0 0 0 0 0 0 0 0 
0.1487 0 0 0 0 0 0 0 0 0 0 0 0 0 0 0 0 0 
0.1091 0 0 0 0 0 0 0 0 0 0 0 0 0 0 0 0 0 
0.0809 0 0 0 0 0 0 0 0 0 0 0 0 0 0 0 0 0 
0.0552 0 0 0 0 0 0 0 0 0 0 0 0 0 0 0 0 0 
0.0352 0 0 0 0 0 0 0 0 0 0 0 0 0 0 0 0 0 
0.02025 0 0 0 0 0 0 0 0 0 0 0 0 0 0 0 0 0 
0.0103 0 0 0 0 0 0 0 0 0 0 0 0 0 0 0 0 0 
0.0041 0 0 0 0 0 0 0 0 0 0 0 0 0 0 0 0 0 
0.0006 0 0 0 0 0 0 0 0 0 0 0 0 0 0 0 0 0 
5e-05 0 0 0 0 0 0 0 0 0 0 0 0 0 0 0 0 0 

1 0.99865 0.997 0.9922 0.9837 0.9778 0.96585 0.9526 0.93785 0.917 0.89405 0.86595 0.8347 0.7941 0.7446 0.6804 0.5886 0.4455 
0.54815 0 0 0 0 0 0 0 0 0 0 0 0 0 0 0 0 0 
0.4115 0 0 0 0 0 0 0 0 0 0 0 0 0 0 0 0 0 
0.3261 0 0 0 0 0 0 0 0 0 0 0 0 0 0 0 0 0 
0.26225 0 0 0 0 0 0 0 0 0 0 0 0 0 0 0 0 0 
0.21175 0 0 0 0 0 0 0 0 0 0 0 0 0 0 0 0 0 
0.17285 0 0 0 0 0 0 0 0 0 0 0 0 0 0 0 0 0 
0.14015 0 0 0 0 0 0 0 0 0 0 0 0 0 0 0 0 0 
0.10935 0 0 0 0 0 0 0 0 0 0 0 0 0 0 0 0 0 
0.08345 0 0 0 0 0 0 0 0 0 0 0 0 0 0 0 0 0 
0.0619 0 0 0 0 0 0 0 0 0 0 0 0 0 0 0 0 0 
0.04445 0 0 0 0 0 0 0 0 0 0 0 0 0 0 0 0 0 
0.02845 0 0 0 0 0 0 0 0 0 0 0 0 0 0 0 0 0 
0.0161 0 0 0 0 0 0 0 0 0 0 0 0 0 0 0 0 0 
0.00885 0 0 0 0 0 0 0 0 0 0 0 0 0 0 0 0 0 
0.0031 0 0 0 0 0 0 0 0 0 0 0 0 0 0 0 0 0 
0.00095 0 0 0 0 0 0 0 0 0 0 0 0 0 0 0 0 0 
0.0001 0 0 0 0 0 0 0 0 0 0 0 0 0 0 0 0 0 

1 0.9979 0.99575 0.98845 0.97855 0.9703 0.9554 0.9371 0.9156 0.88805 0.8553 0.8154 0.7665 0.70545 0.6337 0.5495 0.44045 0.2884 
0.69835 0.00135 0.0002 0.0001 0.0001 5e-05 5e-05 0 0 0 0 0 0 0 0 0 0 0 
0.5517 5e-05 0 0 0 0 0 0 0 0 0 0 0 0 0 0 0 0 
0.45295 0 0 0 0 0 0 0 0 0 0 0 0 0 0 0 0 0 
0.37645 0 0 0 0 0 0 0 0 0 0 0 0 0 0 0 0 0 
0.30665 0 0 0 0 0 0 0 0 0 0 0 0 0 0 0 0 0 
0.2461 0 0 0 0 0 0 0 0 0 0 0 0 0 0 0 0 0 
0.199 0 0 0 0 0 0 0 0 0 0 0 0 0 0 0 0 0 
0.15255 0 0 0 0 0 0 0 0 0 0 0 0 0 0 0 0 0 
0.11485 0 0 0 0 0 0 0 0 0 0 0 0 0 0 0 0 0 
0.0852 0 0 0 0 0 0 0 0 0 0 0 0 0 0 0 0 0 
0.05765 0 0 0 0 0 0 0 0 0 0 0 0 0 0 0 0 0 
0.03795 0 0 0 0 0 0 0 0 0 0 0 0 0 0 0 0 0 
0.02175 0 0 0 0 0 0 0 0 0 0 0 0 0 0 0 0 0 
0.01045 0 0 0 0 0 0 0 0 0 0 0 0 0 0 0 0 0 
0.00385 0 0 0 0 0 0 0 0 0 0 0 0 0 0 0 0 0 
0.00085 0 0 0 0 0 0 0 0 0 0 0 0 0 0 0 0 0 
0 0 0 0 0 0 0 0 0 0 0 0 0 0 0 0 0 0 

1 0.99885 0.99685 0.99105 0.9839 0.978 0.966 0.954 0.9423 0.9198 0.89855 0.8726 0.8356 0.7976 0.74675 0.6854 0.59595 0.45765 
0.53685 0 0 0 0 0 0 0 0 0 0 0 0 0 0 0 0 0 
0.4012 0 0 0 0 0 0 0 0 0 0 0 0 0 0 0 0 0 
0.31815 0 0 0 0 0 0 0 0 0 0 0 0 0 0 0 0 0 
0.259 0 0 0 0 0 0 0 0 0 0 0 0 0 0 0 0 0 
0.20955 0 0 0 0 0 0 0 0 0 0 0 0 0 0 0 0 0 
0.1724 0 0 0 0 0 0 0 0 0 0 0 0 0 0 0 0 0 
0.13575 0 0 0 0 0 0 0 0 0 0 0 0 0 0 0 0 0 
0.1069 0 0 0 0 0 0 0 0 0 0 0 0 0 0 0 0 0 
0.08115 0 0 0 0 0 0 0 0 0 0 0 0 0 0 0 0 0 
0.06015 0 0 0 0 0 0 0 0 0 0 0 0 0 0 0 0 0 
0.0412 0 0 0 0 0 0 0 0 0 0 0 0 0 0 0 0 0 
0.0274 0 0 0 0 0 0 0 0 0 0 0 0 0 0 0 0 0 
0.0163 0 0 0 0 0 0 0 0 0 0 0 0 0 0 0 0 0 
0.00895 0 0 0 0 0 0 0 0 0 0 0 0 0 0 0 0 0 
0.00345 0 0 0 0 0 0 0 0 0 0 0 0 0 0 0 0 0 
0.0007 0 0 0 0 0 0 0 0 0 0 0 0 0 0 0 0 0 
5e-05 0 0 0 0 0 0 0 0 0 0 0 0 0 0 0 0 0 

1 0.99865 0.997 0.9928 0.9855 0.97495 0.9673 0.9558 0.9403 0.92165 0.89695 0.8693 0.83595 0.7953 0.74835 0.68465 0.5963 0.4587 
0.5352 0 0 0 0 0 0 0 0 0 0 0 0 0 0 0 0 0 
0.401 0 0 0 0 0 0 0 0 0 0 0 0 0 0 0 0 0 
0.3197 0 0 0 0 0 0 0 0 0 0 0 0 0 0 0 0 0 
0.2607 0 0 0 0 0 0 0 0 0 0 0 0 0 0 0 0 0 
0.2116 0 0 0 0 0 0 0 0 0 0 0 0 0 0 0 0 0 
0.17135 0 0 0 0 0 0 0 0 0 0 0 0 0 0 0 0 0 
0.1355 0 0 0 0 0 0 0 0 0 0 0 0 0 0 0 0 0 
0.10805 0 0 0 0 0 0 0 0 0 0 0 0 0 0 0 0 0 
0.0811 0 0 0 0 0 0 0 0 0 0 0 0 0 0 0 0 0 
0.0578 0 0 0 0 0 0 0 0 0 0 0 0 0 0 0 0 0 
0.04255 0 0 0 0 0 0 0 0 0 0 0 0 0 0 0 0 0 
0.02795 0 0 0 0 0 0 0 0 0 0 0 0 0 0 0 0 0 
0.0159 0 0 0 0 0 0 0 0 0 0 0 0 0 0 0 0 0 
0.0087 0 0 0 0 0 0 0 0 0 0 0 0 0 0 0 0 0 
0.0027 0 0 0 0 0 0 0 0 0 0 0 0 0 0 0 0 0 
0.0007 0 0 0 0 0 0 0 0 0 0 0 0 0 0 0 0 0 
5e-05 0 0 0 0 0 0 0 0 0 0 0 0 0 0 0 0 0 

1 0.99905 0.99805 0.9938 0.9896 0.9857 0.9786 0.96915 0.95885 0.9469 0.93135 0.91165 0.88955 0.8606 0.82565 0.77985 0.71765 0.60695 
0.39165 0 0 0 0 0 0 0 0 0 0 0 0 0 0 0 0 0 
0.28135 0 0 0 0 0 0 0 0 0 0 0 0 0 0 0 0 0 
0.22355 0 0 0 0 0 0 0 0 0 0 0 0 0 0 0 0 0 
0.18015 0 0 0 0 0 0 0 0 0 0 0 0 0 0 0 0 0 
0.14365 0 0 0 0 0 0 0 0 0 0 0 0 0 0 0 0 0 
0.1169 0 0 0 0 0 0 0 0 0 0 0 0 0 0 0 0 0 
0.09125 0 0 0 0 0 0 0 0 0 0 0 0 0 0 0 0 0 
0.07225 0 0 0 0 0 0 0 0 0 0 0 0 0 0 0 0 0 
0.0537 0 0 0 0 0 0 0 0 0 0 0 0 0 0 0 0 0 
0.0397 0 0 0 0 0 0 0 0 0 0 0 0 0 0 0 0 0 
0.0272 0 0 0 0 0 0 0 0 0 0 0 0 0 0 0 0 0 
0.0179 0 0 0 0 0 0 0 0 0 0 0 0 0 0 0 0 0 
0.0109 0 0 0 0 0 0 0 0 0 0 0 0 0 0 0 0 0 
0.00465 0 0 0 0 0 0 0 0 0 0 0 0 0 0 0 0 0 
0.00175 0 0 0 0 0 0 0 0 0 0 0 0 0 0 0 0 0 
0.0004 0 0 0 0 0 0 0 0 0 0 0 0 0 0 0 0 0 
0.0001 0 0 0 0 0 0 0 0 0 0 0 0 0 0 0 0 0 

1 0.9961 0.9905 0.9702 0.898 0.8529 0.749 0.6635 0.534 0.4424 0.3307 0.2641 0.1962 0.1583 0.1092 0.0805 0.0533 0.0367 
0.9363 0.892 0.8111 0.6939 0.4297 0.3002 0.1539 0.0862 0.0255 0.0091 0.0039 0.0026 0.0007 0.0008 0 0 0 0 
0.7545 0.6067 0.3531 0.1567 0.0185 0.0081 0.0012 0.0006 0 0 0 0 0 0 0 0 0 0 
0.6033 0.3774 0.1333 0.0376 0.0013 0.0008 0.0002 0.0001 0 0 0 0 0 0 0 0 0 0 
0.4062 0.1652 0.0257 0.0042 0.0001 0 0 0 0 0 0 0 0 0 0 0 0 0 
0.2675 0.0611 0.0057 0.0012 0 0 0 0 0 0 0 0 0 0 0 0 0 0 
0.1489 0.0193 0.0019 0.0003 0 0 0 0 0 0 0 0 0 0 0 0 0 0 
0.0859 0.0055 0.0006 0.0001 0 0 0 0 0 0 0 0 0 0 0 0 0 0 
0.0394 0.002 0 0 0 0 0 0 0 0 0 0 0 0 0 0 0 0 
0.021 0.0004 0 0 0 0 0 0 0 0 0 0 0 0 0 0 0 0 
0.0081 0.0001 0 0 0 0 0 0 0 0 0 0 0 0 0 0 0 0 
0.003 0.0001 0 0 0 0 0 0 0 0 0 0 0 0 0 0 0 0 
0.0007 0 0 0 0 0 0 0 0 0 0 0 0 0 0 0 0 0 
0.0004 0 0 0 0 0 0 0 0 0 0 0 0 0 0 0 0 0 
0.0003 0 0 0 0 0 0 0 0 0 0 0 0 0 0 0 0 0 
0.0001 0 0 0 0 0 0 0 0 0 0 0 0 0 0 0 0 0 
0.0001 0 0 0 0 0 0 0 0 0 0 0 0 0 0 0 0 0 
0 0 0 0 0 0 0 0 0 0 0 0 0 0 0 0 0 0 

1 0.9963 0.992 0.9649 0.9176 0.8347 0.7339 0.615 0.4959 0.3909 0.3093 0.241 0.1829 0.1408 0.1 0.0733 0.0491 0.0308 
0.9352 0.8615 0.7569 0.5707 0.3658 0.2026 0.091 0.0331 0.0105 0.0017 0.0003 0.0001 0 0 0 0 0 0 
0.8334 0.6472 0.4055 0.1565 0.0396 0.0063 0.0004 0.0001 0 0 0 0 0 0 0 0 0 0 
0.6973 0.4168 0.1708 0.0251 0.0017 0 0 0 0 0 0 0 0 0 0 0 0 0 
0.5304 0.2097 0.0461 0.0023 0 0 0 0 0 0 0 0 0 0 0 0 0 0 
0.3556 0.0791 0.0062 0.0002 0 0 0 0 0 0 0 0 0 0 0 0 0 0 
0.2111 0.0203 0.0007 0 0 0 0 0 0 0 0 0 0 0 0 0 0 0 
0.1143 0.0039 0.0002 0 0 0 0 0 0 0 0 0 0 0 0 0 0 0 
0.0584 0.0007 0 0 0 0 0 0 0 0 0 0 0 0 0 0 0 0 
0.0304 0.0002 0 0 0 0 0 0 0 0 0 0 0 0 0 0 0 0 
0.0165 0 0 0 0 0 0 0 0 0 0 0 0 0 0 0 0 0 
0.0078 0 0 0 0 0 0 0 0 0 0 0 0 0 0 0 0 0 
0.0044 0 0 0 0 0 0 0 0 0 0 0 0 0 0 0 0 0 
0.0021 0 0 0 0 0 0 0 0 0 0 0 0 0 0 0 0 0 
0.0007 0 0 0 0 0 0 0 0 0 0 0 0 0 0 0 0 0 
0.0001 0 0 0 0 0 0 0 0 0 0 0 0 0 0 0 0 0 
0.0001 0 0 0 0 0 0 0 0 0 0 0 0 0 0 0 0 0 
0 0 0 0 0 0 0 0 0 0 0 0 0 0 0 0 0 0 

1 0.9959 0.9914 0.9617 0.9212 0.8674 0.7868 0.7093 0.6144 0.5235 0.4367 0.3577 0.2916 0.2357 0.1837 0.1424 0.1013 0.0686 
0.8951 0.8092 0.689 0.5122 0.3282 0.2021 0.1042 0.0547 0.0176 0.0059 0.0022 0.0004 0 0 0 0 0 0 
0.7392 0.5331 0.3026 0.1041 0.0222 0.0049 0.0004 0.0001 0 0 0 0 0 0 0 0 0 0 
0.5826 0.3173 0.1124 0.0176 0.0009 0.0008 0.0002 0 0 0 0 0 0 0 0 0 0 0 
0.4297 0.1588 0.0309 0.0015 0.0001 0 0 0 0 0 0 0 0 0 0 0 0 0 
0.305 0.0645 0.0061 0.0004 0 0 0 0 0 0 0 0 0 0 0 0 0 0 
0.1867 0.0195 0.0002 0 0 0 0 0 0 0 0 0 0 0 0 0 0 0 
0.1133 0.0049 0.0002 0 0 0 0 0 0 0 0 0 0 0 0 0 0 0 
0.0638 0.0008 0 0 0 0 0 0 0 0 0 0 0 0 0 0 0 0 
0.0333 0.0002 0 0 0 0 0 0 0 0 0 0 0 0 0 0 0 0 
0.0171 0.0001 0 0 0 0 0 0 0 0 0 0 0 0 0 0 0 0 
0.0082 0 0 0 0 0 0 0 0 0 0 0 0 0 0 0 0 0 
0.0036 0 0 0 0 0 0 0 0 0 0 0 0 0 0 0 0 0 
0.0017 0 0 0 0 0 0 0 0 0 0 0 0 0 0 0 0 0 
0.0007 0 0 0 0 0 0 0 0 0 0 0 0 0 0 0 0 0 
0.0002 0 0 0 0 0 0 0 0 0 0 0 0 0 0 0 0 0 
0 0 0 0 0 0 0 0 0 0 0 0 0 0 0 0 0 0 
0 0 0 0 0 0 0 0 0 0 0 0 0 0 0 0 0 0 

1 0.9984 0.9951 0.9815 0.9659 0.942 0.9133 0.8738 0.8325 0.7854 0.7391 0.6855 0.6295 0.5727 0.5142 0.4476 0.3677 0.2796 
0.6908 0.4421 0.3028 0.1992 0.125 0.0703 0.0385 0.0164 0.0065 0.0021 0.0006 0 0 0 0 0 0 0 
0.5282 0.2229 0.0971 0.0268 0.0062 0.0009 0.0002 0 0 0 0 0 0 0 0 0 0 0 
0.4046 0.1194 0.0311 0.0034 0.0002 0 0 0 0 0 0 0 0 0 0 0 0 0 
0.3116 0.0613 0.0091 0.0002 0 0 0 0 0 0 0 0 0 0 0 0 0 0 
0.2258 0.0266 0.0013 0.0001 0 0 0 0 0 0 0 0 0 0 0 0 0 0 
0.1643 0.0082 0 0 0 0 0 0 0 0 0 0 0 0 0 0 0 0 
0.1191 0.0031 0 0 0 0 0 0 0 0 0 0 0 0 0 0 0 0 
0.0785 0.0006 0 0 0 0 0 0 0 0 0 0 0 0 0 0 0 0 
0.0537 0 0 0 0 0 0 0 0 0 0 0 0 0 0 0 0 0 
0.0338 0 0 0 0 0 0 0 0 0 0 0 0 0 0 0 0 0 
0.0207 0 0 0 0 0 0 0 0 0 0 0 0 0 0 0 0 0 
0.0125 0 0 0 0 0 0 0 0 0 0 0 0 0 0 0 0 0 
0.0069 0 0 0 0 0 0 0 0 0 0 0 0 0 0 0 0 0 
0.0024 0 0 0 0 0 0 0 0 0 0 0 0 0 0 0 0 0 
0.0009 0 0 0 0 0 0 0 0 0 0 0 0 0 0 0 0 0 
0.0002 0 0 0 0 0 0 0 0 0 0 0 0 0 0 0 0 0 
0 0 0 0 0 0 0 0 0 0 0 0 0 0 0 0 0 0 

1 0.9974 0.9919 0.9672 0.9285 0.8817 0.8268 0.7545 0.6774 0.5984 0.5092 0.4355 0.3598 0.2998 0.2446 0.1934 0.147 0.1009 
0.8654 0.76 0.6285 0.4587 0.2901 0.1863 0.1013 0.0517 0.0176 0.0071 0.0014 0.0007 0.0001 0.0002 0.0001 0 0 0 
0.6867 0.4586 0.235 0.0764 0.0131 0.0027 0.0003 0.0001 0 0 0 0 0 0 0 0 0 0 
0.5338 0.2626 0.0849 0.0117 0.0004 0 0 0 0 0 0 0 0 0 0 0 0 0 
0.3935 0.1254 0.0193 0.0008 0 0 0 0 0 0 0 0 0 0 0 0 0 0 
0.2814 0.0514 0.0047 0 0 0 0 0 0 0 0 0 0 0 0 0 0 0 
0.185 0.0143 0.0005 0 0 0 0 0 0 0 0 0 0 0 0 0 0 0 
0.117 0.0053 0.0002 0 0 0 0 0 0 0 0 0 0 0 0 0 0 0 
0.0709 0.0011 0 0 0 0 0 0 0 0 0 0 0 0 0 0 0 0 
0.0385 0.0002 0 0 0 0 0 0 0 0 0 0 0 0 0 0 0 0 
0.0225 0.0001 0 0 0 0 0 0 0 0 0 0 0 0 0 0 0 0 
0.0105 0 0 0 0 0 0 0 0 0 0 0 0 0 0 0 0 0 
0.0051 0 0 0 0 0 0 0 0 0 0 0 0 0 0 0 0 0 
0.0019 0 0 0 0 0 0 0 0 0 0 0 0 0 0 0 0 0 
0.0007 0 0 0 0 0 0 0 0 0 0 0 0 0 0 0 0 0 
0.0002 0 0 0 0 0 0 0 0 0 0 0 0 0 0 0 0 0 
0 0 0 0 0 0 0 0 0 0 0 0 0 0 0 0 0 0 
0 0 0 0 0 0 0 0 0 0 0 0 0 0 0 0 0 0 

1 0.9981 0.9963 0.9905 0.9775 0.9634 0.9459 0.9239 0.9027 0.8664 0.8361 0.7965 0.7482 0.6973 0.6387 0.5668 0.4777 0.3627 
0.6188 0.2356 0.1321 0.0781 0.0496 0.027 0.0134 0.006 0.0024 0.0006 0.0002 0 0 0 0 0 0 0 
0.4665 0.0965 0.0334 0.0084 0.002 0 0 0 0 0 0 0 0 0 0 0 0 0 
0.3645 0.0505 0.0101 0.0011 0 0 0 0 0 0 0 0 0 0 0 0 0 0 
0.2858 0.0235 0.0016 0.0001 0 0 0 0 0 0 0 0 0 0 0 0 0 0 
0.2252 0.011 0.0005 0 0 0 0 0 0 0 0 0 0 0 0 0 0 0 
0.1706 0.0037 0.0001 0 0 0 0 0 0 0 0 0 0 0 0 0 0 0 
0.1278 0.0017 0 0 0 0 0 0 0 0 0 0 0 0 0 0 0 0 
0.0906 0.0002 0 0 0 0 0 0 0 0 0 0 0 0 0 0 0 0 
0.0645 0.0001 0 0 0 0 0 0 0 0 0 0 0 0 0 0 0 0 
0.0445 0 0 0 0 0 0 0 0 0 0 0 0 0 0 0 0 0 
0.0291 0 0 0 0 0 0 0 0 0 0 0 0 0 0 0 0 0 
0.0184 0 0 0 0 0 0 0 0 0 0 0 0 0 0 0 0 0 
0.0098 0 0 0 0 0 0 0 0 0 0 0 0 0 0 0 0 0 
0.004 0 0 0 0 0 0 0 0 0 0 0 0 0 0 0 0 0 
0.0014 0 0 0 0 0 0 0 0 0 0 0 0 0 0 0 0 0 
0.0003 0 0 0 0 0 0 0 0 0 0 0 0 0 0 0 0 0 
0 0 0 0 0 0 0 0 0 0 0 0 0 0 0 0 0 0 

1 0.999 0.9966 0.9882 0.9803 0.9669 0.9551 0.9336 0.9104 0.8824 0.8486 0.8092 0.7642 0.7102 0.6453 0.57 0.4725 0.3414 
0.6404 0.1615 0.0831 0.0438 0.0248 0.0153 0.0082 0.0039 0.001 0 0 0 0 0 0 0 0 0 
0.4865 0.056 0.0156 0.0037 0.0003 0.0001 0 0 0 0 0 0 0 0 0 0 0 0 
0.387 0.0259 0.0035 0.0004 0 0 0 0 0 0 0 0 0 0 0 0 0 0 
0.3056 0.0121 0.001 0.0001 0 0 0 0 0 0 0 0 0 0 0 0 0 0 
0.2494 0.0042 0.0001 0 0 0 0 0 0 0 0 0 0 0 0 0 0 0 
0.1979 0.0017 0 0 0 0 0 0 0 0 0 0 0 0 0 0 0 0 
0.1466 0.0001 0 0 0 0 0 0 0 0 0 0 0 0 0 0 0 0 
0.1131 0.0001 0 0 0 0 0 0 0 0 0 0 0 0 0 0 0 0 
0.0847 0 0 0 0 0 0 0 0 0 0 0 0 0 0 0 0 0 
0.0595 0 0 0 0 0 0 0 0 0 0 0 0 0 0 0 0 0 
0.0385 0 0 0 0 0 0 0 0 0 0 0 0 0 0 0 0 0 
0.0251 0 0 0 0 0 0 0 0 0 0 0 0 0 0 0 0 0 
0.0154 0 0 0 0 0 0 0 0 0 0 0 0 0 0 0 0 0 
0.0062 0 0 0 0 0 0 0 0 0 0 0 0 0 0 0 0 0 
0.003 0 0 0 0 0 0 0 0 0 0 0 0 0 0 0 0 0 
0.0007 0 0 0 0 0 0 0 0 0 0 0 0 0 0 0 0 0 
0 0 0 0 0 0 0 0 0 0 0 0 0 0 0 0 0 0 

1 0.999 0.9975 0.9931 0.9872 0.9808 0.9737 0.9633 0.9449 0.9278 0.9076 0.8864 0.8553 0.8181 0.7752 0.7255 0.6428 0.5139 
0.4806 0.0003 0.0001 0 0 0 0 0 0 0 0 0 0 0 0 0 0 0 
0.3558 0 0 0 0 0 0 0 0 0 0 0 0 0 0 0 0 0 
0.284 0 0 0 0 0 0 0 0 0 0 0 0 0 0 0 0 0 
0.225 0 0 0 0 0 0 0 0 0 0 0 0 0 0 0 0 0 
0.1878 0 0 0 0 0 0 0 0 0 0 0 0 0 0 0 0 0 
0.1519 0 0 0 0 0 0 0 0 0 0 0 0 0 0 0 0 0 
0.1215 0 0 0 0 0 0 0 0 0 0 0 0 0 0 0 0 0 
0.0935 0 0 0 0 0 0 0 0 0 0 0 0 0 0 0 0 0 
0.0724 0 0 0 0 0 0 0 0 0 0 0 0 0 0 0 0 0 
0.0522 0 0 0 0 0 0 0 0 0 0 0 0 0 0 0 0 0 
0.035 0 0 0 0 0 0 0 0 0 0 0 0 0 0 0 0 0 
0.0242 0 0 0 0 0 0 0 0 0 0 0 0 0 0 0 0 0 
0.0134 0 0 0 0 0 0 0 0 0 0 0 0 0 0 0 0 0 
0.0066 0 0 0 0 0 0 0 0 0 0 0 0 0 0 0 0 0 
0.0028 0 0 0 0 0 0 0 0 0 0 0 0 0 0 0 0 0 
0.0007 0 0 0 0 0 0 0 0 0 0 0 0 0 0 0 0 0 
0.0001 0 0 0 0 0 0 0 0 0 0 0 0 0 0 0 0 0 

1 0.9969 0.9926 0.9723 0.9414 0.9112 0.858 0.807 0.7353 0.6619 0.5827 0.5131 0.4345 0.3585 0.2918 0.2325 0.163 0.1094 
0.8594 0.6854 0.5194 0.3556 0.2191 0.1357 0.0698 0.0353 0.0097 0.0032 0.0009 0.0002 0.0002 0 0 0 0 0 
0.6901 0.3709 0.1564 0.0486 0.0078 0.0012 0.0003 0 0 0 0 0 0 0 0 0 0 0 
0.5463 0.1982 0.0519 0.0081 0.0003 0 0 0 0 0 0 0 0 0 0 0 0 0 
0.4161 0.0974 0.0121 0.0008 0 0 0 0 0 0 0 0 0 0 0 0 0 0 
0.3041 0.0388 0.0025 0.0003 0 0 0 0 0 0 0 0 0 0 0 0 0 0 
0.2111 0.0131 0.0004 0.0001 0 0 0 0 0 0 0 0 0 0 0 0 0 0 
0.1413 0.0031 0.0001 0 0 0 0 0 0 0 0 0 0 0 0 0 0 0 
0.0915 0.0005 0 0 0 0 0 0 0 0 0 0 0 0 0 0 0 0 
0.0592 0.0001 0 0 0 0 0 0 0 0 0 0 0 0 0 0 0 0 
0.0344 0 0 0 0 0 0 0 0 0 0 0 0 0 0 0 0 0 
0.0208 0 0 0 0 0 0 0 0 0 0 0 0 0 0 0 0 0 
0.0102 0 0 0 0 0 0 0 0 0 0 0 0 0 0 0 0 0 
0.0044 0 0 0 0 0 0 0 0 0 0 0 0 0 0 0 0 0 
0.0013 0 0 0 0 0 0 0 0 0 0 0 0 0 0 0 0 0 
0.0002 0 0 0 0 0 0 0 0 0 0 0 0 0 0 0 0 0 
0 0 0 0 0 0 0 0 0 0 0 0 0 0 0 0 0 0 
0 0 0 0 0 0 0 0 0 0 0 0 0 0 0 0 0 0 

1 0.9983 0.9963 0.9906 0.9805 0.9677 0.9542 0.9391 0.9207 0.8908 0.8573 0.819 0.7706 0.7196 0.6492 0.5649 0.4617 0.3205 
0.6657 0.084 0.0299 0.0134 0.0078 0.005 0.002 0.001 0.0004 0.0001 0.0001 0 0 0 0 0 0 0 
0.5193 0.0243 0.0032 0.0004 0.0001 0 0 0 0 0 0 0 0 0 0 0 0 0 
0.4155 0.0098 0.0011 0 0 0 0 0 0 0 0 0 0 0 0 0 0 0 
0.3425 0.005 0.0003 0 0 0 0 0 0 0 0 0 0 0 0 0 0 0 
0.2725 0.0022 0.0001 0 0 0 0 0 0 0 0 0 0 0 0 0 0 0 
0.2193 0.0012 0 0 0 0 0 0 0 0 0 0 0 0 0 0 0 0 
0.17 0.0003 0 0 0 0 0 0 0 0 0 0 0 0 0 0 0 0 
0.1331 0.0001 0 0 0 0 0 0 0 0 0 0 0 0 0 0 0 0 
0.0974 0 0 0 0 0 0 0 0 0 0 0 0 0 0 0 0 0 
0.0679 0 0 0 0 0 0 0 0 0 0 0 0 0 0 0 0 0 
0.0465 0 0 0 0 0 0 0 0 0 0 0 0 0 0 0 0 0 
0.0282 0 0 0 0 0 0 0 0 0 0 0 0 0 0 0 0 0 
0.0177 0 0 0 0 0 0 0 0 0 0 0 0 0 0 0 0 0 
0.0083 0 0 0 0 0 0 0 0 0 0 0 0 0 0 0 0 0 
0.0028 0 0 0 0 0 0 0 0 0 0 0 0 0 0 0 0 0 
0.0005 0 0 0 0 0 0 0 0 0 0 0 0 0 0 0 0 0 
0 0 0 0 0 0 0 0 0 0 0 0 0 0 0 0 0 0 

1 0.9983 0.9963 0.9873 0.9783 0.9678 0.9501 0.9322 0.9121 0.8857 0.8472 0.8097 0.76 0.7021 0.6284 0.5407 0.4374 0.2945 
0.6885 0.0519 0.0173 0.0077 0.0039 0.0026 0.0011 0.0007 0.0001 0 0 0 0 0 0 0 0 0 
0.5451 0.0094 0.001 0.0001 0 0 0 0 0 0 0 0 0 0 0 0 0 0 
0.4503 0.0035 0.0003 0 0 0 0 0 0 0 0 0 0 0 0 0 0 0 
0.3645 0.0014 0.0001 0 0 0 0 0 0 0 0 0 0 0 0 0 0 0 
0.3001 0.0009 0 0 0 0 0 0 0 0 0 0 0 0 0 0 0 0 
0.2455 0.0005 0 0 0 0 0 0 0 0 0 0 0 0 0 0 0 0 
0.1943 0.0002 0 0 0 0 0 0 0 0 0 0 0 0 0 0 0 0 
0.1554 0 0 0 0 0 0 0 0 0 0 0 0 0 0 0 0 0 
0.1138 0 0 0 0 0 0 0 0 0 0 0 0 0 0 0 0 0 
0.0828 0 0 0 0 0 0 0 0 0 0 0 0 0 0 0 0 0 
0.0565 0 0 0 0 0 0 0 0 0 0 0 0 0 0 0 0 0 
0.0344 0 0 0 0 0 0 0 0 0 0 0 0 0 0 0 0 0 
0.0212 0 0 0 0 0 0 0 0 0 0 0 0 0 0 0 0 0 
0.0117 0 0 0 0 0 0 0 0 0 0 0 0 0 0 0 0 0 
0.0045 0 0 0 0 0 0 0 0 0 0 0 0 0 0 0 0 0 
0.0005 0 0 0 0 0 0 0 0 0 0 0 0 0 0 0 0 0 
0.0001 0 0 0 0 0 0 0 0 0 0 0 0 0 0 0 0 0 

1 0.9986 0.9974 0.99 0.9836 0.9742 0.9644 0.9538 0.9335 0.9172 0.8942 0.8694 0.8341 0.7911 0.7372 0.6643 0.5796 0.436 
0.5554 0 0 0 0 0 0 0 0 0 0 0 0 0 0 0 0 0 
0.4175 0 0 0 0 0 0 0 0 0 0 0 0 0 0 0 0 0 
0.3382 0 0 0 0 0 0 0 0 0 0 0 0 0 0 0 0 0 
0.2741 0 0 0 0 0 0 0 0 0 0 0 0 0 0 0 0 0 
0.2215 0 0 0 0 0 0 0 0 0 0 0 0 0 0 0 0 0 
0.1779 0 0 0 0 0 0 0 0 0 0 0 0 0 0 0 0 0 
0.1376 0 0 0 0 0 0 0 0 0 0 0 0 0 0 0 0 0 
0.1086 0 0 0 0 0 0 0 0 0 0 0 0 0 0 0 0 0 
0.0833 0 0 0 0 0 0 0 0 0 0 0 0 0 0 0 0 0 
0.0609 0 0 0 0 0 0 0 0 0 0 0 0 0 0 0 0 0 
0.0438 0 0 0 0 0 0 0 0 0 0 0 0 0 0 0 0 0 
0.0302 0 0 0 0 0 0 0 0 0 0 0 0 0 0 0 0 0 
0.0184 0 0 0 0 0 0 0 0 0 0 0 0 0 0 0 0 0 
0.0093 0 0 0 0 0 0 0 0 0 0 0 0 0 0 0 0 0 
0.0036 0 0 0 0 0 0 0 0 0 0 0 0 0 0 0 0 0 
0.0011 0 0 0 0 0 0 0 0 0 0 0 0 0 0 0 0 0 
0 0 0 0 0 0 0 0 0 0 0 0 0 0 0 0 0 0 

1 0.9983 0.9956 0.988 0.9816 0.9682 0.954 0.9352 0.9121 0.8848 0.8478 0.8049 0.7561 0.6955 0.6254 0.5388 0.4233 0.2785 
0.7055 0.0263 0.0054 0.002 0.0013 0.001 0.0002 0.0002 0.0002 0.0001 0 0 0 0 0 0 0 0 
0.5626 0.0045 0.0004 0 0 0 0 0 0 0 0 0 0 0 0 0 0 0 
0.4618 0.0015 0 0 0 0 0 0 0 0 0 0 0 0 0 0 0 0 
0.3794 0.0007 0 0 0 0 0 0 0 0 0 0 0 0 0 0 0 0 
0.3128 0.0003 0 0 0 0 0 0 0 0 0 0 0 0 0 0 0 0 
0.2525 0 0 0 0 0 0 0 0 0 0 0 0 0 0 0 0 0 
0.2033 0 0 0 0 0 0 0 0 0 0 0 0 0 0 0 0 0 
0.1582 0 0 0 0 0 0 0 0 0 0 0 0 0 0 0 0 0 
0.1187 0 0 0 0 0 0 0 0 0 0 0 0 0 0 0 0 0 
0.0849 0 0 0 0 0 0 0 0 0 0 0 0 0 0 0 0 0 
0.0552 0 0 0 0 0 0 0 0 0 0 0 0 0 0 0 0 0 
0.0362 0 0 0 0 0 0 0 0 0 0 0 0 0 0 0 0 0 
0.0216 0 0 0 0 0 0 0 0 0 0 0 0 0 0 0 0 0 
0.0099 0 0 0 0 0 0 0 0 0 0 0 0 0 0 0 0 0 
0.0043 0 0 0 0 0 0 0 0 0 0 0 0 0 0 0 0 0 
0.0008 0 0 0 0 0 0 0 0 0 0 0 0 0 0 0 0 0 
0.0001 0 0 0 0 0 0 0 0 0 0 0 0 0 0 0 0 0 

1 0.999 0.9973 0.9898 0.9841 0.9756 0.9667 0.9518 0.9371 0.9168 0.8965 0.8627 0.8283 0.7858 0.7296 0.6632 0.5679 0.4219 
0.5694 0 0 0 0 0 0 0 0 0 0 0 0 0 0 0 0 0 
0.4364 0 0 0 0 0 0 0 0 0 0 0 0 0 0 0 0 0 
0.3401 0 0 0 0 0 0 0 0 0 0 0 0 0 0 0 0 0 
0.2793 0 0 0 0 0 0 0 0 0 0 0 0 0 0 0 0 0 
0.2237 0 0 0 0 0 0 0 0 0 0 0 0 0 0 0 0 0 
0.1781 0 0 0 0 0 0 0 0 0 0 0 0 0 0 0 0 0 
0.1424 0 0 0 0 0 0 0 0 0 0 0 0 0 0 0 0 0 
0.1136 0 0 0 0 0 0 0 0 0 0 0 0 0 0 0 0 0 
0.0848 0 0 0 0 0 0 0 0 0 0 0 0 0 0 0 0 0 
0.0618 0 0 0 0 0 0 0 0 0 0 0 0 0 0 0 0 0 
0.0416 0 0 0 0 0 0 0 0 0 0 0 0 0 0 0 0 0 
0.0273 0 0 0 0 0 0 0 0 0 0 0 0 0 0 0 0 0 
0.0159 0 0 0 0 0 0 0 0 0 0 0 0 0 0 0 0 0 
0.0078 0 0 0 0 0 0 0 0 0 0 0 0 0 0 0 0 0 
0.0029 0 0 0 0 0 0 0 0 0 0 0 0 0 0 0 0 0 
0.0007 0 0 0 0 0 0 0 0 0 0 0 0 0 0 0 0 0 
0.0001 0 0 0 0 0 0 0 0 0 0 0 0 0 0 0 0 0 

1 0.9983 0.9972 0.9911 0.984 0.9753 0.9624 0.9516 0.9363 0.9158 0.8914 0.8621 0.8246 0.7778 0.7306 0.6612 0.5648 0.4198 
0.573 0 0 0 0 0 0 0 0 0 0 0 0 0 0 0 0 0 
0.4341 0 0 0 0 0 0 0 0 0 0 0 0 0 0 0 0 0 
0.3461 0 0 0 0 0 0 0 0 0 0 0 0 0 0 0 0 0 
0.279 0 0 0 0 0 0 0 0 0 0 0 0 0 0 0 0 0 
0.2283 0 0 0 0 0 0 0 0 0 0 0 0 0 0 0 0 0 
0.1834 0 0 0 0 0 0 0 0 0 0 0 0 0 0 0 0 0 
0.1455 0 0 0 0 0 0 0 0 0 0 0 0 0 0 0 0 0 
0.114 0 0 0 0 0 0 0 0 0 0 0 0 0 0 0 0 0 
0.086 0 0 0 0 0 0 0 0 0 0 0 0 0 0 0 0 0 
0.0611 0 0 0 0 0 0 0 0 0 0 0 0 0 0 0 0 0 
0.043 0 0 0 0 0 0 0 0 0 0 0 0 0 0 0 0 0 
0.0298 0 0 0 0 0 0 0 0 0 0 0 0 0 0 0 0 0 
0.0178 0 0 0 0 0 0 0 0 0 0 0 0 0 0 0 0 0 
0.0096 0 0 0 0 0 0 0 0 0 0 0 0 0 0 0 0 0 
0.0036 0 0 0 0 0 0 0 0 0 0 0 0 0 0 0 0 0 
0.0013 0 0 0 0 0 0 0 0 0 0 0 0 0 0 0 0 0 
0.0001 0 0 0 0 0 0 0 0 0 0 0 0 0 0 0 0 0 

1 0.9991 0.998 0.9939 0.9867 0.9819 0.9713 0.9638 0.9521 0.9388 0.921 0.9028 0.8785 0.8475 0.8073 0.76 0.6881 0.5738 
0.4204 0 0 0 0 0 0 0 0 0 0 0 0 0 0 0 0 0 
0.3114 0 0 0 0 0 0 0 0 0 0 0 0 0 0 0 0 0 
0.247 0 0 0 0 0 0 0 0 0 0 0 0 0 0 0 0 0 
0.1987 0 0 0 0 0 0 0 0 0 0 0 0 0 0 0 0 0 
0.1594 0 0 0 0 0 0 0 0 0 0 0 0 0 0 0 0 0 
0.1285 0 0 0 0 0 0 0 0 0 0 0 0 0 0 0 0 0 
0.1008 0 0 0 0 0 0 0 0 0 0 0 0 0 0 0 0 0 
0.08 0 0 0 0 0 0 0 0 0 0 0 0 0 0 0 0 0 
0.0635 0 0 0 0 0 0 0 0 0 0 0 0 0 0 0 0 0 
0.0461 0 0 0 0 0 0 0 0 0 0 0 0 0 0 0 0 0 
0.0344 0 0 0 0 0 0 0 0 0 0 0 0 0 0 0 0 0 
0.0217 0 0 0 0 0 0 0 0 0 0 0 0 0 0 0 0 0 
0.0134 0 0 0 0 0 0 0 0 0 0 0 0 0 0 0 0 0 
0.0073 0 0 0 0 0 0 0 0 0 0 0 0 0 0 0 0 0 
0.0022 0 0 0 0 0 0 0 0 0 0 0 0 0 0 0 0 0 
0.0006 0 0 0 0 0 0 0 0 0 0 0 0 0 0 0 0 0 
0 0 0 0 0 0 0 0 0 0 0 0 0 0 0 0 0 0 

1 0.9975 0.9927 0.9754 0.9577 0.9278 0.8876 0.8411 0.785 0.7176 0.635 0.5563 0.4765 0.397 0.3127 0.2317 0.1547 0.0922 
0.8763 0.5816 0.3736 0.2244 0.1324 0.0771 0.0392 0.0177 0.0084 0.002 0.0003 0.0002 0 0 0 0 0 0 
0.7301 0.2794 0.092 0.0226 0.0029 0.0006 0.0001 0 0 0 0 0 0 0 0 0 0 0 
0.6082 0.1437 0.0276 0.0032 0.0001 0 0 0 0 0 0 0 0 0 0 0 0 0 
0.4819 0.0616 0.0055 0 0 0 0 0 0 0 0 0 0 0 0 0 0 0 
0.3688 0.0253 0.0008 0 0 0 0 0 0 0 0 0 0 0 0 0 0 0 
0.2851 0.0085 0.0002 0 0 0 0 0 0 0 0 0 0 0 0 0 0 0 
0.2089 0.0023 0.0001 0 0 0 0 0 0 0 0 0 0 0 0 0 0 0 
0.1475 0.0005 0 0 0 0 0 0 0 0 0 0 0 0 0 0 0 0 
0.0957 0.0001 0 0 0 0 0 0 0 0 0 0 0 0 0 0 0 0 
0.0601 0 0 0 0 0 0 0 0 0 0 0 0 0 0 0 0 0 
0.0347 0 0 0 0 0 0 0 0 0 0 0 0 0 0 0 0 0 
0.0177 0 0 0 0 0 0 0 0 0 0 0 0 0 0 0 0 0 
0.0083 0 0 0 0 0 0 0 0 0 0 0 0 0 0 0 0 0 
0.003 0 0 0 0 0 0 0 0 0 0 0 0 0 0 0 0 0 
0.0011 0 0 0 0 0 0 0 0 0 0 0 0 0 0 0 0 0 
0.0001 0 0 0 0 0 0 0 0 0 0 0 0 0 0 0 0 0 
0 0 0 0 0 0 0 0 0 0 0 0 0 0 0 0 0 0 

1 0.9976 0.9961 0.9856 0.9787 0.9655 0.9513 0.9337 0.9129 0.8795 0.8446 0.8 0.741 0.6824 0.6058 0.5175 0.3975 0.2502 
0.7318 0.0214 0.006 0.0025 0.0013 0.0006 0.0004 0.0001 0 0 0 0 0 0 0 0 0 0 
0.5922 0.0032 0.0001 0 0 0 0 0 0 0 0 0 0 0 0 0 0 0 
0.4831 0.0014 0 0 0 0 0 0 0 0 0 0 0 0 0 0 0 0 
0.3998 0.0005 0 0 0 0 0 0 0 0 0 0 0 0 0 0 0 0 
0.3315 0 0 0 0 0 0 0 0 0 0 0 0 0 0 0 0 0 
0.2673 0 0 0 0 0 0 0 0 0 0 0 0 0 0 0 0 0 
0.2083 0 0 0 0 0 0 0 0 0 0 0 0 0 0 0 0 0 
0.1632 0 0 0 0 0 0 0 0 0 0 0 0 0 0 0 0 0 
0.1212 0 0 0 0 0 0 0 0 0 0 0 0 0 0 0 0 0 
0.0882 0 0 0 0 0 0 0 0 0 0 0 0 0 0 0 0 0 
0.0573 0 0 0 0 0 0 0 0 0 0 0 0 0 0 0 0 0 
0.0394 0 0 0 0 0 0 0 0 0 0 0 0 0 0 0 0 0 
0.023 0 0 0 0 0 0 0 0 0 0 0 0 0 0 0 0 0 
0.0112 0 0 0 0 0 0 0 0 0 0 0 0 0 0 0 0 0 
0.0045 0 0 0 0 0 0 0 0 0 0 0 0 0 0 0 0 0 
0.0005 0 0 0 0 0 0 0 0 0 0 0 0 0 0 0 0 0 
0.0001 0 0 0 0 0 0 0 0 0 0 0 0 0 0 0 0 0 

1 0.9975 0.9969 0.9871 0.9792 0.9668 0.947 0.931 0.9045 0.8708 0.832 0.7911 0.7344 0.6659 0.5813 0.485 0.3698 0.2243 
0.7552 0.012 0.0022 0.0007 0.0002 0.0001 0 0 0 0 0 0 0 0 0 0 0 0 
0.6198 0.0022 0 0 0 0 0 0 0 0 0 0 0 0 0 0 0 0 
0.5169 0.0005 0 0 0 0 0 0 0 0 0 0 0 0 0 0 0 0 
0.4293 0.0002 0 0 0 0 0 0 0 0 0 0 0 0 0 0 0 0 
0.3517 0.0002 0 0 0 0 0 0 0 0 0 0 0 0 0 0 0 0 
0.2843 0 0 0 0 0 0 0 0 0 0 0 0 0 0 0 0 0 
0.2212 0 0 0 0 0 0 0 0 0 0 0 0 0 0 0 0 0 
0.1718 0 0 0 0 0 0 0 0 0 0 0 0 0 0 0 0 0 
0.134 0 0 0 0 0 0 0 0 0 0 0 0 0 0 0 0 0 
0.0952 0 0 0 0 0 0 0 0 0 0 0 0 0 0 0 0 0 
0.0629 0 0 0 0 0 0 0 0 0 0 0 0 0 0 0 0 0 
0.041 0 0 0 0 0 0 0 0 0 0 0 0 0 0 0 0 0 
0.0213 0 0 0 0 0 0 0 0 0 0 0 0 0 0 0 0 0 
0.0089 0 0 0 0 0 0 0 0 0 0 0 0 0 0 0 0 0 
0.0028 0 0 0 0 0 0 0 0 0 0 0 0 0 0 0 0 0 
0.0007 0 0 0 0 0 0 0 0 0 0 0 0 0 0 0 0 0 
0.0001 0 0 0 0 0 0 0 0 0 0 0 0 0 0 0 0 0 

1 0.9988 0.9963 0.9904 0.9828 0.9733 0.9619 0.9475 0.9328 0.9079 0.8835 0.8516 0.8135 0.7688 0.7099 0.6319 0.5316 0.381 
0.6111 0 0 0 0 0 0 0 0 0 0 0 0 0 0 0 0 0 
0.4677 0 0 0 0 0 0 0 0 0 0 0 0 0 0 0 0 0 
0.3761 0 0 0 0 0 0 0 0 0 0 0 0 0 0 0 0 0 
0.2979 0 0 0 0 0 0 0 0 0 0 0 0 0 0 0 0 0 
0.2426 0 0 0 0 0 0 0 0 0 0 0 0 0 0 0 0 0 
0.1928 0 0 0 0 0 0 0 0 0 0 0 0 0 0 0 0 0 
0.1572 0 0 0 0 0 0 0 0 0 0 0 0 0 0 0 0 0 
0.1218 0 0 0 0 0 0 0 0 0 0 0 0 0 0 0 0 0 
0.0915 0 0 0 0 0 0 0 0 0 0 0 0 0 0 0 0 0 
0.0691 0 0 0 0 0 0 0 0 0 0 0 0 0 0 0 0 0 
0.0455 0 0 0 0 0 0 0 0 0 0 0 0 0 0 0 0 0 
0.0316 0 0 0 0 0 0 0 0 0 0 0 0 0 0 0 0 0 
0.0186 0 0 0 0 0 0 0 0 0 0 0 0 0 0 0 0 0 
0.0087 0 0 0 0 0 0 0 0 0 0 0 0 0 0 0 0 0 
0.0035 0 0 0 0 0 0 0 0 0 0 0 0 0 0 0 0 0 
0.0008 0 0 0 0 0 0 0 0 0 0 0 0 0 0 0 0 0 
0 0 0 0 0 0 0 0 0 0 0 0 0 0 0 0 0 0 

1 0.9979 0.996 0.987 0.9775 0.9659 0.9519 0.9301 0.9052 0.8711 0.8324 0.7805 0.7228 0.6565 0.5774 0.4821 0.3643 0.2172 
0.7653 0.0069 0.0009 0.0004 0.0004 0 0 0 0 0 0 0 0 0 0 0 0 0 
0.6252 0.0007 0 0 0 0 0 0 0 0 0 0 0 0 0 0 0 0 
0.5233 0.0003 0 0 0 0 0 0 0 0 0 0 0 0 0 0 0 0 
0.4327 0.0002 0 0 0 0 0 0 0 0 0 0 0 0 0 0 0 0 
0.3558 0.0002 0 0 0 0 0 0 0 0 0 0 0 0 0 0 0 0 
0.2877 0.0001 0 0 0 0 0 0 0 0 0 0 0 0 0 0 0 0 
0.231 0.0001 0 0 0 0 0 0 0 0 0 0 0 0 0 0 0 0 
0.1788 0 0 0 0 0 0 0 0 0 0 0 0 0 0 0 0 0 
0.1368 0 0 0 0 0 0 0 0 0 0 0 0 0 0 0 0 0 
0.0946 0 0 0 0 0 0 0 0 0 0 0 0 0 0 0 0 0 
0.0639 0 0 0 0 0 0 0 0 0 0 0 0 0 0 0 0 0 
0.0403 0 0 0 0 0 0 0 0 0 0 0 0 0 0 0 0 0 
0.0221 0 0 0 0 0 0 0 0 0 0 0 0 0 0 0 0 0 
0.011 0 0 0 0 0 0 0 0 0 0 0 0 0 0 0 0 0 
0.0046 0 0 0 0 0 0 0 0 0 0 0 0 0 0 0 0 0 
0.0009 0 0 0 0 0 0 0 0 0 0 0 0 0 0 0 0 0 
0 0 0 0 0 0 0 0 0 0 0 0 0 0 0 0 0 0 

1 0.9983 0.9964 0.9911 0.9825 0.9721 0.9615 0.9498 0.932 0.9074 0.8804 0.847 0.8073 0.7616 0.6989 0.6288 0.5286 0.3802 
0.6134 0 0 0 0 0 0 0 0 0 0 0 0 0 0 0 0 0 
0.4657 0 0 0 0 0 0 0 0 0 0 0 0 0 0 0 0 0 
0.3763 0 0 0 0 0 0 0 0 0 0 0 0 0 0 0 0 0 
0.3049 0 0 0 0 0 0 0 0 0 0 0 0 0 0 0 0 0 
0.2534 0 0 0 0 0 0 0 0 0 0 0 0 0 0 0 0 0 
0.2016 0 0 0 0 0 0 0 0 0 0 0 0 0 0 0 0 0 
0.1608 0 0 0 0 0 0 0 0 0 0 0 0 0 0 0 0 0 
0.125 0 0 0 0 0 0 0 0 0 0 0 0 0 0 0 0 0 
0.0954 0 0 0 0 0 0 0 0 0 0 0 0 0 0 0 0 0 
0.0698 0 0 0 0 0 0 0 0 0 0 0 0 0 0 0 0 0 
0.0465 0 0 0 0 0 0 0 0 0 0 0 0 0 0 0 0 0 
0.03 0 0 0 0 0 0 0 0 0 0 0 0 0 0 0 0 0 
0.0193 0 0 0 0 0 0 0 0 0 0 0 0 0 0 0 0 0 
0.0097 0 0 0 0 0 0 0 0 0 0 0 0 0 0 0 0 0 
0.0033 0 0 0 0 0 0 0 0 0 0 0 0 0 0 0 0 0 
0.0009 0 0 0 0 0 0 0 0 0 0 0 0 0 0 0 0 0 
0.0001 0 0 0 0 0 0 0 0 0 0 0 0 0 0 0 0 0 

1 0.998 0.997 0.9892 0.9815 0.9726 0.9602 0.9423 0.9289 0.902 0.8752 0.8383 0.7983 0.7495 0.6884 0.6142 0.5183 0.3643 
0.6297 0 0 0 0 0 0 0 0 0 0 0 0 0 0 0 0 0 
0.4782 0 0 0 0 0 0 0 0 0 0 0 0 0 0 0 0 0 
0.388 0 0 0 0 0 0 0 0 0 0 0 0 0 0 0 0 0 
0.3191 0 0 0 0 0 0 0 0 0 0 0 0 0 0 0 0 0 
0.262 0 0 0 0 0 0 0 0 0 0 0 0 0 0 0 0 0 
0.2115 0 0 0 0 0 0 0 0 0 0 0 0 0 0 0 0 0 
0.1691 0 0 0 0 0 0 0 0 0 0 0 0 0 0 0 0 0 
0.1317 0 0 0 0 0 0 0 0 0 0 0 0 0 0 0 0 0 
0.1015 0 0 0 0 0 0 0 0 0 0 0 0 0 0 0 0 0 
0.0756 0 0 0 0 0 0 0 0 0 0 0 0 0 0 0 0 0 
0.0503 0 0 0 0 0 0 0 0 0 0 0 0 0 0 0 0 0 
0.031 0 0 0 0 0 0 0 0 0 0 0 0 0 0 0 0 0 
0.0197 0 0 0 0 0 0 0 0 0 0 0 0 0 0 0 0 0 
0.0093 0 0 0 0 0 0 0 0 0 0 0 0 0 0 0 0 0 
0.0041 0 0 0 0 0 0 0 0 0 0 0 0 0 0 0 0 0 
0.0009 0 0 0 0 0 0 0 0 0 0 0 0 0 0 0 0 0 
0.0001 0 0 0 0 0 0 0 0 0 0 0 0 0 0 0 0 0 

1 0.9981 0.9973 0.9925 0.9852 0.9803 0.9735 0.9629 0.9504 0.9334 0.9152 0.8924 0.8683 0.8316 0.793 0.7339 0.6598 0.5309 
0.4641 0 0 0 0 0 0 0 0 0 0 0 0 0 0 0 0 0 
0.3371 0 0 0 0 0 0 0 0 0 0 0 0 0 0 0 0 0 
0.2751 0 0 0 0 0 0 0 0 0 0 0 0 0 0 0 0 0 
0.2149 0 0 0 0 0 0 0 0 0 0 0 0 0 0 0 0 0 
0.1709 0 0 0 0 0 0 0 0 0 0 0 0 0 0 0 0 0 
0.1405 0 0 0 0 0 0 0 0 0 0 0 0 0 0 0 0 0 
0.1133 0 0 0 0 0 0 0 0 0 0 0 0 0 0 0 0 0 
0.0892 0 0 0 0 0 0 0 0 0 0 0 0 0 0 0 0 0 
0.0688 0 0 0 0 0 0 0 0 0 0 0 0 0 0 0 0 0 
0.0478 0 0 0 0 0 0 0 0 0 0 0 0 0 0 0 0 0 
0.0348 0 0 0 0 0 0 0 0 0 0 0 0 0 0 0 0 0 
0.0212 0 0 0 0 0 0 0 0 0 0 0 0 0 0 0 0 0 
0.0133 0 0 0 0 0 0 0 0 0 0 0 0 0 0 0 0 0 
0.0064 0 0 0 0 0 0 0 0 0 0 0 0 0 0 0 0 0 
0.0029 0 0 0 0 0 0 0 0 0 0 0 0 0 0 0 0 0 
0.001 0 0 0 0 0 0 0 0 0 0 0 0 0 0 0 0 0 
0 0 0 0 0 0 0 0 0 0 0 0 0 0 0 0 0 0 

1 0.9975 0.9951 0.9859 0.9769 0.965 0.9492 0.9308 0.904 0.8698 0.8307 0.7841 0.7209 0.6535 0.5744 0.4783 0.3628 0.2196 
0.7629 0.0044 0.001 0.0003 0.0002 0.0001 0.0002 0.0001 0 0 0 0 0 0 0 0 0 0 
0.6199 0.0007 0 0 0 0 0 0 0 0 0 0 0 0 0 0 0 0 
0.5225 0 0 0 0 0 0 0 0 0 0 0 0 0 0 0 0 0 
0.4353 0 0 0 0 0 0 0 0 0 0 0 0 0 0 0 0 0 
0.367 0 0 0 0 0 0 0 0 0 0 0 0 0 0 0 0 0 
0.2943 0 0 0 0 0 0 0 0 0 0 0 0 0 0 0 0 0 
0.2334 0 0 0 0 0 0 0 0 0 0 0 0 0 0 0 0 0 
0.1785 0 0 0 0 0 0 0 0 0 0 0 0 0 0 0 0 0 
0.1357 0 0 0 0 0 0 0 0 0 0 0 0 0 0 0 0 0 
0.094 0 0 0 0 0 0 0 0 0 0 0 0 0 0 0 0 0 
0.0662 0 0 0 0 0 0 0 0 0 0 0 0 0 0 0 0 0 
0.0438 0 0 0 0 0 0 0 0 0 0 0 0 0 0 0 0 0 
0.0233 0 0 0 0 0 0 0 0 0 0 0 0 0 0 0 0 0 
0.0114 0 0 0 0 0 0 0 0 0 0 0 0 0 0 0 0 0 
0.0049 0 0 0 0 0 0 0 0 0 0 0 0 0 0 0 0 0 
0.0013 0 0 0 0 0 0 0 0 0 0 0 0 0 0 0 0 0 
0.0001 0 0 0 0 0 0 0 0 0 0 0 0 0 0 0 0 0 

1 0.9984 0.9964 0.9888 0.9829 0.9746 0.9615 0.9471 0.9274 0.9024 0.8758 0.8354 0.802 0.7523 0.6938 0.618 0.5211 0.3684 
0.6221 0 0 0 0 0 0 0 0 0 0 0 0 0 0 0 0 0 
0.4774 0 0 0 0 0 0 0 0 0 0 0 0 0 0 0 0 0 
0.385 0 0 0 0 0 0 0 0 0 0 0 0 0 0 0 0 0 
0.3155 0 0 0 0 0 0 0 0 0 0 0 0 0 0 0 0 0 
0.258 0 0 0 0 0 0 0 0 0 0 0 0 0 0 0 0 0 
0.2066 0 0 0 0 0 0 0 0 0 0 0 0 0 0 0 0 0 
0.1661 0 0 0 0 0 0 0 0 0 0 0 0 0 0 0 0 0 
0.1307 0 0 0 0 0 0 0 0 0 0 0 0 0 0 0 0 0 
0.1019 0 0 0 0 0 0 0 0 0 0 0 0 0 0 0 0 0 
0.0731 0 0 0 0 0 0 0 0 0 0 0 0 0 0 0 0 0 
0.051 0 0 0 0 0 0 0 0 0 0 0 0 0 0 0 0 0 
0.034 0 0 0 0 0 0 0 0 0 0 0 0 0 0 0 0 0 
0.0185 0 0 0 0 0 0 0 0 0 0 0 0 0 0 0 0 0 
0.0091 0 0 0 0 0 0 0 0 0 0 0 0 0 0 0 0 0 
0.0039 0 0 0 0 0 0 0 0 0 0 0 0 0 0 0 0 0 
0.0008 0 0 0 0 0 0 0 0 0 0 0 0 0 0 0 0 0 
0 0 0 0 0 0 0 0 0 0 0 0 0 0 0 0 0 0 

1 0.9988 0.9958 0.9886 0.9814 0.9711 0.9593 0.9468 0.9267 0.9062 0.8779 0.8412 0.8024 0.7546 0.691 0.6157 0.5149 0.3645 
0.6265 0 0 0 0 0 0 0 0 0 0 0 0 0 0 0 0 0 
0.4857 0 0 0 0 0 0 0 0 0 0 0 0 0 0 0 0 0 
0.3875 0 0 0 0 0 0 0 0 0 0 0 0 0 0 0 0 0 
0.3166 0 0 0 0 0 0 0 0 0 0 0 0 0 0 0 0 0 
0.2544 0 0 0 0 0 0 0 0 0 0 0 0 0 0 0 0 0 
0.212 0 0 0 0 0 0 0 0 0 0 0 0 0 0 0 0 0 
0.1628 0 0 0 0 0 0 0 0 0 0 0 0 0 0 0 0 0 
0.1305 0 0 0 0 0 0 0 0 0 0 0 0 0 0 0 0 0 
0.097 0 0 0 0 0 0 0 0 0 0 0 0 0 0 0 0 0 
0.0735 0 0 0 0 0 0 0 0 0 0 0 0 0 0 0 0 0 
0.0497 0 0 0 0 0 0 0 0 0 0 0 0 0 0 0 0 0 
0.0326 0 0 0 0 0 0 0 0 0 0 0 0 0 0 0 0 0 
0.019 0 0 0 0 0 0 0 0 0 0 0 0 0 0 0 0 0 
0.0104 0 0 0 0 0 0 0 0 0 0 0 0 0 0 0 0 0 
0.0037 0 0 0 0 0 0 0 0 0 0 0 0 0 0 0 0 0 
0.0012 0 0 0 0 0 0 0 0 0 0 0 0 0 0 0 0 0 
0 0 0 0 0 0 0 0 0 0 0 0 0 0 0 0 0 0 

1 0.9988 0.9981 0.9932 0.9867 0.981 0.9719 0.9628 0.9476 0.933 0.9122 0.8894 0.8592 0.827 0.7869 0.7331 0.6522 0.518 
0.4785 0 0 0 0 0 0 0 0 0 0 0 0 0 0 0 0 0 
0.3475 0 0 0 0 0 0 0 0 0 0 0 0 0 0 0 0 0 
0.2761 0 0 0 0 0 0 0 0 0 0 0 0 0 0 0 0 0 
0.2201 0 0 0 0 0 0 0 0 0 0 0 0 0 0 0 0 0 
0.1759 0 0 0 0 0 0 0 0 0 0 0 0 0 0 0 0 0 
0.1434 0 0 0 0 0 0 0 0 0 0 0 0 0 0 0 0 0 
0.1169 0 0 0 0 0 0 0 0 0 0 0 0 0 0 0 0 0 
0.0909 0 0 0 0 0 0 0 0 0 0 0 0 0 0 0 0 0 
0.0692 0 0 0 0 0 0 0 0 0 0 0 0 0 0 0 0 0 
0.0502 0 0 0 0 0 0 0 0 0 0 0 0 0 0 0 0 0 
0.0351 0 0 0 0 0 0 0 0 0 0 0 0 0 0 0 0 0 
0.0223 0 0 0 0 0 0 0 0 0 0 0 0 0 0 0 0 0 
0.013 0 0 0 0 0 0 0 0 0 0 0 0 0 0 0 0 0 
0.0066 0 0 0 0 0 0 0 0 0 0 0 0 0 0 0 0 0 
0.0026 0 0 0 0 0 0 0 0 0 0 0 0 0 0 0 0 0 
0.0006 0 0 0 0 0 0 0 0 0 0 0 0 0 0 0 0 0 
0 0 0 0 0 0 0 0 0 0 0 0 0 0 0 0 0 0 

1 0.9982 0.9962 0.9903 0.9839 0.9731 0.9633 0.9484 0.9293 0.9068 0.8791 0.8494 0.807 0.7592 0.6989 0.6165 0.5185 0.3681 
0.624 0 0 0 0 0 0 0 0 0 0 0 0 0 0 0 0 0 
0.4769 0 0 0 0 0 0 0 0 0 0 0 0 0 0 0 0 0 
0.3841 0 0 0 0 0 0 0 0 0 0 0 0 0 0 0 0 0 
0.3123 0 0 0 0 0 0 0 0 0 0 0 0 0 0 0 0 0 
0.2538 0 0 0 0 0 0 0 0 0 0 0 0 0 0 0 0 0 
0.2037 0 0 0 0 0 0 0 0 0 0 0 0 0 0 0 0 0 
0.1615 0 0 0 0 0 0 0 0 0 0 0 0 0 0 0 0 0 
0.1257 0 0 0 0 0 0 0 0 0 0 0 0 0 0 0 0 0 
0.0957 0 0 0 0 0 0 0 0 0 0 0 0 0 0 0 0 0 
0.0681 0 0 0 0 0 0 0 0 0 0 0 0 0 0 0 0 0 
0.0451 0 0 0 0 0 0 0 0 0 0 0 0 0 0 0 0 0 
0.0314 0 0 0 0 0 0 0 0 0 0 0 0 0 0 0 0 0 
0.0183 0 0 0 0 0 0 0 0 0 0 0 0 0 0 0 0 0 
0.0087 0 0 0 0 0 0 0 0 0 0 0 0 0 0 0 0 0 
0.0032 0 0 0 0 0 0 0 0 0 0 0 0 0 0 0 0 0 
0.0011 0 0 0 0 0 0 0 0 0 0 0 0 0 0 0 0 0 
0.0002 0 0 0 0 0 0 0 0 0 0 0 0 0 0 0 0 0 

1 0.9984 0.9978 0.9939 0.9867 0.9782 0.9721 0.9617 0.9481 0.9344 0.9154 0.8945 0.8655 0.8278 0.7852 0.7297 0.6551 0.5273 
0.4701 0 0 0 0 0 0 0 0 0 0 0 0 0 0 0 0 0 
0.3439 0 0 0 0 0 0 0 0 0 0 0 0 0 0 0 0 0 
0.2748 0 0 0 0 0 0 0 0 0 0 0 0 0 0 0 0 0 
0.218 0 0 0 0 0 0 0 0 0 0 0 0 0 0 0 0 0 
0.1789 0 0 0 0 0 0 0 0 0 0 0 0 0 0 0 0 0 
0.1449 0 0 0 0 0 0 0 0 0 0 0 0 0 0 0 0 0 
0.1143 0 0 0 0 0 0 0 0 0 0 0 0 0 0 0 0 0 
0.0854 0 0 0 0 0 0 0 0 0 0 0 0 0 0 0 0 0 
0.0659 0 0 0 0 0 0 0 0 0 0 0 0 0 0 0 0 0 
0.0478 0 0 0 0 0 0 0 0 0 0 0 0 0 0 0 0 0 
0.0355 0 0 0 0 0 0 0 0 0 0 0 0 0 0 0 0 0 
0.0228 0 0 0 0 0 0 0 0 0 0 0 0 0 0 0 0 0 
0.0151 0 0 0 0 0 0 0 0 0 0 0 0 0 0 0 0 0 
0.0076 0 0 0 0 0 0 0 0 0 0 0 0 0 0 0 0 0 
0.0025 0 0 0 0 0 0 0 0 0 0 0 0 0 0 0 0 0 
0.0007 0 0 0 0 0 0 0 0 0 0 0 0 0 0 0 0 0 
0 0 0 0 0 0 0 0 0 0 0 0 0 0 0 0 0 0 

1 0.9988 0.9969 0.9929 0.9872 0.9817 0.9701 0.9585 0.9481 0.9311 0.915 0.8914 0.8683 0.833 0.7885 0.7305 0.6574 0.5242 
0.4703 0 0 0 0 0 0 0 0 0 0 0 0 0 0 0 0 0 
0.3411 0 0 0 0 0 0 0 0 0 0 0 0 0 0 0 0 0 
0.2728 0 0 0 0 0 0 0 0 0 0 0 0 0 0 0 0 0 
0.2218 0 0 0 0 0 0 0 0 0 0 0 0 0 0 0 0 0 
0.1751 0 0 0 0 0 0 0 0 0 0 0 0 0 0 0 0 0 
0.1416 0 0 0 0 0 0 0 0 0 0 0 0 0 0 0 0 0 
0.1096 0 0 0 0 0 0 0 0 0 0 0 0 0 0 0 0 0 
0.0856 0 0 0 0 0 0 0 0 0 0 0 0 0 0 0 0 0 
0.0684 0 0 0 0 0 0 0 0 0 0 0 0 0 0 0 0 0 
0.0506 0 0 0 0 0 0 0 0 0 0 0 0 0 0 0 0 0 
0.0374 0 0 0 0 0 0 0 0 0 0 0 0 0 0 0 0 0 
0.026 0 0 0 0 0 0 0 0 0 0 0 0 0 0 0 0 0 
0.0144 0 0 0 0 0 0 0 0 0 0 0 0 0 0 0 0 0 
0.0082 0 0 0 0 0 0 0 0 0 0 0 0 0 0 0 0 0 
0.0028 0 0 0 0 0 0 0 0 0 0 0 0 0 0 0 0 0 
0.0006 0 0 0 0 0 0 0 0 0 0 0 0 0 0 0 0 0 
0.0001 0 0 0 0 0 0 0 0 0 0 0 0 0 0 0 0 0 

1 0.9994 0.998 0.9947 0.9904 0.9849 0.9789 0.9692 0.9622 0.9522 0.9384 0.922 0.9033 0.8814 0.8524 0.8145 0.7597 0.6668 
0.334 0 0 0 0 0 0 0 0 0 0 0 0 0 0 0 0 0 
0.2406 0 0 0 0 0 0 0 0 0 0 0 0 0 0 0 0 0 
0.1872 0 0 0 0 0 0 0 0 0 0 0 0 0 0 0 0 0 
0.1527 0 0 0 0 0 0 0 0 0 0 0 0 0 0 0 0 0 
0.1246 0 0 0 0 0 0 0 0 0 0 0 0 0 0 0 0 0 
0.1018 0 0 0 0 0 0 0 0 0 0 0 0 0 0 0 0 0 
0.08 0 0 0 0 0 0 0 0 0 0 0 0 0 0 0 0 0 
0.0627 0 0 0 0 0 0 0 0 0 0 0 0 0 0 0 0 0 
0.0478 0 0 0 0 0 0 0 0 0 0 0 0 0 0 0 0 0 
0.0377 0 0 0 0 0 0 0 0 0 0 0 0 0 0 0 0 0 
0.0263 0 0 0 0 0 0 0 0 0 0 0 0 0 0 0 0 0 
0.0171 0 0 0 0 0 0 0 0 0 0 0 0 0 0 0 0 0 
0.0103 0 0 0 0 0 0 0 0 0 0 0 0 0 0 0 0 0 
0.0056 0 0 0 0 0 0 0 0 0 0 0 0 0 0 0 0 0 
0.0026 0 0 0 0 0 0 0 0 0 0 0 0 0 0 0 0 0 
0.0006 0 0 0 0 0 0 0 0 0 0 0 0 0 0 0 0 0 
0 0 0 0 0 0 0 0 0 0 0 0 0 0 0 0 0 0 

