1 0.997162 0.993322 0.988706 0.983084 0.971203 0.950453 0.921047 0.880747 0.830059 0.771794 0.706537 0.635916 0.561797 0.484159 0.402497 0.313078 0.215291 
0.750275 0.381647 0.234319 0.149287 0.095575 0.0532125 0.0262906 0.0112344 0.00343437 0.00083125 0.0001375 1.5625e-05 0 0 0 0 0 0 
0.605247 0.183066 0.0663781 0.0230187 0.00657813 0.00110937 0.000103125 3.125e-06 0 0 0 0 0 0 0 0 0 0 
0.484037 0.0805406 0.0132406 0.0016875 0.000153125 1.25e-05 0 0 0 0 0 0 0 0 0 0 0 0 
0.374684 0.0275844 0.00104375 1.875e-05 0 0 0 0 0 0 0 0 0 0 0 0 0 0 
0.281122 0.00835 8.75e-05 6.25e-06 0 0 0 0 0 0 0 0 0 0 0 0 0 0 
0.201906 0.0019625 3.125e-06 0 0 0 0 0 0 0 0 0 0 0 0 0 0 0 
0.137609 0.000271875 0 0 0 0 0 0 0 0 0 0 0 0 0 0 0 0 
0.0872094 3.125e-05 0 0 0 0 0 0 0 0 0 0 0 0 0 0 0 0 
0.0520687 6.25e-06 0 0 0 0 0 0 0 0 0 0 0 0 0 0 0 0 
0.027625 0 0 0 0 0 0 0 0 0 0 0 0 0 0 0 0 0 
0.0130438 0 0 0 0 0 0 0 0 0 0 0 0 0 0 0 0 0 
0.00503438 0 0 0 0 0 0 0 0 0 0 0 0 0 0 0 0 0 
0.0015625 0 0 0 0 0 0 0 0 0 0 0 0 0 0 0 0 0 
0.000421875 0 0 0 0 0 0 0 0 0 0 0 0 0 0 0 0 0 
5.3125e-05 0 0 0 0 0 0 0 0 0 0 0 0 0 0 0 0 0 
6.25e-06 0 0 0 0 0 0 0 0 0 0 0 0 0 0 0 0 0 
0 0 0 0 0 0 0 0 0 0 0 0 0 0 0 0 0 0 

1 0.996325 0.990581 0.9833 0.975425 0.955081 0.918887 0.8684 0.804906 0.7314 0.653363 0.576175 0.4977 0.422494 0.349219 0.279131 0.208206 0.138856 
0.825606 0.588819 0.414862 0.290925 0.193931 0.113531 0.0570312 0.024625 0.0083875 0.00209375 0.00045625 0.00010625 1.25e-05 6.25e-06 0 0 0 0 
0.674187 0.322863 0.135981 0.0526688 0.0154437 0.00266875 0.00021875 4.375e-05 0 0 0 0 0 0 0 0 0 0 
0.534481 0.149687 0.0292875 0.0045125 0.0004375 2.5e-05 0 0 0 0 0 0 0 0 0 0 0 0 
0.398062 0.0505937 0.0023375 7.5e-05 1.25e-05 0 0 0 0 0 0 0 0 0 0 0 0 0 
0.283525 0.0151875 0.00015625 0 0 0 0 0 0 0 0 0 0 0 0 0 0 0 
0.191569 0.0036125 1.25e-05 0 0 0 0 0 0 0 0 0 0 0 0 0 0 0 
0.120762 0.0005625 0 0 0 0 0 0 0 0 0 0 0 0 0 0 0 0 
0.0699875 2.5e-05 0 0 0 0 0 0 0 0 0 0 0 0 0 0 0 0 
0.0384813 1.25e-05 0 0 0 0 0 0 0 0 0 0 0 0 0 0 0 0 
0.0193687 0 0 0 0 0 0 0 0 0 0 0 0 0 0 0 0 0 
0.00881875 0 0 0 0 0 0 0 0 0 0 0 0 0 0 0 0 0 
0.00325625 0 0 0 0 0 0 0 0 0 0 0 0 0 0 0 0 0 
0.00099375 0 0 0 0 0 0 0 0 0 0 0 0 0 0 0 0 0 
0.00021875 0 0 0 0 0 0 0 0 0 0 0 0 0 0 0 0 0 
1.25e-05 0 0 0 0 0 0 0 0 0 0 0 0 0 0 0 0 0 
6.25e-06 0 0 0 0 0 0 0 0 0 0 0 0 0 0 0 0 0 
0 0 0 0 0 0 0 0 0 0 0 0 0 0 0 0 0 0 

1 0.997775 0.995006 0.992581 0.989787 0.984525 0.977937 0.967894 0.953825 0.931469 0.902225 0.862706 0.813781 0.7551 0.688606 0.606906 0.506056 0.363737 
0.624575 0.0406625 0.0131625 0.006475 0.00371875 0.00195 0.00118125 0.0005 0.000175 3.125e-05 0 0 0 0 0 0 0 0 
0.483581 0.0100937 0.0013125 0.00026875 5.625e-05 0 0 0 0 0 0 0 0 0 0 0 0 0 
0.386694 0.00336875 0.00015625 1.25e-05 0 0 0 0 0 0 0 0 0 0 0 0 0 0 
0.310387 0.00111875 1.25e-05 0 0 0 0 0 0 0 0 0 0 0 0 0 0 0 
0.246944 0.00045625 6.25e-06 0 0 0 0 0 0 0 0 0 0 0 0 0 0 0 
0.191156 5.625e-05 0 0 0 0 0 0 0 0 0 0 0 0 0 0 0 0 
0.142812 1.875e-05 0 0 0 0 0 0 0 0 0 0 0 0 0 0 0 0 
0.0996687 0 0 0 0 0 0 0 0 0 0 0 0 0 0 0 0 0 
0.0655375 0 0 0 0 0 0 0 0 0 0 0 0 0 0 0 0 0 
0.03955 0 0 0 0 0 0 0 0 0 0 0 0 0 0 0 0 0 
0.020925 0 0 0 0 0 0 0 0 0 0 0 0 0 0 0 0 0 
0.00918125 0 0 0 0 0 0 0 0 0 0 0 0 0 0 0 0 0 
0.00326875 0 0 0 0 0 0 0 0 0 0 0 0 0 0 0 0 0 
0.00081875 0 0 0 0 0 0 0 0 0 0 0 0 0 0 0 0 0 
0.00015 0 0 0 0 0 0 0 0 0 0 0 0 0 0 0 0 0 
3.75e-05 0 0 0 0 0 0 0 0 0 0 0 0 0 0 0 0 0 
0 0 0 0 0 0 0 0 0 0 0 0 0 0 0 0 0 0 

1 0.996137 0.987662 0.978987 0.968825 0.938325 0.881137 0.809388 0.716975 0.626013 0.533312 0.451287 0.37235 0.30585 0.2411 0.188387 0.135712 0.09075 
0.874987 0.7462 0.5886 0.453662 0.315175 0.189987 0.097125 0.04475 0.0149 0.0044625 0.00135 0.0004 0.0001875 6.25e-05 1.25e-05 0 0 0 
0.71345 0.452662 0.218462 0.0947125 0.02725 0.0059125 0.000725 0.000125 5e-05 1.25e-05 0 0 0 0 0 0 0 0 
0.55465 0.226437 0.0518 0.0100875 0.0013625 0.00025 3.75e-05 0 0 0 0 0 0 0 0 0 0 0 
0.390475 0.0744 0.0041375 0.00035 2.5e-05 0 0 0 0 0 0 0 0 0 0 0 0 0 
0.2572 0.022375 0.0003625 1.25e-05 0 0 0 0 0 0 0 0 0 0 0 0 0 0 
0.156487 0.0051875 2.5e-05 0 0 0 0 0 0 0 0 0 0 0 0 0 0 0 
0.0893625 0.001025 0 0 0 0 0 0 0 0 0 0 0 0 0 0 0 0 
0.0471 0.0001375 0 0 0 0 0 0 0 0 0 0 0 0 0 0 0 0 
0.0231375 1.25e-05 0 0 0 0 0 0 0 0 0 0 0 0 0 0 0 0 
0.0099625 2.5e-05 0 0 0 0 0 0 0 0 0 0 0 0 0 0 0 0 
0.0041625 0 0 0 0 0 0 0 0 0 0 0 0 0 0 0 0 0 
0.001475 0 0 0 0 0 0 0 0 0 0 0 0 0 0 0 0 0 
0.0004625 0 0 0 0 0 0 0 0 0 0 0 0 0 0 0 0 0 
3.75e-05 0 0 0 0 0 0 0 0 0 0 0 0 0 0 0 0 0 
1.25e-05 0 0 0 0 0 0 0 0 0 0 0 0 0 0 0 0 0 
0 0 0 0 0 0 0 0 0 0 0 0 0 0 0 0 0 0 
0 0 0 0 0 0 0 0 0 0 0 0 0 0 0 0 0 0 

1 0.9975 0.994487 0.99135 0.9879 0.980987 0.970787 0.957725 0.9373 0.908637 0.8713 0.8253 0.771 0.704725 0.63205 0.546712 0.445975 0.314875 
0.668012 0.150513 0.069875 0.03915 0.0238125 0.01355 0.00715 0.0032 0.001275 0.00025 0.0001 1.25e-05 0 0 0 0 0 0 
0.519512 0.0510625 0.01215 0.0035375 0.0010625 0.0001625 5e-05 1.25e-05 0 0 0 0 0 0 0 0 0 0 
0.413637 0.0192625 0.00205 0.00015 1.25e-05 0 0 0 0 0 0 0 0 0 0 0 0 0 
0.32855 0.0062625 0.0002 0 0 0 0 0 0 0 0 0 0 0 0 0 0 0 
0.257712 0.0021 1.25e-05 0 0 0 0 0 0 0 0 0 0 0 0 0 0 0 
0.196237 0.0006 0 0 0 0 0 0 0 0 0 0 0 0 0 0 0 0 
0.142487 0.0001625 0 0 0 0 0 0 0 0 0 0 0 0 0 0 0 0 
0.0967 0 0 0 0 0 0 0 0 0 0 0 0 0 0 0 0 0 
0.0627 0 0 0 0 0 0 0 0 0 0 0 0 0 0 0 0 0 
0.036075 0 0 0 0 0 0 0 0 0 0 0 0 0 0 0 0 0 
0.019775 0 0 0 0 0 0 0 0 0 0 0 0 0 0 0 0 0 
0.00825 0 0 0 0 0 0 0 0 0 0 0 0 0 0 0 0 0 
0.002925 0 0 0 0 0 0 0 0 0 0 0 0 0 0 0 0 0 
0.0009125 0 0 0 0 0 0 0 0 0 0 0 0 0 0 0 0 0 
0.0001375 0 0 0 0 0 0 0 0 0 0 0 0 0 0 0 0 0 
2.5e-05 0 0 0 0 0 0 0 0 0 0 0 0 0 0 0 0 0 
0 0 0 0 0 0 0 0 0 0 0 0 0 0 0 0 0 0 

1 0.997075 0.993712 0.9903 0.987025 0.981412 0.972012 0.960063 0.939862 0.912575 0.875537 0.827513 0.76535 0.69295 0.611663 0.520763 0.412025 0.271412 
0.711037 0.100812 0.0374625 0.0190125 0.0111125 0.00575 0.003125 0.0014625 0.0004625 0.0001375 0 0 0 0 0 0 0 0 
0.5635 0.028725 0.0046375 0.0009625 0.0001875 1.25e-05 1.25e-05 0 0 0 0 0 0 0 0 0 0 0 
0.4583 0.010375 0.0006375 5e-05 0 0 0 0 0 0 0 0 0 0 0 0 0 0 
0.3696 0.0037625 5e-05 0 0 0 0 0 0 0 0 0 0 0 0 0 0 0 
0.295412 0.0013 1.25e-05 0 0 0 0 0 0 0 0 0 0 0 0 0 0 0 
0.226237 0.00035 0 0 0 0 0 0 0 0 0 0 0 0 0 0 0 0 
0.1645 8.75e-05 0 0 0 0 0 0 0 0 0 0 0 0 0 0 0 0 
0.113913 1.25e-05 0 0 0 0 0 0 0 0 0 0 0 0 0 0 0 0 
0.075025 0 0 0 0 0 0 0 0 0 0 0 0 0 0 0 0 0 
0.043525 0 0 0 0 0 0 0 0 0 0 0 0 0 0 0 0 0 
0.0227125 0 0 0 0 0 0 0 0 0 0 0 0 0 0 0 0 0 
0.0098125 0 0 0 0 0 0 0 0 0 0 0 0 0 0 0 0 0 
0.003575 0 0 0 0 0 0 0 0 0 0 0 0 0 0 0 0 0 
0.0009375 0 0 0 0 0 0 0 0 0 0 0 0 0 0 0 0 0 
0.00015 0 0 0 0 0 0 0 0 0 0 0 0 0 0 0 0 0 
0 0 0 0 0 0 0 0 0 0 0 0 0 0 0 0 0 0 
0 0 0 0 0 0 0 0 0 0 0 0 0 0 0 0 0 0 

1 0.998062 0.99595 0.993725 0.991425 0.987312 0.981187 0.973675 0.961787 0.945462 0.922225 0.890625 0.8524 0.806587 0.748725 0.678962 0.589025 0.449162 
0.545537 0.0001125 1.25e-05 0 0 0 0 0 0 0 0 0 0 0 0 0 0 0 
0.4101 1.25e-05 0 0 0 0 0 0 0 0 0 0 0 0 0 0 0 0 
0.326425 1.25e-05 0 0 0 0 0 0 0 0 0 0 0 0 0 0 0 0 
0.260425 0 0 0 0 0 0 0 0 0 0 0 0 0 0 0 0 0 
0.205137 0 0 0 0 0 0 0 0 0 0 0 0 0 0 0 0 0 
0.160062 0 0 0 0 0 0 0 0 0 0 0 0 0 0 0 0 0 
0.119275 0 0 0 0 0 0 0 0 0 0 0 0 0 0 0 0 0 
0.0851375 0 0 0 0 0 0 0 0 0 0 0 0 0 0 0 0 0 
0.0558875 0 0 0 0 0 0 0 0 0 0 0 0 0 0 0 0 0 
0.0339375 0 0 0 0 0 0 0 0 0 0 0 0 0 0 0 0 0 
0.0182875 0 0 0 0 0 0 0 0 0 0 0 0 0 0 0 0 0 
0.0085 0 0 0 0 0 0 0 0 0 0 0 0 0 0 0 0 0 
0.0035875 0 0 0 0 0 0 0 0 0 0 0 0 0 0 0 0 0 
0.0010875 0 0 0 0 0 0 0 0 0 0 0 0 0 0 0 0 0 
0.00015 0 0 0 0 0 0 0 0 0 0 0 0 0 0 0 0 0 
1.25e-05 0 0 0 0 0 0 0 0 0 0 0 0 0 0 0 0 0 
0 0 0 0 0 0 0 0 0 0 0 0 0 0 0 0 0 0 

1 0.99535 0.9847 0.973925 0.961325 0.9241 0.844725 0.756725 0.6463 0.540375 0.43695 0.354375 0.279475 0.222925 0.170325 0.13125 0.0926 0.063825 
0.905625 0.8339 0.711975 0.585575 0.41665 0.26155 0.13325 0.06555 0.02195 0.006325 0.002875 0.001 0.000425 0.000175 5e-05 0 2.5e-05 0 
0.735375 0.5457 0.291275 0.137925 0.036975 0.00935 0.001325 0.000275 5e-05 0 0 0 0 0 0 0 0 0 
0.569775 0.29065 0.07875 0.01975 0.00285 0.0005 0.00015 2.5e-05 0 0 0 0 0 0 0 0 0 0 
0.369225 0.087 0.00535 0.000825 0.0001 2.5e-05 0 0 0 0 0 0 0 0 0 0 0 0 
0.225325 0.0241 0.00065 7.5e-05 2.5e-05 0 0 0 0 0 0 0 0 0 0 0 0 0 
0.122775 0.006075 0.000125 2.5e-05 0 0 0 0 0 0 0 0 0 0 0 0 0 0 
0.0621 0.001325 5e-05 0 0 0 0 0 0 0 0 0 0 0 0 0 0 0 
0.02935 0.000225 2.5e-05 0 0 0 0 0 0 0 0 0 0 0 0 0 0 0 
0.012075 2.5e-05 0 0 0 0 0 0 0 0 0 0 0 0 0 0 0 0 
0.00435 2.5e-05 0 0 0 0 0 0 0 0 0 0 0 0 0 0 0 0 
0.00135 0 0 0 0 0 0 0 0 0 0 0 0 0 0 0 0 0 
0.000475 0 0 0 0 0 0 0 0 0 0 0 0 0 0 0 0 0 
7.5e-05 0 0 0 0 0 0 0 0 0 0 0 0 0 0 0 0 0 
0 0 0 0 0 0 0 0 0 0 0 0 0 0 0 0 0 0 
0 0 0 0 0 0 0 0 0 0 0 0 0 0 0 0 0 0 
0 0 0 0 0 0 0 0 0 0 0 0 0 0 0 0 0 0 
0 0 0 0 0 0 0 0 0 0 0 0 0 0 0 0 0 0 

1 0.997825 0.9933 0.9885 0.98265 0.969975 0.94885 0.915375 0.87845 0.83115 0.7784 0.71905 0.65835 0.592 0.522025 0.444675 0.359075 0.25955 
0.714075 0.3883 0.24915 0.1672 0.11235 0.066075 0.035275 0.01625 0.005725 0.00165 0.000425 2.5e-05 2.5e-05 0 0 0 0 0 
0.5527 0.183725 0.071775 0.026975 0.008275 0.0015 0.0001 2.5e-05 0 0 0 0 0 0 0 0 0 0 
0.424975 0.0804 0.015475 0.0022 0.000225 2.5e-05 0 0 0 0 0 0 0 0 0 0 0 0 
0.321125 0.027075 0.00135 0 0 0 0 0 0 0 0 0 0 0 0 0 0 0 
0.23605 0.008175 7.5e-05 0 0 0 0 0 0 0 0 0 0 0 0 0 0 0 
0.16755 0.001975 0 0 0 0 0 0 0 0 0 0 0 0 0 0 0 0 
0.11285 0.0002 0 0 0 0 0 0 0 0 0 0 0 0 0 0 0 0 
0.072475 2.5e-05 0 0 0 0 0 0 0 0 0 0 0 0 0 0 0 0 
0.044125 0 0 0 0 0 0 0 0 0 0 0 0 0 0 0 0 0 
0.023275 0 0 0 0 0 0 0 0 0 0 0 0 0 0 0 0 0 
0.01235 0 0 0 0 0 0 0 0 0 0 0 0 0 0 0 0 0 
0.00515 0 0 0 0 0 0 0 0 0 0 0 0 0 0 0 0 0 
0.0016 0 0 0 0 0 0 0 0 0 0 0 0 0 0 0 0 0 
0.0004 0 0 0 0 0 0 0 0 0 0 0 0 0 0 0 0 0 
7.5e-05 0 0 0 0 0 0 0 0 0 0 0 0 0 0 0 0 0 
0 0 0 0 0 0 0 0 0 0 0 0 0 0 0 0 0 0 
0 0 0 0 0 0 0 0 0 0 0 0 0 0 0 0 0 0 

1 0.996875 0.992875 0.988775 0.98305 0.973325 0.960125 0.9355 0.9048 0.862575 0.81455 0.7551 0.689225 0.61485 0.534625 0.446575 0.347375 0.23445 
0.741075 0.3013 0.163075 0.098525 0.061175 0.0343 0.01765 0.0085 0.0028 0.00075 0.00015 2.5e-05 2.5e-05 2.5e-05 0 0 0 0 
0.586375 0.1235 0.034275 0.0106 0.0028 0.00045 2.5e-05 0 0 0 0 0 0 0 0 0 0 0 
0.46825 0.049375 0.006625 0.00065 7.5e-05 0 0 0 0 0 0 0 0 0 0 0 0 0 
0.3659 0.016825 0.00045 0 0 0 0 0 0 0 0 0 0 0 0 0 0 0 
0.283275 0.005925 2.5e-05 0 0 0 0 0 0 0 0 0 0 0 0 0 0 0 
0.209725 0.001825 0 0 0 0 0 0 0 0 0 0 0 0 0 0 0 0 
0.149075 0.0004 0 0 0 0 0 0 0 0 0 0 0 0 0 0 0 0 
0.0987 5e-05 0 0 0 0 0 0 0 0 0 0 0 0 0 0 0 0 
0.060775 0 0 0 0 0 0 0 0 0 0 0 0 0 0 0 0 0 
0.032775 0 0 0 0 0 0 0 0 0 0 0 0 0 0 0 0 0 
0.016975 0 0 0 0 0 0 0 0 0 0 0 0 0 0 0 0 0 
0.007175 0 0 0 0 0 0 0 0 0 0 0 0 0 0 0 0 0 
0.002375 0 0 0 0 0 0 0 0 0 0 0 0 0 0 0 0 0 
0.000625 0 0 0 0 0 0 0 0 0 0 0 0 0 0 0 0 0 
0.0001 0 0 0 0 0 0 0 0 0 0 0 0 0 0 0 0 0 
0 0 0 0 0 0 0 0 0 0 0 0 0 0 0 0 0 0 
0 0 0 0 0 0 0 0 0 0 0 0 0 0 0 0 0 0 

1 0.997675 0.995975 0.993375 0.99145 0.9872 0.980975 0.9723 0.960725 0.94195 0.9172 0.8862 0.84395 0.792825 0.730725 0.6564 0.562925 0.419975 
0.573 0.00265 0.00075 0.00025 7.5e-05 5e-05 2.5e-05 0 0 0 0 0 0 0 0 0 0 0 
0.4347 0.000625 0 0 0 0 0 0 0 0 0 0 0 0 0 0 0 0 
0.3478 0.0002 2.5e-05 0 0 0 0 0 0 0 0 0 0 0 0 0 0 0 
0.27695 0.0001 0 0 0 0 0 0 0 0 0 0 0 0 0 0 0 0 
0.2173 2.5e-05 0 0 0 0 0 0 0 0 0 0 0 0 0 0 0 0 
0.168125 0 0 0 0 0 0 0 0 0 0 0 0 0 0 0 0 0 
0.126575 0 0 0 0 0 0 0 0 0 0 0 0 0 0 0 0 0 
0.0894 0 0 0 0 0 0 0 0 0 0 0 0 0 0 0 0 0 
0.060025 0 0 0 0 0 0 0 0 0 0 0 0 0 0 0 0 0 
0.03645 0 0 0 0 0 0 0 0 0 0 0 0 0 0 0 0 0 
0.019325 0 0 0 0 0 0 0 0 0 0 0 0 0 0 0 0 0 
0.009375 0 0 0 0 0 0 0 0 0 0 0 0 0 0 0 0 0 
0.003225 0 0 0 0 0 0 0 0 0 0 0 0 0 0 0 0 0 
0.001 0 0 0 0 0 0 0 0 0 0 0 0 0 0 0 0 0 
0.00015 0 0 0 0 0 0 0 0 0 0 0 0 0 0 0 0 0 
0 0 0 0 0 0 0 0 0 0 0 0 0 0 0 0 0 0 
0 0 0 0 0 0 0 0 0 0 0 0 0 0 0 0 0 0 

1 0.99675 0.9928 0.988275 0.98445 0.975575 0.96385 0.945125 0.918125 0.880525 0.829825 0.7684 0.69475 0.6141 0.524025 0.4263 0.315525 0.19445 
0.780025 0.214175 0.0927 0.05175 0.030375 0.016575 0.0086 0.003425 0.000975 0.000275 0.0001 0 0 0 0 0 0 0 
0.638325 0.072675 0.013575 0.003225 0.00085 0.000125 0 0 0 0 0 0 0 0 0 0 0 0 
0.524225 0.02705 0.0022 0.0002 2.5e-05 0 0 0 0 0 0 0 0 0 0 0 0 0 
0.419325 0.009525 0.000125 0 0 0 0 0 0 0 0 0 0 0 0 0 0 0 
0.334975 0.002925 0 0 0 0 0 0 0 0 0 0 0 0 0 0 0 0 
0.25455 0.0007 0 0 0 0 0 0 0 0 0 0 0 0 0 0 0 0 
0.184525 7.5e-05 0 0 0 0 0 0 0 0 0 0 0 0 0 0 0 0 
0.12835 0 0 0 0 0 0 0 0 0 0 0 0 0 0 0 0 0 
0.0831 0 0 0 0 0 0 0 0 0 0 0 0 0 0 0 0 0 
0.047775 0 0 0 0 0 0 0 0 0 0 0 0 0 0 0 0 0 
0.0248 0 0 0 0 0 0 0 0 0 0 0 0 0 0 0 0 0 
0.01035 0 0 0 0 0 0 0 0 0 0 0 0 0 0 0 0 0 
0.003475 0 0 0 0 0 0 0 0 0 0 0 0 0 0 0 0 0 
0.000975 0 0 0 0 0 0 0 0 0 0 0 0 0 0 0 0 0 
0.00015 0 0 0 0 0 0 0 0 0 0 0 0 0 0 0 0 0 
0 0 0 0 0 0 0 0 0 0 0 0 0 0 0 0 0 0 
0 0 0 0 0 0 0 0 0 0 0 0 0 0 0 0 0 0 

1 0.997625 0.995 0.99335 0.99005 0.98435 0.97695 0.968775 0.9568 0.935725 0.90725 0.871825 0.8236 0.76885 0.700225 0.618575 0.51465 0.366825 
0.62345 0.00075 0.0001 5e-05 0 0 0 0 0 0 0 0 0 0 0 0 0 0 
0.48275 0.000125 0 0 0 0 0 0 0 0 0 0 0 0 0 0 0 0 
0.386725 5e-05 0 0 0 0 0 0 0 0 0 0 0 0 0 0 0 0 
0.3091 2.5e-05 0 0 0 0 0 0 0 0 0 0 0 0 0 0 0 0 
0.246475 2.5e-05 0 0 0 0 0 0 0 0 0 0 0 0 0 0 0 0 
0.189675 0 0 0 0 0 0 0 0 0 0 0 0 0 0 0 0 0 
0.143675 0 0 0 0 0 0 0 0 0 0 0 0 0 0 0 0 0 
0.10095 0 0 0 0 0 0 0 0 0 0 0 0 0 0 0 0 0 
0.066425 0 0 0 0 0 0 0 0 0 0 0 0 0 0 0 0 0 
0.040625 0 0 0 0 0 0 0 0 0 0 0 0 0 0 0 0 0 
0.022525 0 0 0 0 0 0 0 0 0 0 0 0 0 0 0 0 0 
0.010925 0 0 0 0 0 0 0 0 0 0 0 0 0 0 0 0 0 
0.004025 0 0 0 0 0 0 0 0 0 0 0 0 0 0 0 0 0 
0.000925 0 0 0 0 0 0 0 0 0 0 0 0 0 0 0 0 0 
0.0002 0 0 0 0 0 0 0 0 0 0 0 0 0 0 0 0 0 
0 0 0 0 0 0 0 0 0 0 0 0 0 0 0 0 0 0 
0 0 0 0 0 0 0 0 0 0 0 0 0 0 0 0 0 0 

1 0.99785 0.9951 0.99305 0.989625 0.984325 0.9785 0.96825 0.9554 0.93475 0.906675 0.8686 0.8221 0.76455 0.696125 0.614775 0.51025 0.365775 
0.6241 0.000475 0 0 0 0 0 0 0 0 0 0 0 0 0 0 0 0 
0.4874 5e-05 0 0 0 0 0 0 0 0 0 0 0 0 0 0 0 0 
0.38875 2.5e-05 0 0 0 0 0 0 0 0 0 0 0 0 0 0 0 0 
0.31095 0 0 0 0 0 0 0 0 0 0 0 0 0 0 0 0 0 
0.248175 2.5e-05 0 0 0 0 0 0 0 0 0 0 0 0 0 0 0 0 
0.195375 0 0 0 0 0 0 0 0 0 0 0 0 0 0 0 0 0 
0.14485 0 0 0 0 0 0 0 0 0 0 0 0 0 0 0 0 0 
0.10375 0 0 0 0 0 0 0 0 0 0 0 0 0 0 0 0 0 
0.0684 0 0 0 0 0 0 0 0 0 0 0 0 0 0 0 0 0 
0.04225 0 0 0 0 0 0 0 0 0 0 0 0 0 0 0 0 0 
0.02305 0 0 0 0 0 0 0 0 0 0 0 0 0 0 0 0 0 
0.0113 0 0 0 0 0 0 0 0 0 0 0 0 0 0 0 0 0 
0.0039 0 0 0 0 0 0 0 0 0 0 0 0 0 0 0 0 0 
0.001275 0 0 0 0 0 0 0 0 0 0 0 0 0 0 0 0 0 
0.0002 0 0 0 0 0 0 0 0 0 0 0 0 0 0 0 0 0 
0 0 0 0 0 0 0 0 0 0 0 0 0 0 0 0 0 0 
0 0 0 0 0 0 0 0 0 0 0 0 0 0 0 0 0 0 

1 0.99855 0.9963 0.99535 0.9925 0.98875 0.984325 0.978425 0.966175 0.95305 0.93535 0.909275 0.87645 0.839225 0.79445 0.735875 0.658325 0.53155 
0.46695 0 0 0 0 0 0 0 0 0 0 0 0 0 0 0 0 0 
0.3415 0 0 0 0 0 0 0 0 0 0 0 0 0 0 0 0 0 
0.268675 0 0 0 0 0 0 0 0 0 0 0 0 0 0 0 0 0 
0.212675 0 0 0 0 0 0 0 0 0 0 0 0 0 0 0 0 0 
0.16865 0 0 0 0 0 0 0 0 0 0 0 0 0 0 0 0 0 
0.132575 0 0 0 0 0 0 0 0 0 0 0 0 0 0 0 0 0 
0.0989 0 0 0 0 0 0 0 0 0 0 0 0 0 0 0 0 0 
0.069925 0 0 0 0 0 0 0 0 0 0 0 0 0 0 0 0 0 
0.0475 0 0 0 0 0 0 0 0 0 0 0 0 0 0 0 0 0 
0.02995 0 0 0 0 0 0 0 0 0 0 0 0 0 0 0 0 0 
0.01635 0 0 0 0 0 0 0 0 0 0 0 0 0 0 0 0 0 
0.007975 0 0 0 0 0 0 0 0 0 0 0 0 0 0 0 0 0 
0.0034 0 0 0 0 0 0 0 0 0 0 0 0 0 0 0 0 0 
0.000925 0 0 0 0 0 0 0 0 0 0 0 0 0 0 0 0 0 
0.000125 0 0 0 0 0 0 0 0 0 0 0 0 0 0 0 0 0 
0 0 0 0 0 0 0 0 0 0 0 0 0 0 0 0 0 0 
0 0 0 0 0 0 0 0 0 0 0 0 0 0 0 0 0 0 

1 0.99505 0.9831 0.9729 0.95635 0.9187 0.8215 0.7201 0.58565 0.48345 0.37065 0.29785 0.22275 0.174 0.1276 0.1 0.06735 0.0486 
0.9254 0.87485 0.77625 0.66445 0.48195 0.30705 0.15495 0.07795 0.0255 0.0086 0.00375 0.00195 0.0009 0.00035 0.0001 5e-05 5e-05 0 
0.75035 0.59315 0.3341 0.16645 0.0383 0.01135 0.00205 0.0006 0.00015 0.0001 0 5e-05 0 0 0 0 0 0 
0.592 0.3396 0.0974 0.03 0.00395 0.0013 0.0003 5e-05 0 0 0 0 0 0 0 0 0 0 
0.35945 0.09555 0.00525 0.001 0.00015 0.00015 0 0 0 0 0 0 0 0 0 0 0 0 
0.2115 0.02725 0.001 0.00015 5e-05 0 0 0 0 0 0 0 0 0 0 0 0 0 
0.10255 0.00675 5e-05 0 0 0 0 0 0 0 0 0 0 0 0 0 0 0 
0.04905 0.00145 0 0 0 0 0 0 0 0 0 0 0 0 0 0 0 0 
0.0182 0.00035 0 0 0 0 0 0 0 0 0 0 0 0 0 0 0 0 
0.00655 0 0 0 0 0 0 0 0 0 0 0 0 0 0 0 0 0 
0.00175 0 0 0 0 0 0 0 0 0 0 0 0 0 0 0 0 0 
0.0006 0 0 0 0 0 0 0 0 0 0 0 0 0 0 0 0 0 
0.00025 0 0 0 0 0 0 0 0 0 0 0 0 0 0 0 0 0 
0 0 0 0 0 0 0 0 0 0 0 0 0 0 0 0 0 0 
0 0 0 0 0 0 0 0 0 0 0 0 0 0 0 0 0 0 
0 0 0 0 0 0 0 0 0 0 0 0 0 0 0 0 0 0 
0 0 0 0 0 0 0 0 0 0 0 0 0 0 0 0 0 0 
0 0 0 0 0 0 0 0 0 0 0 0 0 0 0 0 0 0 

1 0.99535 0.98925 0.9805 0.9717 0.93845 0.8829 0.80815 0.72445 0.63705 0.55 0.47325 0.40495 0.3432 0.28615 0.23345 0.17865 0.12515 
0.8393 0.6943 0.5567 0.41715 0.29225 0.17105 0.0899 0.03535 0.011 0.0035 0.00075 0.0002 0 0 0 0 0 0 
0.68595 0.43285 0.2325 0.10465 0.03555 0.0059 0.00065 0.0001 0 0 0 0 0 0 0 0 0 0 
0.53735 0.22025 0.0575 0.00955 0.0013 0 0 0 0 0 0 0 0 0 0 0 0 0 
0.37845 0.0712 0.00455 5e-05 0 0 0 0 0 0 0 0 0 0 0 0 0 0 
0.24845 0.0195 0.0005 0 0 0 0 0 0 0 0 0 0 0 0 0 0 0 
0.14735 0.00425 0.0002 0 0 0 0 0 0 0 0 0 0 0 0 0 0 0 
0.08555 0.0011 0 0 0 0 0 0 0 0 0 0 0 0 0 0 0 0 
0.04205 0.0001 0 0 0 0 0 0 0 0 0 0 0 0 0 0 0 0 
0.0208 0 0 0 0 0 0 0 0 0 0 0 0 0 0 0 0 0 
0.0103 0 0 0 0 0 0 0 0 0 0 0 0 0 0 0 0 0 
0.00505 0 0 0 0 0 0 0 0 0 0 0 0 0 0 0 0 0 
0.00175 0 0 0 0 0 0 0 0 0 0 0 0 0 0 0 0 0 
0.00055 0 0 0 0 0 0 0 0 0 0 0 0 0 0 0 0 0 
0.0001 0 0 0 0 0 0 0 0 0 0 0 0 0 0 0 0 0 
0 0 0 0 0 0 0 0 0 0 0 0 0 0 0 0 0 0 
0 0 0 0 0 0 0 0 0 0 0 0 0 0 0 0 0 0 
0 0 0 0 0 0 0 0 0 0 0 0 0 0 0 0 0 0 

1 0.99625 0.99015 0.98265 0.9745 0.95035 0.9142 0.8586 0.7976 0.72465 0.654 0.57885 0.50925 0.44105 0.3714 0.3023 0.2347 0.1674 
0.8008 0.60475 0.4497 0.3261 0.2228 0.1312 0.0672 0.03115 0.0102 0.0026 0.0008 0.00025 0.00015 5e-05 0 0 0 0 
0.6343 0.3283 0.1547 0.06475 0.02045 0.0033 0.0004 0 5e-05 0 0 0 0 0 0 0 0 0 
0.48085 0.15245 0.0331 0.0062 0.00075 0 0 0 0 0 0 0 0 0 0 0 0 0 
0.34925 0.05155 0.00255 0.00025 0.0001 0 0 0 0 0 0 0 0 0 0 0 0 0 
0.24105 0.0153 0.00025 0 0 0 0 0 0 0 0 0 0 0 0 0 0 0 
0.15485 0.00365 5e-05 0 0 0 0 0 0 0 0 0 0 0 0 0 0 0 
0.0954 0.00085 0 0 0 0 0 0 0 0 0 0 0 0 0 0 0 0 
0.0538 0.0002 0 0 0 0 0 0 0 0 0 0 0 0 0 0 0 0 
0.02875 0 0 0 0 0 0 0 0 0 0 0 0 0 0 0 0 0 
0.01625 0 0 0 0 0 0 0 0 0 0 0 0 0 0 0 0 0 
0.00655 0 0 0 0 0 0 0 0 0 0 0 0 0 0 0 0 0 
0.0029 0 0 0 0 0 0 0 0 0 0 0 0 0 0 0 0 0 
0.00115 0 0 0 0 0 0 0 0 0 0 0 0 0 0 0 0 0 
5e-05 0 0 0 0 0 0 0 0 0 0 0 0 0 0 0 0 0 
0 0 0 0 0 0 0 0 0 0 0 0 0 0 0 0 0 0 
0 0 0 0 0 0 0 0 0 0 0 0 0 0 0 0 0 0 
0 0 0 0 0 0 0 0 0 0 0 0 0 0 0 0 0 0 

1 0.9981 0.9961 0.99375 0.99125 0.9863 0.97845 0.9687 0.95225 0.9358 0.90765 0.87265 0.8321 0.7787 0.7196 0.64905 0.5569 0.422 
0.56805 0.06515 0.0262 0.0142 0.00865 0.00545 0.0031 0.00125 0.00035 0.00015 0 0 0 0 0 0 0 0 
0.4298 0.0198 0.0037 0.00055 0.0005 0 0 0 0 0 0 0 0 0 0 0 0 0 
0.33665 0.00715 0.00035 5e-05 0 0 0 0 0 0 0 0 0 0 0 0 0 0 
0.26865 0.00235 5e-05 0 0 0 0 0 0 0 0 0 0 0 0 0 0 0 
0.2105 0.00055 0 0 0 0 0 0 0 0 0 0 0 0 0 0 0 0 
0.16265 0.0003 0 0 0 0 0 0 0 0 0 0 0 0 0 0 0 0 
0.12065 0.0001 0 0 0 0 0 0 0 0 0 0 0 0 0 0 0 0 
0.0833 0 0 0 0 0 0 0 0 0 0 0 0 0 0 0 0 0 
0.05515 0 0 0 0 0 0 0 0 0 0 0 0 0 0 0 0 0 
0.03445 0 0 0 0 0 0 0 0 0 0 0 0 0 0 0 0 0 
0.0187 0 0 0 0 0 0 0 0 0 0 0 0 0 0 0 0 0 
0.0083 0 0 0 0 0 0 0 0 0 0 0 0 0 0 0 0 0 
0.00285 0 0 0 0 0 0 0 0 0 0 0 0 0 0 0 0 0 
0.0009 0 0 0 0 0 0 0 0 0 0 0 0 0 0 0 0 0 
0.0001 0 0 0 0 0 0 0 0 0 0 0 0 0 0 0 0 0 
0 0 0 0 0 0 0 0 0 0 0 0 0 0 0 0 0 0 
0 0 0 0 0 0 0 0 0 0 0 0 0 0 0 0 0 0 

1 0.9962 0.99125 0.9856 0.9761 0.96025 0.9367 0.8984 0.85065 0.78605 0.72045 0.64995 0.57075 0.49215 0.4134 0.33245 0.2476 0.1619 
0.8098 0.4998 0.31695 0.21395 0.13725 0.08085 0.04335 0.01865 0.00655 0.00185 0.0005 0.0001 0 0 0 0 0 0 
0.65125 0.2403 0.08385 0.0289 0.0079 0.0017 0.00015 0 0 0 0 0 0 0 0 0 0 0 
0.5137 0.10425 0.017 0.00255 0.00025 0 0 0 0 0 0 0 0 0 0 0 0 0 
0.39135 0.03465 0.0011 0.0001 0 0 0 0 0 0 0 0 0 0 0 0 0 0 
0.28695 0.0115 0 0 0 0 0 0 0 0 0 0 0 0 0 0 0 0 
0.2017 0.00285 0 0 0 0 0 0 0 0 0 0 0 0 0 0 0 0 
0.1348 0.00045 0 0 0 0 0 0 0 0 0 0 0 0 0 0 0 0 
0.08535 0 0 0 0 0 0 0 0 0 0 0 0 0 0 0 0 0 
0.05125 5e-05 0 0 0 0 0 0 0 0 0 0 0 0 0 0 0 0 
0.0269 0 0 0 0 0 0 0 0 0 0 0 0 0 0 0 0 0 
0.01195 0 0 0 0 0 0 0 0 0 0 0 0 0 0 0 0 0 
0.0059 0 0 0 0 0 0 0 0 0 0 0 0 0 0 0 0 0 
0.0015 0 0 0 0 0 0 0 0 0 0 0 0 0 0 0 0 0 
0.00035 0 0 0 0 0 0 0 0 0 0 0 0 0 0 0 0 0 
5e-05 0 0 0 0 0 0 0 0 0 0 0 0 0 0 0 0 0 
0 0 0 0 0 0 0 0 0 0 0 0 0 0 0 0 0 0 
0 0 0 0 0 0 0 0 0 0 0 0 0 0 0 0 0 0 

1 0.99705 0.99585 0.99295 0.9901 0.9843 0.97815 0.9709 0.95825 0.9331 0.90575 0.86885 0.8206 0.7602 0.69325 0.61065 0.50795 0.35925 
0.632 0.01925 0.00485 0.002 0.0012 0.00065 0.0004 0.00025 0.00015 0 0 0 0 0 0 0 0 0 
0.48795 0.0041 0.00025 0.0001 0 0 0 0 0 0 0 0 0 0 0 0 0 0 
0.38835 0.00115 0 0 0 0 0 0 0 0 0 0 0 0 0 0 0 0 
0.31085 0.00035 0 0 0 0 0 0 0 0 0 0 0 0 0 0 0 0 
0.2472 0.0002 0 0 0 0 0 0 0 0 0 0 0 0 0 0 0 0 
0.19035 0.0002 0 0 0 0 0 0 0 0 0 0 0 0 0 0 0 0 
0.1409 0 0 0 0 0 0 0 0 0 0 0 0 0 0 0 0 0 
0.0999 0 0 0 0 0 0 0 0 0 0 0 0 0 0 0 0 0 
0.06695 0 0 0 0 0 0 0 0 0 0 0 0 0 0 0 0 0 
0.0387 0 0 0 0 0 0 0 0 0 0 0 0 0 0 0 0 0 
0.021 0 0 0 0 0 0 0 0 0 0 0 0 0 0 0 0 0 
0.00945 0 0 0 0 0 0 0 0 0 0 0 0 0 0 0 0 0 
0.0034 0 0 0 0 0 0 0 0 0 0 0 0 0 0 0 0 0 
0.0006 0 0 0 0 0 0 0 0 0 0 0 0 0 0 0 0 0 
0.00015 0 0 0 0 0 0 0 0 0 0 0 0 0 0 0 0 0 
0 0 0 0 0 0 0 0 0 0 0 0 0 0 0 0 0 0 
0 0 0 0 0 0 0 0 0 0 0 0 0 0 0 0 0 0 

1 0.9976 0.99425 0.9928 0.991 0.98455 0.976 0.96695 0.95075 0.9274 0.904 0.8625 0.8114 0.7511 0.67875 0.59765 0.49015 0.34205 
0.64805 0.01075 0.00255 0.0011 0.0006 0.0003 0.0002 0.0001 0 0 0 0 0 0 0 0 0 0 
0.50465 0.0018 0.00015 0.0001 5e-05 0 0 0 0 0 0 0 0 0 0 0 0 0 
0.407 0.0005 5e-05 0 0 0 0 0 0 0 0 0 0 0 0 0 0 0 
0.327 0.00025 0 0 0 0 0 0 0 0 0 0 0 0 0 0 0 0 
0.2602 5e-05 0 0 0 0 0 0 0 0 0 0 0 0 0 0 0 0 
0.2028 0 0 0 0 0 0 0 0 0 0 0 0 0 0 0 0 0 
0.1503 0 0 0 0 0 0 0 0 0 0 0 0 0 0 0 0 0 
0.1057 0 0 0 0 0 0 0 0 0 0 0 0 0 0 0 0 0 
0.0716 0 0 0 0 0 0 0 0 0 0 0 0 0 0 0 0 0 
0.04425 0 0 0 0 0 0 0 0 0 0 0 0 0 0 0 0 0 
0.0243 0 0 0 0 0 0 0 0 0 0 0 0 0 0 0 0 0 
0.01125 0 0 0 0 0 0 0 0 0 0 0 0 0 0 0 0 0 
0.00385 0 0 0 0 0 0 0 0 0 0 0 0 0 0 0 0 0 
0.0012 0 0 0 0 0 0 0 0 0 0 0 0 0 0 0 0 0 
0.00035 0 0 0 0 0 0 0 0 0 0 0 0 0 0 0 0 0 
5e-05 0 0 0 0 0 0 0 0 0 0 0 0 0 0 0 0 0 
0 0 0 0 0 0 0 0 0 0 0 0 0 0 0 0 0 0 

1 0.9984 0.99585 0.9927 0.9923 0.9887 0.9827 0.97585 0.9662 0.9511 0.9298 0.905 0.87055 0.82835 0.7812 0.71555 0.6323 0.49715 
0.4987 0 0 0 0 0 0 0 0 0 0 0 0 0 0 0 0 0 
0.37135 0 0 0 0 0 0 0 0 0 0 0 0 0 0 0 0 0 
0.2905 0 0 0 0 0 0 0 0 0 0 0 0 0 0 0 0 0 
0.22935 0 0 0 0 0 0 0 0 0 0 0 0 0 0 0 0 0 
0.181 0 0 0 0 0 0 0 0 0 0 0 0 0 0 0 0 0 
0.13765 0 0 0 0 0 0 0 0 0 0 0 0 0 0 0 0 0 
0.10505 0 0 0 0 0 0 0 0 0 0 0 0 0 0 0 0 0 
0.0738 0 0 0 0 0 0 0 0 0 0 0 0 0 0 0 0 0 
0.05025 0 0 0 0 0 0 0 0 0 0 0 0 0 0 0 0 0 
0.0296 0 0 0 0 0 0 0 0 0 0 0 0 0 0 0 0 0 
0.0168 0 0 0 0 0 0 0 0 0 0 0 0 0 0 0 0 0 
0.0079 0 0 0 0 0 0 0 0 0 0 0 0 0 0 0 0 0 
0.00325 0 0 0 0 0 0 0 0 0 0 0 0 0 0 0 0 0 
0.00085 0 0 0 0 0 0 0 0 0 0 0 0 0 0 0 0 0 
0.00025 0 0 0 0 0 0 0 0 0 0 0 0 0 0 0 0 0 
0 0 0 0 0 0 0 0 0 0 0 0 0 0 0 0 0 0 
0 0 0 0 0 0 0 0 0 0 0 0 0 0 0 0 0 0 

1 0.996 0.99075 0.98605 0.9802 0.9708 0.9487 0.9232 0.8833 0.8306 0.7614 0.68935 0.6008 0.51235 0.41905 0.3281 0.22605 0.13285 
0.8366 0.3866 0.20305 0.12425 0.07265 0.04175 0.02125 0.0095 0.00315 0.00105 0.00025 5e-05 0 0 0 0 0 0 
0.6948 0.15445 0.03535 0.0106 0.00225 0.0005 0.0001 0 0 0 0 0 0 0 0 0 0 0 
0.5711 0.06245 0.00725 0.0008 5e-05 0 0 0 0 0 0 0 0 0 0 0 0 0 
0.45925 0.02075 0.00025 0 0 0 0 0 0 0 0 0 0 0 0 0 0 0 
0.35705 0.00705 0 0 0 0 0 0 0 0 0 0 0 0 0 0 0 0 
0.26785 0.00195 0 0 0 0 0 0 0 0 0 0 0 0 0 0 0 0 
0.18725 0.0004 0 0 0 0 0 0 0 0 0 0 0 0 0 0 0 0 
0.12645 5e-05 0 0 0 0 0 0 0 0 0 0 0 0 0 0 0 0 
0.0757 0 0 0 0 0 0 0 0 0 0 0 0 0 0 0 0 0 
0.04185 0 0 0 0 0 0 0 0 0 0 0 0 0 0 0 0 0 
0.021 0 0 0 0 0 0 0 0 0 0 0 0 0 0 0 0 0 
0.0091 0 0 0 0 0 0 0 0 0 0 0 0 0 0 0 0 0 
0.00345 0 0 0 0 0 0 0 0 0 0 0 0 0 0 0 0 0 
0.00085 0 0 0 0 0 0 0 0 0 0 0 0 0 0 0 0 0 
0.00035 0 0 0 0 0 0 0 0 0 0 0 0 0 0 0 0 0 
0 0 0 0 0 0 0 0 0 0 0 0 0 0 0 0 0 0 
0 0 0 0 0 0 0 0 0 0 0 0 0 0 0 0 0 0 

1 0.9971 0.9933 0.99235 0.9877 0.9828 0.9751 0.96345 0.94795 0.9212 0.8887 0.8423 0.79135 0.7262 0.64535 0.55325 0.4435 0.29695 
0.68975 0.00485 0.00085 0.00045 0.0001 0.00015 0.0001 5e-05 0 0 0 0 0 0 0 0 0 0 
0.5507 0.0008 0 0 0 0 0 0 0 0 0 0 0 0 0 0 0 0 
0.4472 5e-05 0 0 0 0 0 0 0 0 0 0 0 0 0 0 0 0 
0.3657 0 0 0 0 0 0 0 0 0 0 0 0 0 0 0 0 0 
0.29195 0 0 0 0 0 0 0 0 0 0 0 0 0 0 0 0 0 
0.22535 0 0 0 0 0 0 0 0 0 0 0 0 0 0 0 0 0 
0.1705 0 0 0 0 0 0 0 0 0 0 0 0 0 0 0 0 0 
0.12195 0 0 0 0 0 0 0 0 0 0 0 0 0 0 0 0 0 
0.08185 0 0 0 0 0 0 0 0 0 0 0 0 0 0 0 0 0 
0.0513 0 0 0 0 0 0 0 0 0 0 0 0 0 0 0 0 0 
0.0285 0 0 0 0 0 0 0 0 0 0 0 0 0 0 0 0 0 
0.0132 0 0 0 0 0 0 0 0 0 0 0 0 0 0 0 0 0 
0.0047 0 0 0 0 0 0 0 0 0 0 0 0 0 0 0 0 0 
0.00125 0 0 0 0 0 0 0 0 0 0 0 0 0 0 0 0 0 
0.00015 0 0 0 0 0 0 0 0 0 0 0 0 0 0 0 0 0 
0 0 0 0 0 0 0 0 0 0 0 0 0 0 0 0 0 0 
0 0 0 0 0 0 0 0 0 0 0 0 0 0 0 0 0 0 

1 0.9965 0.9933 0.99165 0.98825 0.98215 0.9731 0.9613 0.9454 0.9231 0.8886 0.8428 0.79015 0.72495 0.642 0.54435 0.4347 0.28905 
0.69735 0.00285 0.00035 5e-05 5e-05 0 0 0 0 0 0 0 0 0 0 0 0 0 
0.5594 0.0005 0 0 0 0 0 0 0 0 0 0 0 0 0 0 0 0 
0.4603 0.0002 0 0 0 0 0 0 0 0 0 0 0 0 0 0 0 0 
0.37115 0.00015 0 0 0 0 0 0 0 0 0 0 0 0 0 0 0 0 
0.295 5e-05 0 0 0 0 0 0 0 0 0 0 0 0 0 0 0 0 
0.22635 0 0 0 0 0 0 0 0 0 0 0 0 0 0 0 0 0 
0.174 0 0 0 0 0 0 0 0 0 0 0 0 0 0 0 0 0 
0.12325 0 0 0 0 0 0 0 0 0 0 0 0 0 0 0 0 0 
0.0813 0 0 0 0 0 0 0 0 0 0 0 0 0 0 0 0 0 
0.0487 0 0 0 0 0 0 0 0 0 0 0 0 0 0 0 0 0 
0.0283 0 0 0 0 0 0 0 0 0 0 0 0 0 0 0 0 0 
0.0128 0 0 0 0 0 0 0 0 0 0 0 0 0 0 0 0 0 
0.00525 0 0 0 0 0 0 0 0 0 0 0 0 0 0 0 0 0 
0.00105 0 0 0 0 0 0 0 0 0 0 0 0 0 0 0 0 0 
0.00025 0 0 0 0 0 0 0 0 0 0 0 0 0 0 0 0 0 
0 0 0 0 0 0 0 0 0 0 0 0 0 0 0 0 0 0 
0 0 0 0 0 0 0 0 0 0 0 0 0 0 0 0 0 0 

1 0.9973 0.99485 0.9938 0.99155 0.98685 0.98175 0.97445 0.9618 0.94815 0.927 0.89515 0.85385 0.8042 0.7479 0.6783 0.58525 0.44485 
0.5514 0 0 0 0 0 0 0 0 0 0 0 0 0 0 0 0 0 
0.4162 0 0 0 0 0 0 0 0 0 0 0 0 0 0 0 0 0 
0.3259 0 0 0 0 0 0 0 0 0 0 0 0 0 0 0 0 0 
0.26065 0 0 0 0 0 0 0 0 0 0 0 0 0 0 0 0 0 
0.2057 0 0 0 0 0 0 0 0 0 0 0 0 0 0 0 0 0 
0.15745 0 0 0 0 0 0 0 0 0 0 0 0 0 0 0 0 0 
0.1163 0 0 0 0 0 0 0 0 0 0 0 0 0 0 0 0 0 
0.0812 0 0 0 0 0 0 0 0 0 0 0 0 0 0 0 0 0 
0.0537 0 0 0 0 0 0 0 0 0 0 0 0 0 0 0 0 0 
0.0322 0 0 0 0 0 0 0 0 0 0 0 0 0 0 0 0 0 
0.01805 0 0 0 0 0 0 0 0 0 0 0 0 0 0 0 0 0 
0.0093 0 0 0 0 0 0 0 0 0 0 0 0 0 0 0 0 0 
0.00355 0 0 0 0 0 0 0 0 0 0 0 0 0 0 0 0 0 
0.0012 0 0 0 0 0 0 0 0 0 0 0 0 0 0 0 0 0 
0.0002 0 0 0 0 0 0 0 0 0 0 0 0 0 0 0 0 0 
0 0 0 0 0 0 0 0 0 0 0 0 0 0 0 0 0 0 
0 0 0 0 0 0 0 0 0 0 0 0 0 0 0 0 0 0 

1 0.99685 0.99465 0.99015 0.9875 0.9824 0.9746 0.96335 0.9459 0.92205 0.8875 0.8417 0.7891 0.72235 0.6416 0.54865 0.4344 0.283 
0.7034 0.00125 0.0001 0 0 0 0 0 0 0 0 0 0 0 0 0 0 0 
0.55735 0.0001 0 0 0 0 0 0 0 0 0 0 0 0 0 0 0 0 
0.45885 0 0 0 0 0 0 0 0 0 0 0 0 0 0 0 0 0 
0.3673 0 0 0 0 0 0 0 0 0 0 0 0 0 0 0 0 0 
0.2986 0 0 0 0 0 0 0 0 0 0 0 0 0 0 0 0 0 
0.2301 0 0 0 0 0 0 0 0 0 0 0 0 0 0 0 0 0 
0.1746 0 0 0 0 0 0 0 0 0 0 0 0 0 0 0 0 0 
0.12385 0 0 0 0 0 0 0 0 0 0 0 0 0 0 0 0 0 
0.0827 0 0 0 0 0 0 0 0 0 0 0 0 0 0 0 0 0 
0.0509 0 0 0 0 0 0 0 0 0 0 0 0 0 0 0 0 0 
0.027 0 0 0 0 0 0 0 0 0 0 0 0 0 0 0 0 0 
0.0126 0 0 0 0 0 0 0 0 0 0 0 0 0 0 0 0 0 
0.00425 0 0 0 0 0 0 0 0 0 0 0 0 0 0 0 0 0 
0.00115 0 0 0 0 0 0 0 0 0 0 0 0 0 0 0 0 0 
0.00015 0 0 0 0 0 0 0 0 0 0 0 0 0 0 0 0 0 
0 0 0 0 0 0 0 0 0 0 0 0 0 0 0 0 0 0 
0 0 0 0 0 0 0 0 0 0 0 0 0 0 0 0 0 0 

1 0.99815 0.9948 0.99335 0.99235 0.98625 0.982 0.9727 0.961 0.9443 0.92285 0.8895 0.85025 0.8012 0.74585 0.67885 0.58455 0.4441 
0.5496 0 0 0 0 0 0 0 0 0 0 0 0 0 0 0 0 0 
0.41565 0 0 0 0 0 0 0 0 0 0 0 0 0 0 0 0 0 
0.3279 0 0 0 0 0 0 0 0 0 0 0 0 0 0 0 0 0 
0.2631 0 0 0 0 0 0 0 0 0 0 0 0 0 0 0 0 0 
0.208 0 0 0 0 0 0 0 0 0 0 0 0 0 0 0 0 0 
0.16305 0 0 0 0 0 0 0 0 0 0 0 0 0 0 0 0 0 
0.121 0 0 0 0 0 0 0 0 0 0 0 0 0 0 0 0 0 
0.08585 0 0 0 0 0 0 0 0 0 0 0 0 0 0 0 0 0 
0.05575 0 0 0 0 0 0 0 0 0 0 0 0 0 0 0 0 0 
0.0343 0 0 0 0 0 0 0 0 0 0 0 0 0 0 0 0 0 
0.0196 0 0 0 0 0 0 0 0 0 0 0 0 0 0 0 0 0 
0.00895 0 0 0 0 0 0 0 0 0 0 0 0 0 0 0 0 0 
0.0036 0 0 0 0 0 0 0 0 0 0 0 0 0 0 0 0 0 
0.00145 0 0 0 0 0 0 0 0 0 0 0 0 0 0 0 0 0 
0.00015 0 0 0 0 0 0 0 0 0 0 0 0 0 0 0 0 0 
0 0 0 0 0 0 0 0 0 0 0 0 0 0 0 0 0 0 
0 0 0 0 0 0 0 0 0 0 0 0 0 0 0 0 0 0 

1 0.9982 0.9961 0.9948 0.9915 0.9883 0.98175 0.97335 0.9641 0.94615 0.9239 0.89195 0.8545 0.8043 0.7483 0.6788 0.58815 0.444 
0.55015 0 0 0 0 0 0 0 0 0 0 0 0 0 0 0 0 0 
0.41395 0 0 0 0 0 0 0 0 0 0 0 0 0 0 0 0 0 
0.32455 0 0 0 0 0 0 0 0 0 0 0 0 0 0 0 0 0 
0.2595 0 0 0 0 0 0 0 0 0 0 0 0 0 0 0 0 0 
0.2034 0 0 0 0 0 0 0 0 0 0 0 0 0 0 0 0 0 
0.1593 0 0 0 0 0 0 0 0 0 0 0 0 0 0 0 0 0 
0.1196 0 0 0 0 0 0 0 0 0 0 0 0 0 0 0 0 0 
0.0832 0 0 0 0 0 0 0 0 0 0 0 0 0 0 0 0 0 
0.05285 0 0 0 0 0 0 0 0 0 0 0 0 0 0 0 0 0 
0.03285 0 0 0 0 0 0 0 0 0 0 0 0 0 0 0 0 0 
0.01825 0 0 0 0 0 0 0 0 0 0 0 0 0 0 0 0 0 
0.0098 0 0 0 0 0 0 0 0 0 0 0 0 0 0 0 0 0 
0.0034 0 0 0 0 0 0 0 0 0 0 0 0 0 0 0 0 0 
0.00095 0 0 0 0 0 0 0 0 0 0 0 0 0 0 0 0 0 
0.0001 0 0 0 0 0 0 0 0 0 0 0 0 0 0 0 0 0 
0 0 0 0 0 0 0 0 0 0 0 0 0 0 0 0 0 0 
0 0 0 0 0 0 0 0 0 0 0 0 0 0 0 0 0 0 

1 0.99895 0.9976 0.9955 0.9941 0.99095 0.98635 0.9803 0.97185 0.96195 0.9482 0.92845 0.9017 0.86885 0.8308 0.7799 0.71165 0.6017 
0.3973 0 0 0 0 0 0 0 0 0 0 0 0 0 0 0 0 0 
0.28945 0 0 0 0 0 0 0 0 0 0 0 0 0 0 0 0 0 
0.22465 0 0 0 0 0 0 0 0 0 0 0 0 0 0 0 0 0 
0.1749 0 0 0 0 0 0 0 0 0 0 0 0 0 0 0 0 0 
0.1404 0 0 0 0 0 0 0 0 0 0 0 0 0 0 0 0 0 
0.10675 0 0 0 0 0 0 0 0 0 0 0 0 0 0 0 0 0 
0.0792 0 0 0 0 0 0 0 0 0 0 0 0 0 0 0 0 0 
0.0552 0 0 0 0 0 0 0 0 0 0 0 0 0 0 0 0 0 
0.03705 0 0 0 0 0 0 0 0 0 0 0 0 0 0 0 0 0 
0.02365 0 0 0 0 0 0 0 0 0 0 0 0 0 0 0 0 0 
0.0133 0 0 0 0 0 0 0 0 0 0 0 0 0 0 0 0 0 
0.00585 0 0 0 0 0 0 0 0 0 0 0 0 0 0 0 0 0 
0.0023 0 0 0 0 0 0 0 0 0 0 0 0 0 0 0 0 0 
0.00095 0 0 0 0 0 0 0 0 0 0 0 0 0 0 0 0 0 
0.00025 0 0 0 0 0 0 0 0 0 0 0 0 0 0 0 0 0 
0 0 0 0 0 0 0 0 0 0 0 0 0 0 0 0 0 0 
0 0 0 0 0 0 0 0 0 0 0 0 0 0 0 0 0 0 

1 0.9949 0.9838 0.9723 0.9542 0.913 0.8075 0.7116 0.5626 0.4518 0.3349 0.268 0.1959 0.1498 0.1062 0.0792 0.0528 0.0388 
0.9349 0.8924 0.8028 0.7022 0.5019 0.3297 0.1645 0.0848 0.0263 0.0073 0.0039 0.0019 0.0009 0.0005 0.0004 0.0002 0.0001 0 
0.772 0.6227 0.36 0.1811 0.035 0.0096 0.0025 0.0007 0.0002 0 0 0 0 0 0 0 0 0 
0.6036 0.3693 0.1147 0.0368 0.0043 0.0016 0.0002 0.0001 0 0 0 0 0 0 0 0 0 0 
0.3593 0.0995 0.0074 0.0017 0.0001 0 0 0 0 0 0 0 0 0 0 0 0 0 
0.1978 0.0282 0.0007 0.0002 0 0 0 0 0 0 0 0 0 0 0 0 0 0 
0.0889 0.0051 0.0002 0 0 0 0 0 0 0 0 0 0 0 0 0 0 0 
0.0396 0.0017 0.0001 0 0 0 0 0 0 0 0 0 0 0 0 0 0 0 
0.015 0.0004 0 0 0 0 0 0 0 0 0 0 0 0 0 0 0 0 
0.0047 0.0001 0 0 0 0 0 0 0 0 0 0 0 0 0 0 0 0 
0.0017 0 0 0 0 0 0 0 0 0 0 0 0 0 0 0 0 0 
0.0008 0.0001 0 0 0 0 0 0 0 0 0 0 0 0 0 0 0 0 
0 0 0 0 0 0 0 0 0 0 0 0 0 0 0 0 0 0 
0.0001 0 0 0 0 0 0 0 0 0 0 0 0 0 0 0 0 0 
0.0001 0.0001 0 0 0 0 0 0 0 0 0 0 0 0 0 0 0 0 
0 0 0 0 0 0 0 0 0 0 0 0 0 0 0 0 0 0 
0 0 0 0 0 0 0 0 0 0 0 0 0 0 0 0 0 0 
0 0 0 0 0 0 0 0 0 0 0 0 0 0 0 0 0 0 

1 0.9941 0.9859 0.976 0.9563 0.8979 0.7869 0.6492 0.5084 0.4018 0.3076 0.2396 0.1794 0.1335 0.096 0.0693 0.0475 0.0283 
0.9374 0.8669 0.7535 0.622 0.4491 0.2499 0.1096 0.0391 0.0096 0.0026 0.0005 0.0003 0 0 0 0 0 0 
0.8419 0.6492 0.4145 0.2069 0.0711 0.011 0.0016 0.0002 0 0 0 0 0 0 0 0 0 0 
0.6949 0.3727 0.121 0.0262 0.0029 0 0 0 0 0 0 0 0 0 0 0 0 0 
0.4947 0.1265 0.0109 0.0006 0.0002 0 0 0 0 0 0 0 0 0 0 0 0 0 
0.3031 0.0334 0.0006 0.0001 0 0 0 0 0 0 0 0 0 0 0 0 0 0 
0.1674 0.007 0 0 0 0 0 0 0 0 0 0 0 0 0 0 0 0 
0.0776 0.0011 0 0 0 0 0 0 0 0 0 0 0 0 0 0 0 0 
0.0363 0.0001 0 0 0 0 0 0 0 0 0 0 0 0 0 0 0 0 
0.0173 0 0 0 0 0 0 0 0 0 0 0 0 0 0 0 0 0 
0.0071 0 0 0 0 0 0 0 0 0 0 0 0 0 0 0 0 0 
0.0027 0 0 0 0 0 0 0 0 0 0 0 0 0 0 0 0 0 
0.0007 0 0 0 0 0 0 0 0 0 0 0 0 0 0 0 0 0 
0.0002 0 0 0 0 0 0 0 0 0 0 0 0 0 0 0 0 0 
0.0001 0 0 0 0 0 0 0 0 0 0 0 0 0 0 0 0 0 
0 0 0 0 0 0 0 0 0 0 0 0 0 0 0 0 0 0 
0 0 0 0 0 0 0 0 0 0 0 0 0 0 0 0 0 0 
0 0 0 0 0 0 0 0 0 0 0 0 0 0 0 0 0 0 

1 0.9956 0.9863 0.9764 0.9607 0.9217 0.8395 0.7519 0.6389 0.5331 0.4338 0.3542 0.2852 0.2252 0.1707 0.1329 0.0956 0.0657 
0.9003 0.8186 0.6902 0.5639 0.4055 0.24 0.1198 0.0575 0.0174 0.0044 0.0016 0.0003 0.0001 0 0 0 0 0 
0.7534 0.5506 0.3094 0.1426 0.0459 0.0097 0.0007 0.0002 0 0 0 0 0 0 0 0 0 0 
0.579 0.2846 0.0784 0.0167 0.0021 0.0005 0 0 0 0 0 0 0 0 0 0 0 0 
0.3944 0.0921 0.0059 0.0009 0.0001 0.0001 0 0 0 0 0 0 0 0 0 0 0 0 
0.2495 0.0263 0.0004 0 0 0 0 0 0 0 0 0 0 0 0 0 0 0 
0.1356 0.0066 0 0 0 0 0 0 0 0 0 0 0 0 0 0 0 0 
0.0719 0.0008 0 0 0 0 0 0 0 0 0 0 0 0 0 0 0 0 
0.0318 0.0002 0 0 0 0 0 0 0 0 0 0 0 0 0 0 0 0 
0.0146 0 0 0 0 0 0 0 0 0 0 0 0 0 0 0 0 0 
0.005 0 0 0 0 0 0 0 0 0 0 0 0 0 0 0 0 0 
0.002 0 0 0 0 0 0 0 0 0 0 0 0 0 0 0 0 0 
0.0006 0 0 0 0 0 0 0 0 0 0 0 0 0 0 0 0 0 
0.0003 0 0 0 0 0 0 0 0 0 0 0 0 0 0 0 0 0 
0.0001 0 0 0 0 0 0 0 0 0 0 0 0 0 0 0 0 0 
0 0 0 0 0 0 0 0 0 0 0 0 0 0 0 0 0 0 
0 0 0 0 0 0 0 0 0 0 0 0 0 0 0 0 0 0 
0 0 0 0 0 0 0 0 0 0 0 0 0 0 0 0 0 0 

1 0.9977 0.9915 0.9884 0.9837 0.9641 0.9378 0.8998 0.8483 0.7989 0.7408 0.683 0.6221 0.5599 0.4998 0.4338 0.3619 0.2767 
0.6937 0.4525 0.312 0.2247 0.1536 0.0895 0.0484 0.0181 0.0061 0.0016 0.0001 0.0001 0 0 0 0 0 0 
0.5451 0.2354 0.1048 0.0423 0.0132 0.0026 0.0003 0 0 0 0 0 0 0 0 0 0 0 
0.4122 0.1047 0.0238 0.0031 0.0001 0 0 0 0 0 0 0 0 0 0 0 0 0 
0.3046 0.0323 0.0021 0.0001 0 0 0 0 0 0 0 0 0 0 0 0 0 0 
0.2142 0.0098 0.0003 0 0 0 0 0 0 0 0 0 0 0 0 0 0 0 
0.1445 0.0027 0 0 0 0 0 0 0 0 0 0 0 0 0 0 0 0 
0.0906 0.0004 0 0 0 0 0 0 0 0 0 0 0 0 0 0 0 0 
0.0575 0 0 0 0 0 0 0 0 0 0 0 0 0 0 0 0 0 
0.0331 0 0 0 0 0 0 0 0 0 0 0 0 0 0 0 0 0 
0.018 0 0 0 0 0 0 0 0 0 0 0 0 0 0 0 0 0 
0.0084 0 0 0 0 0 0 0 0 0 0 0 0 0 0 0 0 0 
0.0038 0 0 0 0 0 0 0 0 0 0 0 0 0 0 0 0 0 
0.001 0 0 0 0 0 0 0 0 0 0 0 0 0 0 0 0 0 
0.0004 0 0 0 0 0 0 0 0 0 0 0 0 0 0 0 0 0 
0 0 0 0 0 0 0 0 0 0 0 0 0 0 0 0 0 0 
0 0 0 0 0 0 0 0 0 0 0 0 0 0 0 0 0 0 
0 0 0 0 0 0 0 0 0 0 0 0 0 0 0 0 0 0 

1 0.9964 0.9881 0.9792 0.967 0.9344 0.8682 0.795 0.7102 0.6193 0.5168 0.442 0.3606 0.2991 0.24 0.1918 0.1427 0.0996 
0.8686 0.766 0.6271 0.4973 0.3491 0.2193 0.1125 0.0544 0.0177 0.0055 0.0018 0.0006 0.0001 0 0.0001 0 0 0 
0.698 0.4673 0.2395 0.1111 0.0317 0.0066 0.0006 0.0003 0.0001 0 0.0001 0 0 0 0 0 0 0 
0.5335 0.2321 0.0571 0.013 0.0015 0.0002 0.0001 0 0 0 0 0 0 0 0 0 0 0 
0.3573 0.0747 0.0039 0.0004 0 0 0 0 0 0 0 0 0 0 0 0 0 0 
0.2243 0.0189 0.0004 0.0001 0 0 0 0 0 0 0 0 0 0 0 0 0 0 
0.1285 0.0043 0 0 0 0 0 0 0 0 0 0 0 0 0 0 0 0 
0.0673 0.0006 0 0 0 0 0 0 0 0 0 0 0 0 0 0 0 0 
0.0321 0.0003 0 0 0 0 0 0 0 0 0 0 0 0 0 0 0 0 
0.0135 0 0 0 0 0 0 0 0 0 0 0 0 0 0 0 0 0 
0.0064 0 0 0 0 0 0 0 0 0 0 0 0 0 0 0 0 0 
0.0026 0 0 0 0 0 0 0 0 0 0 0 0 0 0 0 0 0 
0.0008 0 0 0 0 0 0 0 0 0 0 0 0 0 0 0 0 0 
0.0003 0 0 0 0 0 0 0 0 0 0 0 0 0 0 0 0 0 
0 0 0 0 0 0 0 0 0 0 0 0 0 0 0 0 0 0 
0 0 0 0 0 0 0 0 0 0 0 0 0 0 0 0 0 0 
0 0 0 0 0 0 0 0 0 0 0 0 0 0 0 0 0 0 
0 0 0 0 0 0 0 0 0 0 0 0 0 0 0 0 0 0 

1 0.9978 0.9947 0.9907 0.9892 0.9794 0.9636 0.9455 0.922 0.8904 0.8504 0.8068 0.7536 0.6984 0.6382 0.5652 0.4738 0.3602 
0.6242 0.2361 0.1387 0.0873 0.0569 0.0328 0.0168 0.0078 0.0016 0.0005 0 0 0 0 0 0 0 0 
0.4703 0.0979 0.0322 0.0102 0.0026 0.0004 0 0 0 0 0 0 0 0 0 0 0 0 
0.364 0.041 0.0075 0.001 0 0 0 0 0 0 0 0 0 0 0 0 0 0 
0.2833 0.0146 0.0006 0 0 0 0 0 0 0 0 0 0 0 0 0 0 0 
0.2155 0.0055 0 0 0 0 0 0 0 0 0 0 0 0 0 0 0 0 
0.155 0.001 0 0 0 0 0 0 0 0 0 0 0 0 0 0 0 0 
0.1095 0 0 0 0 0 0 0 0 0 0 0 0 0 0 0 0 0 
0.0744 0 0 0 0 0 0 0 0 0 0 0 0 0 0 0 0 0 
0.0442 0 0 0 0 0 0 0 0 0 0 0 0 0 0 0 0 0 
0.0267 0 0 0 0 0 0 0 0 0 0 0 0 0 0 0 0 0 
0.0127 0 0 0 0 0 0 0 0 0 0 0 0 0 0 0 0 0 
0.0052 0 0 0 0 0 0 0 0 0 0 0 0 0 0 0 0 0 
0.0016 0 0 0 0 0 0 0 0 0 0 0 0 0 0 0 0 0 
0.0003 0 0 0 0 0 0 0 0 0 0 0 0 0 0 0 0 0 
0.0002 0 0 0 0 0 0 0 0 0 0 0 0 0 0 0 0 0 
0 0 0 0 0 0 0 0 0 0 0 0 0 0 0 0 0 0 
0 0 0 0 0 0 0 0 0 0 0 0 0 0 0 0 0 0 

1 0.9978 0.9945 0.9908 0.9881 0.9818 0.9715 0.9582 0.9392 0.9111 0.8704 0.8295 0.7733 0.7143 0.6417 0.5643 0.4627 0.3359 
0.6481 0.1605 0.0776 0.0429 0.0262 0.0167 0.0082 0.0042 0.0014 0.0005 0 0 0 0 0 0 0 0 
0.499 0.0559 0.0139 0.0049 0.0011 0.0002 0.0001 0 0 0 0 0 0 0 0 0 0 0 
0.3934 0.0217 0.002 0 0 0 0 0 0 0 0 0 0 0 0 0 0 0 
0.3156 0.0079 0.0002 0 0 0 0 0 0 0 0 0 0 0 0 0 0 0 
0.2436 0.0025 0 0 0 0 0 0 0 0 0 0 0 0 0 0 0 0 
0.1849 0.0005 0 0 0 0 0 0 0 0 0 0 0 0 0 0 0 0 
0.1291 0.0002 0 0 0 0 0 0 0 0 0 0 0 0 0 0 0 0 
0.089 0 0 0 0 0 0 0 0 0 0 0 0 0 0 0 0 0 
0.0574 0 0 0 0 0 0 0 0 0 0 0 0 0 0 0 0 0 
0.0336 0 0 0 0 0 0 0 0 0 0 0 0 0 0 0 0 0 
0.0183 0 0 0 0 0 0 0 0 0 0 0 0 0 0 0 0 0 
0.0096 0 0 0 0 0 0 0 0 0 0 0 0 0 0 0 0 0 
0.003 0 0 0 0 0 0 0 0 0 0 0 0 0 0 0 0 0 
0.0007 0 0 0 0 0 0 0 0 0 0 0 0 0 0 0 0 0 
0.0002 0 0 0 0 0 0 0 0 0 0 0 0 0 0 0 0 0 
0.0001 0 0 0 0 0 0 0 0 0 0 0 0 0 0 0 0 0 
0 0 0 0 0 0 0 0 0 0 0 0 0 0 0 0 0 0 

1 0.9982 0.9962 0.995 0.9921 0.9872 0.9843 0.9751 0.9675 0.9499 0.9311 0.9035 0.8736 0.833 0.7834 0.7215 0.6358 0.5054 
0.4917 0.0004 0 0 0 0 0 0 0 0 0 0 0 0 0 0 0 0 
0.3639 0 0 0 0 0 0 0 0 0 0 0 0 0 0 0 0 0 
0.286 0 0 0 0 0 0 0 0 0 0 0 0 0 0 0 0 0 
0.2243 0 0 0 0 0 0 0 0 0 0 0 0 0 0 0 0 0 
0.1776 0 0 0 0 0 0 0 0 0 0 0 0 0 0 0 0 0 
0.1375 0 0 0 0 0 0 0 0 0 0 0 0 0 0 0 0 0 
0.1053 0 0 0 0 0 0 0 0 0 0 0 0 0 0 0 0 0 
0.0756 0 0 0 0 0 0 0 0 0 0 0 0 0 0 0 0 0 
0.0491 0 0 0 0 0 0 0 0 0 0 0 0 0 0 0 0 0 
0.0292 0 0 0 0 0 0 0 0 0 0 0 0 0 0 0 0 0 
0.0157 0 0 0 0 0 0 0 0 0 0 0 0 0 0 0 0 0 
0.0074 0 0 0 0 0 0 0 0 0 0 0 0 0 0 0 0 0 
0.0027 0 0 0 0 0 0 0 0 0 0 0 0 0 0 0 0 0 
0.0005 0 0 0 0 0 0 0 0 0 0 0 0 0 0 0 0 0 
0.0002 0 0 0 0 0 0 0 0 0 0 0 0 0 0 0 0 0 
0.0001 0 0 0 0 0 0 0 0 0 0 0 0 0 0 0 0 0 
0 0 0 0 0 0 0 0 0 0 0 0 0 0 0 0 0 0 

1 0.996 0.9891 0.9806 0.9682 0.9478 0.8983 0.8414 0.7625 0.6801 0.6024 0.515 0.4304 0.3581 0.287 0.2234 0.1629 0.1098 
0.8592 0.687 0.508 0.3723 0.2448 0.1478 0.0749 0.0347 0.0121 0.0034 0.0017 0.0002 0 0 0 0 0 0 
0.6983 0.3872 0.1642 0.0658 0.0173 0.0045 0.0001 0.0001 0 0 0 0 0 0 0 0 0 0 
0.558 0.1904 0.0409 0.0083 0.0007 0.0001 0 0 0 0 0 0 0 0 0 0 0 0 
0.3966 0.0561 0.0037 0.0003 0 0 0 0 0 0 0 0 0 0 0 0 0 0 
0.2738 0.0184 0.0003 0 0 0 0 0 0 0 0 0 0 0 0 0 0 0 
0.1821 0.0049 0.0001 0 0 0 0 0 0 0 0 0 0 0 0 0 0 0 
0.1092 0.0005 0 0 0 0 0 0 0 0 0 0 0 0 0 0 0 0 
0.0605 0.0003 0 0 0 0 0 0 0 0 0 0 0 0 0 0 0 0 
0.0319 0 0 0 0 0 0 0 0 0 0 0 0 0 0 0 0 0 
0.016 0 0 0 0 0 0 0 0 0 0 0 0 0 0 0 0 0 
0.007 0 0 0 0 0 0 0 0 0 0 0 0 0 0 0 0 0 
0.0024 0 0 0 0 0 0 0 0 0 0 0 0 0 0 0 0 0 
0.0006 0 0 0 0 0 0 0 0 0 0 0 0 0 0 0 0 0 
0.0002 0 0 0 0 0 0 0 0 0 0 0 0 0 0 0 0 0 
0.0001 0 0 0 0 0 0 0 0 0 0 0 0 0 0 0 0 0 
0 0 0 0 0 0 0 0 0 0 0 0 0 0 0 0 0 0 
0 0 0 0 0 0 0 0 0 0 0 0 0 0 0 0 0 0 

1 0.9971 0.9945 0.9899 0.9889 0.9827 0.9728 0.9632 0.9439 0.9214 0.8874 0.8434 0.7904 0.7233 0.6491 0.5618 0.4597 0.3165 
0.6685 0.0775 0.0311 0.0152 0.0098 0.0053 0.0037 0.0018 0.0009 0.0004 0.0001 0.0001 0 0 0 0 0 0 
0.5234 0.0216 0.0043 0.0008 0.0002 0 0 0 0 0 0 0 0 0 0 0 0 0 
0.4172 0.008 0.0009 0 0 0 0 0 0 0 0 0 0 0 0 0 0 0 
0.3392 0.0029 0.0001 0 0 0 0 0 0 0 0 0 0 0 0 0 0 0 
0.2675 0.0007 0 0 0 0 0 0 0 0 0 0 0 0 0 0 0 0 
0.2071 0.0002 0 0 0 0 0 0 0 0 0 0 0 0 0 0 0 0 
0.152 0 0 0 0 0 0 0 0 0 0 0 0 0 0 0 0 0 
0.1077 0 0 0 0 0 0 0 0 0 0 0 0 0 0 0 0 0 
0.0692 0 0 0 0 0 0 0 0 0 0 0 0 0 0 0 0 0 
0.0406 0 0 0 0 0 0 0 0 0 0 0 0 0 0 0 0 0 
0.0213 0 0 0 0 0 0 0 0 0 0 0 0 0 0 0 0 0 
0.0102 0 0 0 0 0 0 0 0 0 0 0 0 0 0 0 0 0 
0.0035 0 0 0 0 0 0 0 0 0 0 0 0 0 0 0 0 0 
0.0009 0 0 0 0 0 0 0 0 0 0 0 0 0 0 0 0 0 
0.0001 0 0 0 0 0 0 0 0 0 0 0 0 0 0 0 0 0 
0 0 0 0 0 0 0 0 0 0 0 0 0 0 0 0 0 0 
0 0 0 0 0 0 0 0 0 0 0 0 0 0 0 0 0 0 

1 0.9972 0.9942 0.9899 0.9873 0.9838 0.9724 0.9631 0.9412 0.914 0.8827 0.8383 0.7734 0.7086 0.6283 0.5377 0.4237 0.2799 
0.7017 0.05 0.0145 0.0074 0.0044 0.0019 0.0012 0.0009 0.0002 0 0.0001 0 0 0 0 0 0 0 
0.5607 0.0135 0.0013 0.0004 0.0001 0 0 0 0 0 0 0 0 0 0 0 0 0 
0.4523 0.0046 0.0003 0 0 0 0 0 0 0 0 0 0 0 0 0 0 0 
0.3685 0.0021 0.0002 0 0 0 0 0 0 0 0 0 0 0 0 0 0 0 
0.2997 0.0006 0.0001 0 0 0 0 0 0 0 0 0 0 0 0 0 0 0 
0.234 0.0002 0 0 0 0 0 0 0 0 0 0 0 0 0 0 0 0 
0.1732 0.0001 0 0 0 0 0 0 0 0 0 0 0 0 0 0 0 0 
0.1218 0 0 0 0 0 0 0 0 0 0 0 0 0 0 0 0 0 
0.0789 0 0 0 0 0 0 0 0 0 0 0 0 0 0 0 0 0 
0.0461 0 0 0 0 0 0 0 0 0 0 0 0 0 0 0 0 0 
0.0264 0 0 0 0 0 0 0 0 0 0 0 0 0 0 0 0 0 
0.0124 0 0 0 0 0 0 0 0 0 0 0 0 0 0 0 0 0 
0.0034 0 0 0 0 0 0 0 0 0 0 0 0 0 0 0 0 0 
0.0009 0 0 0 0 0 0 0 0 0 0 0 0 0 0 0 0 0 
0.0002 0 0 0 0 0 0 0 0 0 0 0 0 0 0 0 0 0 
0 0 0 0 0 0 0 0 0 0 0 0 0 0 0 0 0 0 
0 0 0 0 0 0 0 0 0 0 0 0 0 0 0 0 0 0 

1 0.9987 0.9961 0.9951 0.9907 0.9861 0.9795 0.9738 0.9596 0.9454 0.917 0.8861 0.8455 0.7946 0.7386 0.6699 0.5722 0.4303 
0.5628 0 0 0 0 0 0 0 0 0 0 0 0 0 0 0 0 0 
0.4284 0 0 0 0 0 0 0 0 0 0 0 0 0 0 0 0 0 
0.3368 0 0 0 0 0 0 0 0 0 0 0 0 0 0 0 0 0 
0.269 0 0 0 0 0 0 0 0 0 0 0 0 0 0 0 0 0 
0.213 0 0 0 0 0 0 0 0 0 0 0 0 0 0 0 0 0 
0.1693 0 0 0 0 0 0 0 0 0 0 0 0 0 0 0 0 0 
0.1253 0 0 0 0 0 0 0 0 0 0 0 0 0 0 0 0 0 
0.0866 0 0 0 0 0 0 0 0 0 0 0 0 0 0 0 0 0 
0.0602 0 0 0 0 0 0 0 0 0 0 0 0 0 0 0 0 0 
0.0352 0 0 0 0 0 0 0 0 0 0 0 0 0 0 0 0 0 
0.0193 0 0 0 0 0 0 0 0 0 0 0 0 0 0 0 0 0 
0.0093 0 0 0 0 0 0 0 0 0 0 0 0 0 0 0 0 0 
0.0041 0 0 0 0 0 0 0 0 0 0 0 0 0 0 0 0 0 
0.0012 0 0 0 0 0 0 0 0 0 0 0 0 0 0 0 0 0 
0.0002 0 0 0 0 0 0 0 0 0 0 0 0 0 0 0 0 0 
0.0001 0 0 0 0 0 0 0 0 0 0 0 0 0 0 0 0 0 
0 0 0 0 0 0 0 0 0 0 0 0 0 0 0 0 0 0 

1 0.9973 0.9945 0.991 0.9878 0.9815 0.9736 0.9602 0.9424 0.9137 0.8744 0.8305 0.7715 0.7018 0.6229 0.5286 0.4194 0.266 
0.7181 0.0315 0.0084 0.0043 0.0017 0.0005 0.0005 0.0002 0 0 0 0 0 0 0 0 0 0 
0.5713 0.0068 0.0006 0.0002 0 0 0 0 0 0 0 0 0 0 0 0 0 0 
0.4675 0.003 0 0 0 0 0 0 0 0 0 0 0 0 0 0 0 0 
0.3818 0.0013 0 0 0 0 0 0 0 0 0 0 0 0 0 0 0 0 
0.3085 0.0002 0 0 0 0 0 0 0 0 0 0 0 0 0 0 0 0 
0.2402 0.0001 0 0 0 0 0 0 0 0 0 0 0 0 0 0 0 0 
0.1799 0 0 0 0 0 0 0 0 0 0 0 0 0 0 0 0 0 
0.13 0 0 0 0 0 0 0 0 0 0 0 0 0 0 0 0 0 
0.0845 0 0 0 0 0 0 0 0 0 0 0 0 0 0 0 0 0 
0.0535 0 0 0 0 0 0 0 0 0 0 0 0 0 0 0 0 0 
0.0284 0 0 0 0 0 0 0 0 0 0 0 0 0 0 0 0 0 
0.0141 0 0 0 0 0 0 0 0 0 0 0 0 0 0 0 0 0 
0.0044 0 0 0 0 0 0 0 0 0 0 0 0 0 0 0 0 0 
0.0014 0 0 0 0 0 0 0 0 0 0 0 0 0 0 0 0 0 
0 0 0 0 0 0 0 0 0 0 0 0 0 0 0 0 0 0 
0 0 0 0 0 0 0 0 0 0 0 0 0 0 0 0 0 0 
0 0 0 0 0 0 0 0 0 0 0 0 0 0 0 0 0 0 

1 0.9975 0.9959 0.992 0.9914 0.9888 0.9783 0.972 0.9587 0.9397 0.9174 0.8866 0.8457 0.7946 0.7351 0.658 0.561 0.4224 
0.5745 0 0 0 0 0 0 0 0 0 0 0 0 0 0 0 0 0 
0.4369 0 0 0 0 0 0 0 0 0 0 0 0 0 0 0 0 0 
0.3471 0 0 0 0 0 0 0 0 0 0 0 0 0 0 0 0 0 
0.2749 0 0 0 0 0 0 0 0 0 0 0 0 0 0 0 0 0 
0.2164 0 0 0 0 0 0 0 0 0 0 0 0 0 0 0 0 0 
0.1673 0 0 0 0 0 0 0 0 0 0 0 0 0 0 0 0 0 
0.1271 0 0 0 0 0 0 0 0 0 0 0 0 0 0 0 0 0 
0.0895 0 0 0 0 0 0 0 0 0 0 0 0 0 0 0 0 0 
0.0607 0 0 0 0 0 0 0 0 0 0 0 0 0 0 0 0 0 
0.0369 0 0 0 0 0 0 0 0 0 0 0 0 0 0 0 0 0 
0.0202 0 0 0 0 0 0 0 0 0 0 0 0 0 0 0 0 0 
0.0089 0 0 0 0 0 0 0 0 0 0 0 0 0 0 0 0 0 
0.0031 0 0 0 0 0 0 0 0 0 0 0 0 0 0 0 0 0 
0.0012 0 0 0 0 0 0 0 0 0 0 0 0 0 0 0 0 0 
0.0002 0 0 0 0 0 0 0 0 0 0 0 0 0 0 0 0 0 
0 0 0 0 0 0 0 0 0 0 0 0 0 0 0 0 0 0 
0 0 0 0 0 0 0 0 0 0 0 0 0 0 0 0 0 0 

1 0.9978 0.9955 0.9914 0.992 0.9858 0.9813 0.9709 0.9601 0.9474 0.9196 0.8891 0.8413 0.7954 0.7303 0.6601 0.5639 0.4178 
0.5747 0 0 0 0 0 0 0 0 0 0 0 0 0 0 0 0 0 
0.4384 0 0 0 0 0 0 0 0 0 0 0 0 0 0 0 0 0 
0.3471 0 0 0 0 0 0 0 0 0 0 0 0 0 0 0 0 0 
0.2765 0 0 0 0 0 0 0 0 0 0 0 0 0 0 0 0 0 
0.2221 0 0 0 0 0 0 0 0 0 0 0 0 0 0 0 0 0 
0.1685 0 0 0 0 0 0 0 0 0 0 0 0 0 0 0 0 0 
0.1235 0 0 0 0 0 0 0 0 0 0 0 0 0 0 0 0 0 
0.0861 0 0 0 0 0 0 0 0 0 0 0 0 0 0 0 0 0 
0.0562 0 0 0 0 0 0 0 0 0 0 0 0 0 0 0 0 0 
0.0341 0 0 0 0 0 0 0 0 0 0 0 0 0 0 0 0 0 
0.0191 0 0 0 0 0 0 0 0 0 0 0 0 0 0 0 0 0 
0.0095 0 0 0 0 0 0 0 0 0 0 0 0 0 0 0 0 0 
0.0029 0 0 0 0 0 0 0 0 0 0 0 0 0 0 0 0 0 
0.0013 0 0 0 0 0 0 0 0 0 0 0 0 0 0 0 0 0 
0.0002 0 0 0 0 0 0 0 0 0 0 0 0 0 0 0 0 0 
0.0001 0 0 0 0 0 0 0 0 0 0 0 0 0 0 0 0 0 
0 0 0 0 0 0 0 0 0 0 0 0 0 0 0 0 0 0 

1 0.9979 0.9971 0.9953 0.9949 0.9878 0.986 0.9777 0.9703 0.9542 0.9391 0.919 0.8886 0.8551 0.8153 0.7623 0.6864 0.5697 
0.4285 0 0 0 0 0 0 0 0 0 0 0 0 0 0 0 0 0 
0.3137 0 0 0 0 0 0 0 0 0 0 0 0 0 0 0 0 0 
0.2428 0 0 0 0 0 0 0 0 0 0 0 0 0 0 0 0 0 
0.1898 0 0 0 0 0 0 0 0 0 0 0 0 0 0 0 0 0 
0.1511 0 0 0 0 0 0 0 0 0 0 0 0 0 0 0 0 0 
0.12 0 0 0 0 0 0 0 0 0 0 0 0 0 0 0 0 0 
0.0907 0 0 0 0 0 0 0 0 0 0 0 0 0 0 0 0 0 
0.0646 0 0 0 0 0 0 0 0 0 0 0 0 0 0 0 0 0 
0.0445 0 0 0 0 0 0 0 0 0 0 0 0 0 0 0 0 0 
0.0285 0 0 0 0 0 0 0 0 0 0 0 0 0 0 0 0 0 
0.0166 0 0 0 0 0 0 0 0 0 0 0 0 0 0 0 0 0 
0.0076 0 0 0 0 0 0 0 0 0 0 0 0 0 0 0 0 0 
0.0032 0 0 0 0 0 0 0 0 0 0 0 0 0 0 0 0 0 
0.0013 0 0 0 0 0 0 0 0 0 0 0 0 0 0 0 0 0 
0.0004 0 0 0 0 0 0 0 0 0 0 0 0 0 0 0 0 0 
0 0 0 0 0 0 0 0 0 0 0 0 0 0 0 0 0 0 
0 0 0 0 0 0 0 0 0 0 0 0 0 0 0 0 0 0 

1 0.9959 0.9882 0.984 0.9767 0.9603 0.9255 0.8837 0.8209 0.7562 0.6717 0.5835 0.4876 0.4004 0.3177 0.2363 0.1594 0.0945 
0.8711 0.5746 0.3527 0.2399 0.1551 0.0883 0.0447 0.0198 0.007 0.0013 0.0008 0.0002 0.0001 0 0 0 0 0 
0.7351 0.2769 0.0802 0.032 0.0073 0.0011 0.0001 0 0 0 0 0 0 0 0 0 0 0 
0.6057 0.1213 0.0138 0.0027 0.0002 0 0 0 0 0 0 0 0 0 0 0 0 0 
0.4728 0.0394 0.0013 0.0001 0 0 0 0 0 0 0 0 0 0 0 0 0 0 
0.3545 0.0124 0.0001 0 0 0 0 0 0 0 0 0 0 0 0 0 0 0 
0.2527 0.0031 0 0 0 0 0 0 0 0 0 0 0 0 0 0 0 0 
0.1666 0.0004 0 0 0 0 0 0 0 0 0 0 0 0 0 0 0 0 
0.1062 0 0 0 0 0 0 0 0 0 0 0 0 0 0 0 0 0 
0.0597 0 0 0 0 0 0 0 0 0 0 0 0 0 0 0 0 0 
0.0324 0 0 0 0 0 0 0 0 0 0 0 0 0 0 0 0 0 
0.0147 0 0 0 0 0 0 0 0 0 0 0 0 0 0 0 0 0 
0.0062 0 0 0 0 0 0 0 0 0 0 0 0 0 0 0 0 0 
0.0019 0 0 0 0 0 0 0 0 0 0 0 0 0 0 0 0 0 
0.0008 0 0 0 0 0 0 0 0 0 0 0 0 0 0 0 0 0 
0.0002 0 0 0 0 0 0 0 0 0 0 0 0 0 0 0 0 0 
0 0 0 0 0 0 0 0 0 0 0 0 0 0 0 0 0 0 
0 0 0 0 0 0 0 0 0 0 0 0 0 0 0 0 0 0 

1 0.9979 0.9947 0.9921 0.9869 0.9807 0.9728 0.96 0.9407 0.9153 0.8776 0.8254 0.7661 0.6947 0.612 0.5139 0.3957 0.2451 
0.7364 0.0209 0.004 0.0018 0.0013 0.0007 0.0002 0 0 0 0 0 0 0 0 0 0 0 
0.5926 0.0041 0.0003 0 0 0 0 0 0 0 0 0 0 0 0 0 0 0 
0.4844 0.001 0 0 0 0 0 0 0 0 0 0 0 0 0 0 0 0 
0.3979 0.0002 0 0 0 0 0 0 0 0 0 0 0 0 0 0 0 0 
0.3207 0.0001 0 0 0 0 0 0 0 0 0 0 0 0 0 0 0 0 
0.2496 0.0002 0 0 0 0 0 0 0 0 0 0 0 0 0 0 0 0 
0.191 0.0001 0 0 0 0 0 0 0 0 0 0 0 0 0 0 0 0 
0.1331 0 0 0 0 0 0 0 0 0 0 0 0 0 0 0 0 0 
0.0865 0 0 0 0 0 0 0 0 0 0 0 0 0 0 0 0 0 
0.0519 0 0 0 0 0 0 0 0 0 0 0 0 0 0 0 0 0 
0.028 0 0 0 0 0 0 0 0 0 0 0 0 0 0 0 0 0 
0.0148 0 0 0 0 0 0 0 0 0 0 0 0 0 0 0 0 0 
0.0053 0 0 0 0 0 0 0 0 0 0 0 0 0 0 0 0 0 
0.0009 0 0 0 0 0 0 0 0 0 0 0 0 0 0 0 0 0 
0.0003 0 0 0 0 0 0 0 0 0 0 0 0 0 0 0 0 0 
0.0001 0 0 0 0 0 0 0 0 0 0 0 0 0 0 0 0 0 
0 0 0 0 0 0 0 0 0 0 0 0 0 0 0 0 0 0 

1 0.997 0.9936 0.9895 0.9867 0.9764 0.9695 0.9606 0.9384 0.914 0.8704 0.8178 0.7618 0.6798 0.5895 0.4891 0.3738 0.2231 
0.7606 0.0124 0.0037 0.0012 0.0007 0.0004 0.0001 0 0 0 0 0 0 0 0 0 0 0 
0.6194 0.0022 0.0001 0 0 0 0 0 0 0 0 0 0 0 0 0 0 0 
0.5108 0.0002 0 0 0 0 0 0 0 0 0 0 0 0 0 0 0 0 
0.4152 0.0002 0 0 0 0 0 0 0 0 0 0 0 0 0 0 0 0 
0.3378 0.0001 0 0 0 0 0 0 0 0 0 0 0 0 0 0 0 0 
0.2642 0 0 0 0 0 0 0 0 0 0 0 0 0 0 0 0 0 
0.1959 0 0 0 0 0 0 0 0 0 0 0 0 0 0 0 0 0 
0.1418 0 0 0 0 0 0 0 0 0 0 0 0 0 0 0 0 0 
0.0948 0 0 0 0 0 0 0 0 0 0 0 0 0 0 0 0 0 
0.0578 0 0 0 0 0 0 0 0 0 0 0 0 0 0 0 0 0 
0.0295 0 0 0 0 0 0 0 0 0 0 0 0 0 0 0 0 0 
0.0129 0 0 0 0 0 0 0 0 0 0 0 0 0 0 0 0 0 
0.0049 0 0 0 0 0 0 0 0 0 0 0 0 0 0 0 0 0 
0.0016 0 0 0 0 0 0 0 0 0 0 0 0 0 0 0 0 0 
0.0005 0 0 0 0 0 0 0 0 0 0 0 0 0 0 0 0 0 
0 0 0 0 0 0 0 0 0 0 0 0 0 0 0 0 0 0 
0 0 0 0 0 0 0 0 0 0 0 0 0 0 0 0 0 0 

1 0.9977 0.9955 0.9911 0.9911 0.9848 0.9796 0.9692 0.9547 0.9352 0.907 0.8738 0.8316 0.774 0.7105 0.6336 0.5304 0.3785 
0.612 0 0 0 0 0 0 0 0 0 0 0 0 0 0 0 0 0 
0.4697 0 0 0 0 0 0 0 0 0 0 0 0 0 0 0 0 0 
0.376 0 0 0 0 0 0 0 0 0 0 0 0 0 0 0 0 0 
0.2997 0 0 0 0 0 0 0 0 0 0 0 0 0 0 0 0 0 
0.2379 0 0 0 0 0 0 0 0 0 0 0 0 0 0 0 0 0 
0.1822 0 0 0 0 0 0 0 0 0 0 0 0 0 0 0 0 0 
0.1354 0 0 0 0 0 0 0 0 0 0 0 0 0 0 0 0 0 
0.0981 0 0 0 0 0 0 0 0 0 0 0 0 0 0 0 0 0 
0.0687 0 0 0 0 0 0 0 0 0 0 0 0 0 0 0 0 0 
0.0433 0 0 0 0 0 0 0 0 0 0 0 0 0 0 0 0 0 
0.0234 0 0 0 0 0 0 0 0 0 0 0 0 0 0 0 0 0 
0.0103 0 0 0 0 0 0 0 0 0 0 0 0 0 0 0 0 0 
0.0038 0 0 0 0 0 0 0 0 0 0 0 0 0 0 0 0 0 
0.001 0 0 0 0 0 0 0 0 0 0 0 0 0 0 0 0 0 
0.0002 0 0 0 0 0 0 0 0 0 0 0 0 0 0 0 0 0 
0 0 0 0 0 0 0 0 0 0 0 0 0 0 0 0 0 0 
0 0 0 0 0 0 0 0 0 0 0 0 0 0 0 0 0 0 

1 0.9967 0.9932 0.9888 0.9866 0.978 0.9726 0.9576 0.937 0.9113 0.8717 0.8193 0.7524 0.6728 0.5869 0.481 0.361 0.2178 
0.766 0.0056 0.0007 0.0003 0 0 0 0 0 0 0 0 0 0 0 0 0 0 
0.6336 0.001 0 0 0 0 0 0 0 0 0 0 0 0 0 0 0 0 
0.5218 0.0002 0 0 0 0 0 0 0 0 0 0 0 0 0 0 0 0 
0.4212 0.0001 0 0 0 0 0 0 0 0 0 0 0 0 0 0 0 0 
0.3405 0 0 0 0 0 0 0 0 0 0 0 0 0 0 0 0 0 
0.2693 0 0 0 0 0 0 0 0 0 0 0 0 0 0 0 0 0 
0.2022 0 0 0 0 0 0 0 0 0 0 0 0 0 0 0 0 0 
0.1478 0 0 0 0 0 0 0 0 0 0 0 0 0 0 0 0 0 
0.0964 0 0 0 0 0 0 0 0 0 0 0 0 0 0 0 0 0 
0.0572 0 0 0 0 0 0 0 0 0 0 0 0 0 0 0 0 0 
0.0309 0 0 0 0 0 0 0 0 0 0 0 0 0 0 0 0 0 
0.0133 0 0 0 0 0 0 0 0 0 0 0 0 0 0 0 0 0 
0.0051 0 0 0 0 0 0 0 0 0 0 0 0 0 0 0 0 0 
0.0017 0 0 0 0 0 0 0 0 0 0 0 0 0 0 0 0 0 
0.0004 0 0 0 0 0 0 0 0 0 0 0 0 0 0 0 0 0 
0 0 0 0 0 0 0 0 0 0 0 0 0 0 0 0 0 0 
0 0 0 0 0 0 0 0 0 0 0 0 0 0 0 0 0 0 

1 0.9971 0.9938 0.9923 0.9892 0.9835 0.9791 0.9701 0.9545 0.9357 0.9105 0.8769 0.8276 0.7706 0.7047 0.625 0.5184 0.3698 
0.6201 0 0 0 0 0 0 0 0 0 0 0 0 0 0 0 0 0 
0.4786 0 0 0 0 0 0 0 0 0 0 0 0 0 0 0 0 0 
0.3852 0 0 0 0 0 0 0 0 0 0 0 0 0 0 0 0 0 
0.309 0 0 0 0 0 0 0 0 0 0 0 0 0 0 0 0 0 
0.2442 0 0 0 0 0 0 0 0 0 0 0 0 0 0 0 0 0 
0.1846 0 0 0 0 0 0 0 0 0 0 0 0 0 0 0 0 0 
0.1378 0 0 0 0 0 0 0 0 0 0 0 0 0 0 0 0 0 
0.0993 0 0 0 0 0 0 0 0 0 0 0 0 0 0 0 0 0 
0.0648 0 0 0 0 0 0 0 0 0 0 0 0 0 0 0 0 0 
0.0401 0 0 0 0 0 0 0 0 0 0 0 0 0 0 0 0 0 
0.0205 0 0 0 0 0 0 0 0 0 0 0 0 0 0 0 0 0 
0.0106 0 0 0 0 0 0 0 0 0 0 0 0 0 0 0 0 0 
0.0047 0 0 0 0 0 0 0 0 0 0 0 0 0 0 0 0 0 
0.0013 0 0 0 0 0 0 0 0 0 0 0 0 0 0 0 0 0 
0.0002 0 0 0 0 0 0 0 0 0 0 0 0 0 0 0 0 0 
0.0002 0 0 0 0 0 0 0 0 0 0 0 0 0 0 0 0 0 
0 0 0 0 0 0 0 0 0 0 0 0 0 0 0 0 0 0 

1 0.9978 0.9956 0.9916 0.9907 0.9837 0.9779 0.9692 0.9545 0.9348 0.9047 0.8669 0.8243 0.7725 0.7036 0.6224 0.5189 0.3659 
0.6279 0 0 0 0 0 0 0 0 0 0 0 0 0 0 0 0 0 
0.4811 0 0 0 0 0 0 0 0 0 0 0 0 0 0 0 0 0 
0.3812 0 0 0 0 0 0 0 0 0 0 0 0 0 0 0 0 0 
0.3107 0 0 0 0 0 0 0 0 0 0 0 0 0 0 0 0 0 
0.2434 0 0 0 0 0 0 0 0 0 0 0 0 0 0 0 0 0 
0.1888 0 0 0 0 0 0 0 0 0 0 0 0 0 0 0 0 0 
0.1397 0 0 0 0 0 0 0 0 0 0 0 0 0 0 0 0 0 
0.1001 0 0 0 0 0 0 0 0 0 0 0 0 0 0 0 0 0 
0.0672 0 0 0 0 0 0 0 0 0 0 0 0 0 0 0 0 0 
0.0408 0 0 0 0 0 0 0 0 0 0 0 0 0 0 0 0 0 
0.0254 0 0 0 0 0 0 0 0 0 0 0 0 0 0 0 0 0 
0.0122 0 0 0 0 0 0 0 0 0 0 0 0 0 0 0 0 0 
0.0048 0 0 0 0 0 0 0 0 0 0 0 0 0 0 0 0 0 
0.0014 0 0 0 0 0 0 0 0 0 0 0 0 0 0 0 0 0 
0.0003 0 0 0 0 0 0 0 0 0 0 0 0 0 0 0 0 0 
0 0 0 0 0 0 0 0 0 0 0 0 0 0 0 0 0 0 
0 0 0 0 0 0 0 0 0 0 0 0 0 0 0 0 0 0 

1 0.999 0.9957 0.9936 0.9917 0.989 0.9838 0.9777 0.9692 0.9526 0.9347 0.9122 0.8808 0.8442 0.7979 0.7355 0.6586 0.5282 
0.4682 0 0 0 0 0 0 0 0 0 0 0 0 0 0 0 0 0 
0.3441 0 0 0 0 0 0 0 0 0 0 0 0 0 0 0 0 0 
0.2698 0 0 0 0 0 0 0 0 0 0 0 0 0 0 0 0 0 
0.2102 0 0 0 0 0 0 0 0 0 0 0 0 0 0 0 0 0 
0.1688 0 0 0 0 0 0 0 0 0 0 0 0 0 0 0 0 0 
0.1247 0 0 0 0 0 0 0 0 0 0 0 0 0 0 0 0 0 
0.0947 0 0 0 0 0 0 0 0 0 0 0 0 0 0 0 0 0 
0.069 0 0 0 0 0 0 0 0 0 0 0 0 0 0 0 0 0 
0.0472 0 0 0 0 0 0 0 0 0 0 0 0 0 0 0 0 0 
0.0311 0 0 0 0 0 0 0 0 0 0 0 0 0 0 0 0 0 
0.017 0 0 0 0 0 0 0 0 0 0 0 0 0 0 0 0 0 
0.0074 0 0 0 0 0 0 0 0 0 0 0 0 0 0 0 0 0 
0.0025 0 0 0 0 0 0 0 0 0 0 0 0 0 0 0 0 0 
0.0008 0 0 0 0 0 0 0 0 0 0 0 0 0 0 0 0 0 
0.0001 0 0 0 0 0 0 0 0 0 0 0 0 0 0 0 0 0 
0 0 0 0 0 0 0 0 0 0 0 0 0 0 0 0 0 0 
0 0 0 0 0 0 0 0 0 0 0 0 0 0 0 0 0 0 

1 0.9967 0.9931 0.9908 0.9849 0.9789 0.9727 0.9551 0.941 0.9066 0.8678 0.8184 0.7489 0.6738 0.5843 0.4781 0.3651 0.2142 
0.7664 0.0036 0.0001 0 0 0 0 0 0 0 0 0 0 0 0 0 0 0 
0.6341 0.0002 0 0 0 0 0 0 0 0 0 0 0 0 0 0 0 0 
0.5219 0 0 0 0 0 0 0 0 0 0 0 0 0 0 0 0 0 
0.4242 0 0 0 0 0 0 0 0 0 0 0 0 0 0 0 0 0 
0.3376 0 0 0 0 0 0 0 0 0 0 0 0 0 0 0 0 0 
0.2747 0 0 0 0 0 0 0 0 0 0 0 0 0 0 0 0 0 
0.2076 0 0 0 0 0 0 0 0 0 0 0 0 0 0 0 0 0 
0.1467 0 0 0 0 0 0 0 0 0 0 0 0 0 0 0 0 0 
0.0967 0 0 0 0 0 0 0 0 0 0 0 0 0 0 0 0 0 
0.0597 0 0 0 0 0 0 0 0 0 0 0 0 0 0 0 0 0 
0.0334 0 0 0 0 0 0 0 0 0 0 0 0 0 0 0 0 0 
0.0155 0 0 0 0 0 0 0 0 0 0 0 0 0 0 0 0 0 
0.0054 0 0 0 0 0 0 0 0 0 0 0 0 0 0 0 0 0 
0.0014 0 0 0 0 0 0 0 0 0 0 0 0 0 0 0 0 0 
0.0004 0 0 0 0 0 0 0 0 0 0 0 0 0 0 0 0 0 
0 0 0 0 0 0 0 0 0 0 0 0 0 0 0 0 0 0 
0 0 0 0 0 0 0 0 0 0 0 0 0 0 0 0 0 0 

1 0.9969 0.9931 0.9925 0.9883 0.9838 0.9781 0.9673 0.956 0.9344 0.9103 0.868 0.8214 0.7666 0.6991 0.6188 0.5183 0.3672 
0.6232 0 0 0 0 0 0 0 0 0 0 0 0 0 0 0 0 0 
0.485 0 0 0 0 0 0 0 0 0 0 0 0 0 0 0 0 0 
0.3859 0 0 0 0 0 0 0 0 0 0 0 0 0 0 0 0 0 
0.308 0 0 0 0 0 0 0 0 0 0 0 0 0 0 0 0 0 
0.2499 0 0 0 0 0 0 0 0 0 0 0 0 0 0 0 0 0 
0.1931 0 0 0 0 0 0 0 0 0 0 0 0 0 0 0 0 0 
0.1467 0 0 0 0 0 0 0 0 0 0 0 0 0 0 0 0 0 
0.1019 0 0 0 0 0 0 0 0 0 0 0 0 0 0 0 0 0 
0.0699 0 0 0 0 0 0 0 0 0 0 0 0 0 0 0 0 0 
0.0399 0 0 0 0 0 0 0 0 0 0 0 0 0 0 0 0 0 
0.0218 0 0 0 0 0 0 0 0 0 0 0 0 0 0 0 0 0 
0.0104 0 0 0 0 0 0 0 0 0 0 0 0 0 0 0 0 0 
0.0034 0 0 0 0 0 0 0 0 0 0 0 0 0 0 0 0 0 
0.0006 0 0 0 0 0 0 0 0 0 0 0 0 0 0 0 0 0 
0.0002 0 0 0 0 0 0 0 0 0 0 0 0 0 0 0 0 0 
0 0 0 0 0 0 0 0 0 0 0 0 0 0 0 0 0 0 
0 0 0 0 0 0 0 0 0 0 0 0 0 0 0 0 0 0 

1 0.9982 0.9942 0.9936 0.9894 0.9849 0.9809 0.9681 0.9535 0.937 0.9111 0.8736 0.8285 0.7683 0.6997 0.6217 0.5199 0.3598 
0.629 0 0 0 0 0 0 0 0 0 0 0 0 0 0 0 0 0 
0.4796 0 0 0 0 0 0 0 0 0 0 0 0 0 0 0 0 0 
0.3806 0 0 0 0 0 0 0 0 0 0 0 0 0 0 0 0 0 
0.3097 0 0 0 0 0 0 0 0 0 0 0 0 0 0 0 0 0 
0.2445 0 0 0 0 0 0 0 0 0 0 0 0 0 0 0 0 0 
0.1904 0 0 0 0 0 0 0 0 0 0 0 0 0 0 0 0 0 
0.1428 0 0 0 0 0 0 0 0 0 0 0 0 0 0 0 0 0 
0.1009 0 0 0 0 0 0 0 0 0 0 0 0 0 0 0 0 0 
0.0647 0 0 0 0 0 0 0 0 0 0 0 0 0 0 0 0 0 
0.0404 0 0 0 0 0 0 0 0 0 0 0 0 0 0 0 0 0 
0.0212 0 0 0 0 0 0 0 0 0 0 0 0 0 0 0 0 0 
0.0099 0 0 0 0 0 0 0 0 0 0 0 0 0 0 0 0 0 
0.003 0 0 0 0 0 0 0 0 0 0 0 0 0 0 0 0 0 
0.0008 0 0 0 0 0 0 0 0 0 0 0 0 0 0 0 0 0 
0.0001 0 0 0 0 0 0 0 0 0 0 0 0 0 0 0 0 0 
0 0 0 0 0 0 0 0 0 0 0 0 0 0 0 0 0 0 
0 0 0 0 0 0 0 0 0 0 0 0 0 0 0 0 0 0 

1 0.9975 0.9954 0.9938 0.9918 0.9899 0.9824 0.9783 0.97 0.9556 0.9369 0.9105 0.8821 0.8426 0.7945 0.7345 0.6529 0.5229 
0.4745 0 0 0 0 0 0 0 0 0 0 0 0 0 0 0 0 0 
0.3503 0 0 0 0 0 0 0 0 0 0 0 0 0 0 0 0 0 
0.2706 0 0 0 0 0 0 0 0 0 0 0 0 0 0 0 0 0 
0.2125 0 0 0 0 0 0 0 0 0 0 0 0 0 0 0 0 0 
0.1676 0 0 0 0 0 0 0 0 0 0 0 0 0 0 0 0 0 
0.1313 0 0 0 0 0 0 0 0 0 0 0 0 0 0 0 0 0 
0.0973 0 0 0 0 0 0 0 0 0 0 0 0 0 0 0 0 0 
0.064 0 0 0 0 0 0 0 0 0 0 0 0 0 0 0 0 0 
0.0447 0 0 0 0 0 0 0 0 0 0 0 0 0 0 0 0 0 
0.029 0 0 0 0 0 0 0 0 0 0 0 0 0 0 0 0 0 
0.0154 0 0 0 0 0 0 0 0 0 0 0 0 0 0 0 0 0 
0.0072 0 0 0 0 0 0 0 0 0 0 0 0 0 0 0 0 0 
0.0031 0 0 0 0 0 0 0 0 0 0 0 0 0 0 0 0 0 
0.0007 0 0 0 0 0 0 0 0 0 0 0 0 0 0 0 0 0 
0.0002 0 0 0 0 0 0 0 0 0 0 0 0 0 0 0 0 0 
0 0 0 0 0 0 0 0 0 0 0 0 0 0 0 0 0 0 
0 0 0 0 0 0 0 0 0 0 0 0 0 0 0 0 0 0 

1 0.998 0.9958 0.9919 0.9898 0.9852 0.9783 0.9686 0.9559 0.9347 0.9078 0.8701 0.819 0.7614 0.6958 0.6136 0.5119 0.3621 
0.6278 0 0 0 0 0 0 0 0 0 0 0 0 0 0 0 0 0 
0.4873 0 0 0 0 0 0 0 0 0 0 0 0 0 0 0 0 0 
0.3908 0 0 0 0 0 0 0 0 0 0 0 0 0 0 0 0 0 
0.3105 0 0 0 0 0 0 0 0 0 0 0 0 0 0 0 0 0 
0.2512 0 0 0 0 0 0 0 0 0 0 0 0 0 0 0 0 0 
0.1966 0 0 0 0 0 0 0 0 0 0 0 0 0 0 0 0 0 
0.1482 0 0 0 0 0 0 0 0 0 0 0 0 0 0 0 0 0 
0.1043 0 0 0 0 0 0 0 0 0 0 0 0 0 0 0 0 0 
0.0653 0 0 0 0 0 0 0 0 0 0 0 0 0 0 0 0 0 
0.0394 0 0 0 0 0 0 0 0 0 0 0 0 0 0 0 0 0 
0.0225 0 0 0 0 0 0 0 0 0 0 0 0 0 0 0 0 0 
0.0107 0 0 0 0 0 0 0 0 0 0 0 0 0 0 0 0 0 
0.0046 0 0 0 0 0 0 0 0 0 0 0 0 0 0 0 0 0 
0.0008 0 0 0 0 0 0 0 0 0 0 0 0 0 0 0 0 0 
0.0001 0 0 0 0 0 0 0 0 0 0 0 0 0 0 0 0 0 
0 0 0 0 0 0 0 0 0 0 0 0 0 0 0 0 0 0 
0 0 0 0 0 0 0 0 0 0 0 0 0 0 0 0 0 0 

1 0.9983 0.9959 0.9951 0.9921 0.9879 0.9865 0.9776 0.9681 0.9561 0.9325 0.9064 0.8803 0.842 0.7962 0.7393 0.6633 0.5336 
0.4655 0 0 0 0 0 0 0 0 0 0 0 0 0 0 0 0 0 
0.3398 0 0 0 0 0 0 0 0 0 0 0 0 0 0 0 0 0 
0.2644 0 0 0 0 0 0 0 0 0 0 0 0 0 0 0 0 0 
0.2097 0 0 0 0 0 0 0 0 0 0 0 0 0 0 0 0 0 
0.1691 0 0 0 0 0 0 0 0 0 0 0 0 0 0 0 0 0 
0.1309 0 0 0 0 0 0 0 0 0 0 0 0 0 0 0 0 0 
0.096 0 0 0 0 0 0 0 0 0 0 0 0 0 0 0 0 0 
0.0714 0 0 0 0 0 0 0 0 0 0 0 0 0 0 0 0 0 
0.0476 0 0 0 0 0 0 0 0 0 0 0 0 0 0 0 0 0 
0.0284 0 0 0 0 0 0 0 0 0 0 0 0 0 0 0 0 0 
0.0158 0 0 0 0 0 0 0 0 0 0 0 0 0 0 0 0 0 
0.0069 0 0 0 0 0 0 0 0 0 0 0 0 0 0 0 0 0 
0.0024 0 0 0 0 0 0 0 0 0 0 0 0 0 0 0 0 0 
0.0005 0 0 0 0 0 0 0 0 0 0 0 0 0 0 0 0 0 
0.0003 0 0 0 0 0 0 0 0 0 0 0 0 0 0 0 0 0 
0.0001 0 0 0 0 0 0 0 0 0 0 0 0 0 0 0 0 0 
0 0 0 0 0 0 0 0 0 0 0 0 0 0 0 0 0 0 

1 0.9975 0.9956 0.9935 0.9925 0.9902 0.9842 0.9771 0.9668 0.9595 0.9374 0.9136 0.8793 0.8416 0.7944 0.7328 0.6524 0.5238 
0.4706 0 0 0 0 0 0 0 0 0 0 0 0 0 0 0 0 0 
0.3499 0 0 0 0 0 0 0 0 0 0 0 0 0 0 0 0 0 
0.2724 0 0 0 0 0 0 0 0 0 0 0 0 0 0 0 0 0 
0.2144 0 0 0 0 0 0 0 0 0 0 0 0 0 0 0 0 0 
0.166 0 0 0 0 0 0 0 0 0 0 0 0 0 0 0 0 0 
0.1304 0 0 0 0 0 0 0 0 0 0 0 0 0 0 0 0 0 
0.0964 0 0 0 0 0 0 0 0 0 0 0 0 0 0 0 0 0 
0.0706 0 0 0 0 0 0 0 0 0 0 0 0 0 0 0 0 0 
0.0447 0 0 0 0 0 0 0 0 0 0 0 0 0 0 0 0 0 
0.0263 0 0 0 0 0 0 0 0 0 0 0 0 0 0 0 0 0 
0.0148 0 0 0 0 0 0 0 0 0 0 0 0 0 0 0 0 0 
0.0076 0 0 0 0 0 0 0 0 0 0 0 0 0 0 0 0 0 
0.0028 0 0 0 0 0 0 0 0 0 0 0 0 0 0 0 0 0 
0.0008 0 0 0 0 0 0 0 0 0 0 0 0 0 0 0 0 0 
0.0001 0 0 0 0 0 0 0 0 0 0 0 0 0 0 0 0 0 
0 0 0 0 0 0 0 0 0 0 0 0 0 0 0 0 0 0 
0 0 0 0 0 0 0 0 0 0 0 0 0 0 0 0 0 0 

1 0.9986 0.9972 0.9965 0.9947 0.9913 0.9882 0.9845 0.9763 0.9678 0.9559 0.9392 0.9184 0.8933 0.8611 0.8196 0.7636 0.6696 
0.3295 0 0 0 0 0 0 0 0 0 0 0 0 0 0 0 0 0 
0.2384 0 0 0 0 0 0 0 0 0 0 0 0 0 0 0 0 0 
0.1856 0 0 0 0 0 0 0 0 0 0 0 0 0 0 0 0 0 
0.1451 0 0 0 0 0 0 0 0 0 0 0 0 0 0 0 0 0 
0.1138 0 0 0 0 0 0 0 0 0 0 0 0 0 0 0 0 0 
0.0883 0 0 0 0 0 0 0 0 0 0 0 0 0 0 0 0 0 
0.0624 0 0 0 0 0 0 0 0 0 0 0 0 0 0 0 0 0 
0.0468 0 0 0 0 0 0 0 0 0 0 0 0 0 0 0 0 0 
0.0323 0 0 0 0 0 0 0 0 0 0 0 0 0 0 0 0 0 
0.0199 0 0 0 0 0 0 0 0 0 0 0 0 0 0 0 0 0 
0.0126 0 0 0 0 0 0 0 0 0 0 0 0 0 0 0 0 0 
0.0056 0 0 0 0 0 0 0 0 0 0 0 0 0 0 0 0 0 
0.0031 0 0 0 0 0 0 0 0 0 0 0 0 0 0 0 0 0 
0.0007 0 0 0 0 0 0 0 0 0 0 0 0 0 0 0 0 0 
0.0001 0 0 0 0 0 0 0 0 0 0 0 0 0 0 0 0 0 
0 0 0 0 0 0 0 0 0 0 0 0 0 0 0 0 0 0 
0 0 0 0 0 0 0 0 0 0 0 0 0 0 0 0 0 0 

