1 0.998306 0.995756 0.985437 0.971206 0.952456 0.926825 0.895356 0.854931 0.8085 0.752344 0.692312 0.626456 0.557256 0.483337 0.402537 0.314662 0.216537 
0.747831 0.378706 0.233456 0.1367 0.0795125 0.0443562 0.02275 0.0100625 0.00336875 0.0008375 0.00013125 1.875e-05 6.25e-06 0 0 0 0 0 
0.602006 0.180731 0.0652 0.0163688 0.0028 0.0003 3.125e-05 0 0 0 0 0 0 0 0 0 0 0 
0.488144 0.0919062 0.0198813 0.00176875 5.625e-05 0 0 0 0 0 0 0 0 0 0 0 0 0 
0.3853 0.0435 0.00483125 8.125e-05 0 0 0 0 0 0 0 0 0 0 0 0 0 0 
0.300362 0.0170937 0.00085625 0 0 0 0 0 0 0 0 0 0 0 0 0 0 0 
0.224481 0.00545625 6.25e-05 0 0 0 0 0 0 0 0 0 0 0 0 0 0 0 
0.162587 0.00134375 1.25e-05 0 0 0 0 0 0 0 0 0 0 0 0 0 0 0 
0.113256 0.00024375 0 0 0 0 0 0 0 0 0 0 0 0 0 0 0 0 
0.0760688 4.375e-05 0 0 0 0 0 0 0 0 0 0 0 0 0 0 0 0 
0.0482625 6.25e-06 0 0 0 0 0 0 0 0 0 0 0 0 0 0 0 0 
0.0280937 0 0 0 0 0 0 0 0 0 0 0 0 0 0 0 0 0 
0.0153312 0 0 0 0 0 0 0 0 0 0 0 0 0 0 0 0 0 
0.00746875 0 0 0 0 0 0 0 0 0 0 0 0 0 0 0 0 0 
0.0030875 0 0 0 0 0 0 0 0 0 0 0 0 0 0 0 0 0 
0.00086875 0 0 0 0 0 0 0 0 0 0 0 0 0 0 0 0 0 
0.00013125 0 0 0 0 0 0 0 0 0 0 0 0 0 0 0 0 0 
1.875e-05 0 0 0 0 0 0 0 0 0 0 0 0 0 0 0 0 0 

1 0.997425 0.993988 0.978725 0.955125 0.924575 0.8841 0.834562 0.775187 0.706 0.634425 0.561188 0.489387 0.419075 0.348425 0.278288 0.205537 0.136325 
0.825612 0.59005 0.418475 0.269262 0.163438 0.0959125 0.05035 0.0237875 0.008625 0.002375 0.0006875 7.5e-05 0 1.25e-05 1.25e-05 0 0 0 
0.672375 0.316038 0.13535 0.03645 0.0066 0.00095 7.5e-05 0 0 0 0 0 0 0 0 0 0 0 
0.540038 0.170462 0.0418125 0.004175 0.0002375 2.5e-05 0 0 0 0 0 0 0 0 0 0 0 0 
0.4223 0.0801125 0.0100875 0.000275 0 0 0 0 0 0 0 0 0 0 0 0 0 0 
0.315687 0.0330125 0.0018625 1.25e-05 0 0 0 0 0 0 0 0 0 0 0 0 0 0 
0.2255 0.01 0.0002 0 0 0 0 0 0 0 0 0 0 0 0 0 0 0 
0.155975 0.0026375 3.75e-05 0 0 0 0 0 0 0 0 0 0 0 0 0 0 0 
0.103225 0.0005 0 0 0 0 0 0 0 0 0 0 0 0 0 0 0 0 
0.0652875 6.25e-05 0 0 0 0 0 0 0 0 0 0 0 0 0 0 0 0 
0.038625 0 0 0 0 0 0 0 0 0 0 0 0 0 0 0 0 0 
0.020875 0 0 0 0 0 0 0 0 0 0 0 0 0 0 0 0 0 
0.0108375 0 0 0 0 0 0 0 0 0 0 0 0 0 0 0 0 0 
0.0047875 0 0 0 0 0 0 0 0 0 0 0 0 0 0 0 0 0 
0.0017375 0 0 0 0 0 0 0 0 0 0 0 0 0 0 0 0 0 
0.0006125 0 0 0 0 0 0 0 0 0 0 0 0 0 0 0 0 0 
0.00015 0 0 0 0 0 0 0 0 0 0 0 0 0 0 0 0 0 
0 0 0 0 0 0 0 0 0 0 0 0 0 0 0 0 0 0 

1 0.998537 0.997025 0.989688 0.9828 0.973975 0.961662 0.9469 0.926975 0.904237 0.8764 0.840575 0.795687 0.743275 0.680012 0.603125 0.502712 0.361562 
0.623662 0.0384875 0.0121125 0.0054375 0.0026875 0.0014875 0.000875 0.000375 0.000125 0 1.25e-05 0 0 0 0 0 0 0 
0.486012 0.009325 0.00125 0.0002 1.25e-05 0 0 0 0 0 0 0 0 0 0 0 0 0 
0.39045 0.0039375 0.0002625 1.25e-05 0 0 0 0 0 0 0 0 0 0 0 0 0 0 
0.318212 0.0019125 6.25e-05 0 0 0 0 0 0 0 0 0 0 0 0 0 0 0 
0.258412 0.000875 0 0 0 0 0 0 0 0 0 0 0 0 0 0 0 0 
0.208087 0.000375 0 0 0 0 0 0 0 0 0 0 0 0 0 0 0 0 
0.163187 7.5e-05 0 0 0 0 0 0 0 0 0 0 0 0 0 0 0 0 
0.125587 3.75e-05 0 0 0 0 0 0 0 0 0 0 0 0 0 0 0 0 
0.093425 0 0 0 0 0 0 0 0 0 0 0 0 0 0 0 0 0 
0.0655625 0 0 0 0 0 0 0 0 0 0 0 0 0 0 0 0 0 
0.045375 0 0 0 0 0 0 0 0 0 0 0 0 0 0 0 0 0 
0.0286875 0 0 0 0 0 0 0 0 0 0 0 0 0 0 0 0 0 
0.01625 0 0 0 0 0 0 0 0 0 0 0 0 0 0 0 0 0 
0.00795 0 0 0 0 0 0 0 0 0 0 0 0 0 0 0 0 0 
0.0030875 0 0 0 0 0 0 0 0 0 0 0 0 0 0 0 0 0 
0.0009 0 0 0 0 0 0 0 0 0 0 0 0 0 0 0 0 0 
6.25e-05 0 0 0 0 0 0 0 0 0 0 0 0 0 0 0 0 0 

1 0.997175 0.9921 0.97095 0.935325 0.890525 0.832 0.76455 0.687175 0.605425 0.514225 0.4394 0.364525 0.300875 0.239375 0.1877 0.13555 0.0906 
0.87405 0.748125 0.59845 0.42905 0.263625 0.16135 0.0866 0.042125 0.0147 0.004075 0.001025 0.0004 0.000175 0.00015 2.5e-05 2.5e-05 2.5e-05 0 
0.710675 0.450275 0.221325 0.0712 0.0123 0.002825 0.000275 0.000125 7.5e-05 0 0 0 0 0 0 0 0 0 
0.565775 0.251975 0.07785 0.011125 0.0004 0.0001 0 0 0 0 0 0 0 0 0 0 0 0 
0.427675 0.1203 0.019725 0.00125 7.5e-05 2.5e-05 0 0 0 0 0 0 0 0 0 0 0 0 
0.305075 0.048725 0.0035 0.00025 0 0 0 0 0 0 0 0 0 0 0 0 0 0 
0.20455 0.015075 0.000475 2.5e-05 0 0 0 0 0 0 0 0 0 0 0 0 0 0 
0.1318 0.0038 7.5e-05 0 0 0 0 0 0 0 0 0 0 0 0 0 0 0 
0.078525 0.0009 0 0 0 0 0 0 0 0 0 0 0 0 0 0 0 0 
0.045825 0.000125 0 0 0 0 0 0 0 0 0 0 0 0 0 0 0 0 
0.024675 7.5e-05 0 0 0 0 0 0 0 0 0 0 0 0 0 0 0 0 
0.012325 0 0 0 0 0 0 0 0 0 0 0 0 0 0 0 0 0 
0.00475 0 0 0 0 0 0 0 0 0 0 0 0 0 0 0 0 0 
0.0019 0 0 0 0 0 0 0 0 0 0 0 0 0 0 0 0 0 
0.000625 0 0 0 0 0 0 0 0 0 0 0 0 0 0 0 0 0 
0.0001 0 0 0 0 0 0 0 0 0 0 0 0 0 0 0 0 0 
2.5e-05 0 0 0 0 0 0 0 0 0 0 0 0 0 0 0 0 0 
0 0 0 0 0 0 0 0 0 0 0 0 0 0 0 0 0 0 

1 0.99845 0.997075 0.98835 0.97995 0.96705 0.9523 0.933825 0.909075 0.8786 0.842775 0.799025 0.749725 0.692375 0.6238 0.54295 0.4434 0.311825 
0.668825 0.147325 0.068625 0.0347 0.01885 0.010375 0.0056 0.002725 0.000775 0.0003 0.0001 0 0 0 0 0 0 0 
0.520225 0.0508 0.0116 0.002475 0.000375 0 0 0 0 0 0 0 0 0 0 0 0 0 
0.420125 0.0236 0.00335 0.000225 0 0 0 0 0 0 0 0 0 0 0 0 0 0 
0.33905 0.0108 0.000775 2.5e-05 0 0 0 0 0 0 0 0 0 0 0 0 0 0 
0.273175 0.0045 0.0002 0 0 0 0 0 0 0 0 0 0 0 0 0 0 0 
0.2175 0.001125 0 0 0 0 0 0 0 0 0 0 0 0 0 0 0 0 
0.170375 0.000475 0 0 0 0 0 0 0 0 0 0 0 0 0 0 0 0 
0.1284 0.000125 0 0 0 0 0 0 0 0 0 0 0 0 0 0 0 0 
0.0934 0 0 0 0 0 0 0 0 0 0 0 0 0 0 0 0 0 
0.065425 0 0 0 0 0 0 0 0 0 0 0 0 0 0 0 0 0 
0.0432 0 0 0 0 0 0 0 0 0 0 0 0 0 0 0 0 0 
0.02655 0 0 0 0 0 0 0 0 0 0 0 0 0 0 0 0 0 
0.014425 0 0 0 0 0 0 0 0 0 0 0 0 0 0 0 0 0 
0.0064 0 0 0 0 0 0 0 0 0 0 0 0 0 0 0 0 0 
0.0021 0 0 0 0 0 0 0 0 0 0 0 0 0 0 0 0 0 
0.00045 0 0 0 0 0 0 0 0 0 0 0 0 0 0 0 0 0 
0 0 0 0 0 0 0 0 0 0 0 0 0 0 0 0 0 0 

1 0.998275 0.996275 0.988 0.9799 0.9673 0.9515 0.933175 0.907125 0.877675 0.840125 0.79565 0.74275 0.680775 0.60665 0.5148 0.40705 0.271275 
0.71035 0.100125 0.03905 0.017775 0.008675 0.004425 0.00215 0.001175 0.0003 7.5e-05 0 0 0 0 0 0 0 0 
0.5658 0.028025 0.00445 0.000625 2.5e-05 0 0 0 0 0 0 0 0 0 0 0 0 0 
0.462575 0.01205 0.001225 0 0 0 0 0 0 0 0 0 0 0 0 0 0 0 
0.37845 0.0054 0.0004 0 0 0 0 0 0 0 0 0 0 0 0 0 0 0 
0.3062 0.0024 0.000125 0 0 0 0 0 0 0 0 0 0 0 0 0 0 0 
0.247575 0.0007 0 0 0 0 0 0 0 0 0 0 0 0 0 0 0 0 
0.19335 0.00025 0 0 0 0 0 0 0 0 0 0 0 0 0 0 0 0 
0.148975 5e-05 0 0 0 0 0 0 0 0 0 0 0 0 0 0 0 0 
0.1096 0 0 0 0 0 0 0 0 0 0 0 0 0 0 0 0 0 
0.0788 0 0 0 0 0 0 0 0 0 0 0 0 0 0 0 0 0 
0.051575 0 0 0 0 0 0 0 0 0 0 0 0 0 0 0 0 0 
0.030625 0 0 0 0 0 0 0 0 0 0 0 0 0 0 0 0 0 
0.017425 0 0 0 0 0 0 0 0 0 0 0 0 0 0 0 0 0 
0.0074 0 0 0 0 0 0 0 0 0 0 0 0 0 0 0 0 0 
0.002875 0 0 0 0 0 0 0 0 0 0 0 0 0 0 0 0 0 
0.000575 0 0 0 0 0 0 0 0 0 0 0 0 0 0 0 0 0 
7.5e-05 0 0 0 0 0 0 0 0 0 0 0 0 0 0 0 0 0 

1 0.998675 0.99715 0.99215 0.984175 0.97795 0.966675 0.951575 0.937075 0.917475 0.895275 0.8663 0.833175 0.79205 0.740225 0.67425 0.58475 0.448075 
0.543175 5e-05 2.5e-05 0 0 0 0 0 0 0 0 0 0 0 0 0 0 0 
0.413575 0 0 0 0 0 0 0 0 0 0 0 0 0 0 0 0 0 
0.331475 0 0 0 0 0 0 0 0 0 0 0 0 0 0 0 0 0 
0.2685 0 0 0 0 0 0 0 0 0 0 0 0 0 0 0 0 0 
0.21655 0 0 0 0 0 0 0 0 0 0 0 0 0 0 0 0 0 
0.174125 0 0 0 0 0 0 0 0 0 0 0 0 0 0 0 0 0 
0.139475 0 0 0 0 0 0 0 0 0 0 0 0 0 0 0 0 0 
0.10885 0 0 0 0 0 0 0 0 0 0 0 0 0 0 0 0 0 
0.084225 0 0 0 0 0 0 0 0 0 0 0 0 0 0 0 0 0 
0.062075 0 0 0 0 0 0 0 0 0 0 0 0 0 0 0 0 0 
0.0433 0 0 0 0 0 0 0 0 0 0 0 0 0 0 0 0 0 
0.02785 0 0 0 0 0 0 0 0 0 0 0 0 0 0 0 0 0 
0.016725 0 0 0 0 0 0 0 0 0 0 0 0 0 0 0 0 0 
0.00875 0 0 0 0 0 0 0 0 0 0 0 0 0 0 0 0 0 
0.0033 0 0 0 0 0 0 0 0 0 0 0 0 0 0 0 0 0 
0.00085 0 0 0 0 0 0 0 0 0 0 0 0 0 0 0 0 0 
0.000125 0 0 0 0 0 0 0 0 0 0 0 0 0 0 0 0 0 

1 0.9972 0.9897 0.96675 0.9171 0.8665 0.7899 0.7117 0.6131 0.5244 0.43045 0.35795 0.28335 0.2277 0.1728 0.134 0.09455 0.0647 
0.9026 0.8326 0.7158 0.5554 0.35675 0.22445 0.1177 0.0615 0.0212 0.00645 0.00235 0.00055 5e-05 0 0 0 0 0 
0.7323 0.5347 0.2929 0.1089 0.0156 0.00375 0.00055 0.0002 0.00015 5e-05 0 0 0 0 0 0 0 0 
0.5762 0.31965 0.1095 0.02075 0.00125 0.0002 0 0 0 0 0 0 0 0 0 0 0 0 
0.4099 0.1502 0.02275 0.00215 5e-05 0 0 0 0 0 0 0 0 0 0 0 0 0 
0.2839 0.0572 0.0048 0.00025 0 0 0 0 0 0 0 0 0 0 0 0 0 0 
0.1742 0.01895 0.00055 0.0001 0 0 0 0 0 0 0 0 0 0 0 0 0 0 
0.1053 0.00495 0.00025 0.0001 0 0 0 0 0 0 0 0 0 0 0 0 0 0 
0.05465 0.00125 5e-05 5e-05 0 0 0 0 0 0 0 0 0 0 0 0 0 0 
0.02945 0.00025 0 0 0 0 0 0 0 0 0 0 0 0 0 0 0 0 
0.0136 0 0 0 0 0 0 0 0 0 0 0 0 0 0 0 0 0 
0.0052 0 0 0 0 0 0 0 0 0 0 0 0 0 0 0 0 0 
0.0022 0 0 0 0 0 0 0 0 0 0 0 0 0 0 0 0 0 
0.0013 0 0 0 0 0 0 0 0 0 0 0 0 0 0 0 0 0 
0.00045 0 0 0 0 0 0 0 0 0 0 0 0 0 0 0 0 0 
5e-05 0 0 0 0 0 0 0 0 0 0 0 0 0 0 0 0 0 
0 0 0 0 0 0 0 0 0 0 0 0 0 0 0 0 0 0 
0 0 0 0 0 0 0 0 0 0 0 0 0 0 0 0 0 0 

1 0.99805 0.9954 0.98335 0.96965 0.94855 0.92085 0.8894 0.85055 0.80815 0.761 0.70695 0.64735 0.5871 0.51995 0.44895 0.36295 0.265 
0.70845 0.3862 0.24245 0.1457 0.08725 0.0511 0.0253 0.01275 0.00455 0.0013 0.00015 0 0 0 0 0 0 0 
0.55105 0.18625 0.07045 0.01905 0.00385 0.0004 5e-05 0 0 0 0 0 0 0 0 0 0 0 
0.43715 0.09705 0.02195 0.00205 0.00015 0 0 0 0 0 0 0 0 0 0 0 0 0 
0.3385 0.0472 0.00635 0.0001 0 0 0 0 0 0 0 0 0 0 0 0 0 0 
0.25925 0.02085 0.0008 0 0 0 0 0 0 0 0 0 0 0 0 0 0 0 
0.193 0.00745 0 0 0 0 0 0 0 0 0 0 0 0 0 0 0 0 
0.14105 0.0018 0.0001 0 0 0 0 0 0 0 0 0 0 0 0 0 0 0 
0.0987 0.0004 0 0 0 0 0 0 0 0 0 0 0 0 0 0 0 0 
0.06995 5e-05 5e-05 0 0 0 0 0 0 0 0 0 0 0 0 0 0 0 
0.0434 0 0 0 0 0 0 0 0 0 0 0 0 0 0 0 0 0 
0.0257 0 0 0 0 0 0 0 0 0 0 0 0 0 0 0 0 0 
0.01415 0 0 0 0 0 0 0 0 0 0 0 0 0 0 0 0 0 
0.0081 0 0 0 0 0 0 0 0 0 0 0 0 0 0 0 0 0 
0.0037 0 0 0 0 0 0 0 0 0 0 0 0 0 0 0 0 0 
0.00125 0 0 0 0 0 0 0 0 0 0 0 0 0 0 0 0 0 
0.00025 0 0 0 0 0 0 0 0 0 0 0 0 0 0 0 0 0 
0 0 0 0 0 0 0 0 0 0 0 0 0 0 0 0 0 0 

1 0.99865 0.9951 0.98575 0.97075 0.9573 0.93305 0.90605 0.87195 0.8354 0.7888 0.7336 0.67415 0.6086 0.5325 0.449 0.3506 0.23515 
0.74185 0.2988 0.16245 0.0894 0.0489 0.02875 0.0163 0.00815 0.00325 0.0005 0.0002 0 0 0 0 0 0 0 
0.58095 0.1186 0.0325 0.0068 0.00105 0.00015 0 0 0 0 0 0 0 0 0 0 0 0 
0.4679 0.0549 0.0095 0.00075 0 0 0 0 0 0 0 0 0 0 0 0 0 0 
0.37645 0.02645 0.0022 0.0001 0 0 0 0 0 0 0 0 0 0 0 0 0 0 
0.2992 0.01105 0.0003 0 0 0 0 0 0 0 0 0 0 0 0 0 0 0 
0.23195 0.0039 0 0 0 0 0 0 0 0 0 0 0 0 0 0 0 0 
0.17685 0.00035 0 0 0 0 0 0 0 0 0 0 0 0 0 0 0 0 
0.1311 0.00015 0 0 0 0 0 0 0 0 0 0 0 0 0 0 0 0 
0.0914 0 0 0 0 0 0 0 0 0 0 0 0 0 0 0 0 0 
0.06315 0 0 0 0 0 0 0 0 0 0 0 0 0 0 0 0 0 
0.04185 0 0 0 0 0 0 0 0 0 0 0 0 0 0 0 0 0 
0.02455 0 0 0 0 0 0 0 0 0 0 0 0 0 0 0 0 0 
0.0131 0 0 0 0 0 0 0 0 0 0 0 0 0 0 0 0 0 
0.00555 0 0 0 0 0 0 0 0 0 0 0 0 0 0 0 0 0 
0.00205 0 0 0 0 0 0 0 0 0 0 0 0 0 0 0 0 0 
0.00025 0 0 0 0 0 0 0 0 0 0 0 0 0 0 0 0 0 
0 0 0 0 0 0 0 0 0 0 0 0 0 0 0 0 0 0 

1 0.9986 0.997 0.99145 0.98475 0.97625 0.96365 0.95235 0.93395 0.91455 0.88995 0.85775 0.82205 0.7759 0.72305 0.6577 0.5623 0.4195 
0.5711 0.00325 0.0008 0.0003 0.00015 0 0 0 0 0 0 0 0 0 0 0 0 0 
0.43415 0.0007 0.0001 0 0 0 0 0 0 0 0 0 0 0 0 0 0 0 
0.34705 0.0003 0 0 0 0 0 0 0 0 0 0 0 0 0 0 0 0 
0.2833 0.00015 0 0 0 0 0 0 0 0 0 0 0 0 0 0 0 0 
0.23125 5e-05 0 0 0 0 0 0 0 0 0 0 0 0 0 0 0 0 
0.1884 0 0 0 0 0 0 0 0 0 0 0 0 0 0 0 0 0 
0.14785 0 0 0 0 0 0 0 0 0 0 0 0 0 0 0 0 0 
0.1166 0 0 0 0 0 0 0 0 0 0 0 0 0 0 0 0 0 
0.0872 0 0 0 0 0 0 0 0 0 0 0 0 0 0 0 0 0 
0.06355 0 0 0 0 0 0 0 0 0 0 0 0 0 0 0 0 0 
0.04445 0 0 0 0 0 0 0 0 0 0 0 0 0 0 0 0 0 
0.0283 0 0 0 0 0 0 0 0 0 0 0 0 0 0 0 0 0 
0.0165 0 0 0 0 0 0 0 0 0 0 0 0 0 0 0 0 0 
0.0092 0 0 0 0 0 0 0 0 0 0 0 0 0 0 0 0 0 
0.0037 0 0 0 0 0 0 0 0 0 0 0 0 0 0 0 0 0 
0.0008 0 0 0 0 0 0 0 0 0 0 0 0 0 0 0 0 0 
5e-05 0 0 0 0 0 0 0 0 0 0 0 0 0 0 0 0 0 

1 0.9979 0.99525 0.98445 0.97385 0.95885 0.93895 0.91345 0.88095 0.8438 0.7957 0.7439 0.6757 0.6048 0.51705 0.4283 0.3207 0.19695 
0.77685 0.21155 0.09285 0.0455 0.0244 0.013 0.0063 0.0033 0.0014 0.0004 0.00015 5e-05 0 0 0 0 0 0 
0.63195 0.069 0.0134 0.0022 5e-05 0 0 0 0 0 0 0 0 0 0 0 0 0 
0.5234 0.03255 0.0033 0.00035 0 0 0 0 0 0 0 0 0 0 0 0 0 0 
0.43215 0.01415 0.00065 5e-05 0 0 0 0 0 0 0 0 0 0 0 0 0 0 
0.351 0.00585 0.0001 0 0 0 0 0 0 0 0 0 0 0 0 0 0 0 
0.27905 0.002 5e-05 0 0 0 0 0 0 0 0 0 0 0 0 0 0 0 
0.2158 0.00055 0 0 0 0 0 0 0 0 0 0 0 0 0 0 0 0 
0.1621 0.0002 0 0 0 0 0 0 0 0 0 0 0 0 0 0 0 0 
0.1162 0 0 0 0 0 0 0 0 0 0 0 0 0 0 0 0 0 
0.08145 0 0 0 0 0 0 0 0 0 0 0 0 0 0 0 0 0 
0.0537 0 0 0 0 0 0 0 0 0 0 0 0 0 0 0 0 0 
0.0327 0 0 0 0 0 0 0 0 0 0 0 0 0 0 0 0 0 
0.01725 0 0 0 0 0 0 0 0 0 0 0 0 0 0 0 0 0 
0.0084 0 0 0 0 0 0 0 0 0 0 0 0 0 0 0 0 0 
0.00345 0 0 0 0 0 0 0 0 0 0 0 0 0 0 0 0 0 
0.00065 0 0 0 0 0 0 0 0 0 0 0 0 0 0 0 0 0 
0 0 0 0 0 0 0 0 0 0 0 0 0 0 0 0 0 0 

1 0.9989 0.9968 0.9901 0.98085 0.973 0.95985 0.94265 0.92485 0.90515 0.8768 0.8418 0.8026 0.75265 0.6917 0.6145 0.51615 0.3702 
0.6202 0.00105 0.00015 5e-05 5e-05 0 0 0 0 0 0 0 0 0 0 0 0 0 
0.47795 0.0001 0 0 0 0 0 0 0 0 0 0 0 0 0 0 0 0 
0.38795 5e-05 0 0 0 0 0 0 0 0 0 0 0 0 0 0 0 0 
0.31625 5e-05 0 0 0 0 0 0 0 0 0 0 0 0 0 0 0 0 
0.26015 0 0 0 0 0 0 0 0 0 0 0 0 0 0 0 0 0 
0.20955 0 0 0 0 0 0 0 0 0 0 0 0 0 0 0 0 0 
0.1676 0 0 0 0 0 0 0 0 0 0 0 0 0 0 0 0 0 
0.1304 0 0 0 0 0 0 0 0 0 0 0 0 0 0 0 0 0 
0.0986 0 0 0 0 0 0 0 0 0 0 0 0 0 0 0 0 0 
0.072 0 0 0 0 0 0 0 0 0 0 0 0 0 0 0 0 0 
0.05095 0 0 0 0 0 0 0 0 0 0 0 0 0 0 0 0 0 
0.0326 0 0 0 0 0 0 0 0 0 0 0 0 0 0 0 0 0 
0.01985 0 0 0 0 0 0 0 0 0 0 0 0 0 0 0 0 0 
0.01085 0 0 0 0 0 0 0 0 0 0 0 0 0 0 0 0 0 
0.004 0 0 0 0 0 0 0 0 0 0 0 0 0 0 0 0 0 
0.0008 0 0 0 0 0 0 0 0 0 0 0 0 0 0 0 0 0 
0.00025 0 0 0 0 0 0 0 0 0 0 0 0 0 0 0 0 0 

1 0.99815 0.99705 0.9894 0.98225 0.9746 0.96155 0.94845 0.9285 0.9017 0.8751 0.8424 0.7999 0.7512 0.69 0.6154 0.5123 0.362 
0.6286 0.0003 0 0 0 0 0 0 0 0 0 0 0 0 0 0 0 0 
0.48395 5e-05 0 0 0 0 0 0 0 0 0 0 0 0 0 0 0 0 
0.38995 0 0 0 0 0 0 0 0 0 0 0 0 0 0 0 0 0 
0.3182 0 0 0 0 0 0 0 0 0 0 0 0 0 0 0 0 0 
0.2584 0 0 0 0 0 0 0 0 0 0 0 0 0 0 0 0 0 
0.2103 0 0 0 0 0 0 0 0 0 0 0 0 0 0 0 0 0 
0.1689 0 0 0 0 0 0 0 0 0 0 0 0 0 0 0 0 0 
0.13125 0 0 0 0 0 0 0 0 0 0 0 0 0 0 0 0 0 
0.09795 0 0 0 0 0 0 0 0 0 0 0 0 0 0 0 0 0 
0.0714 0 0 0 0 0 0 0 0 0 0 0 0 0 0 0 0 0 
0.04945 0 0 0 0 0 0 0 0 0 0 0 0 0 0 0 0 0 
0.03065 0 0 0 0 0 0 0 0 0 0 0 0 0 0 0 0 0 
0.017 0 0 0 0 0 0 0 0 0 0 0 0 0 0 0 0 0 
0.00945 0 0 0 0 0 0 0 0 0 0 0 0 0 0 0 0 0 
0.00365 0 0 0 0 0 0 0 0 0 0 0 0 0 0 0 0 0 
0.00055 0 0 0 0 0 0 0 0 0 0 0 0 0 0 0 0 0 
5e-05 0 0 0 0 0 0 0 0 0 0 0 0 0 0 0 0 0 

1 0.9991 0.99775 0.9932 0.98625 0.98 0.9721 0.96195 0.95 0.9344 0.91605 0.8921 0.8629 0.82635 0.78505 0.727 0.65285 0.52755 
0.46615 0 0 0 0 0 0 0 0 0 0 0 0 0 0 0 0 0 
0.3459 0 0 0 0 0 0 0 0 0 0 0 0 0 0 0 0 0 
0.2761 0 0 0 0 0 0 0 0 0 0 0 0 0 0 0 0 0 
0.2233 0 0 0 0 0 0 0 0 0 0 0 0 0 0 0 0 0 
0.1809 0 0 0 0 0 0 0 0 0 0 0 0 0 0 0 0 0 
0.14405 0 0 0 0 0 0 0 0 0 0 0 0 0 0 0 0 0 
0.1136 0 0 0 0 0 0 0 0 0 0 0 0 0 0 0 0 0 
0.08705 0 0 0 0 0 0 0 0 0 0 0 0 0 0 0 0 0 
0.06685 0 0 0 0 0 0 0 0 0 0 0 0 0 0 0 0 0 
0.04855 0 0 0 0 0 0 0 0 0 0 0 0 0 0 0 0 0 
0.03465 0 0 0 0 0 0 0 0 0 0 0 0 0 0 0 0 0 
0.02265 0 0 0 0 0 0 0 0 0 0 0 0 0 0 0 0 0 
0.0142 0 0 0 0 0 0 0 0 0 0 0 0 0 0 0 0 0 
0.0074 0 0 0 0 0 0 0 0 0 0 0 0 0 0 0 0 0 
0.00315 0 0 0 0 0 0 0 0 0 0 0 0 0 0 0 0 0 
0.00085 0 0 0 0 0 0 0 0 0 0 0 0 0 0 0 0 0 
5e-05 0 0 0 0 0 0 0 0 0 0 0 0 0 0 0 0 0 

1 0.9958 0.9882 0.9687 0.9041 0.8494 0.7592 0.6802 0.5627 0.4673 0.3625 0.2951 0.2212 0.1758 0.1285 0.0997 0.0679 0.0473 
0.9241 0.8723 0.7778 0.6456 0.4137 0.2744 0.1504 0.0784 0.0241 0.0069 0.0035 0.0013 0.0011 0.0005 0 0 0 0 
0.7495 0.5896 0.3347 0.1395 0.0206 0.0063 0.0009 0.0004 0.0001 0 0 0 0 0 0 0 0 0 
0.5912 0.354 0.1285 0.0296 0.0015 0.0003 0 0 0 0 0 0 0 0 0 0 0 0 
0.4163 0.1624 0.026 0.0028 0.0002 0.0001 0 0 0 0 0 0 0 0 0 0 0 0 
0.2772 0.062 0.0064 0.0008 0 0 0 0 0 0 0 0 0 0 0 0 0 0 
0.1553 0.0167 0.0008 0 0 0 0 0 0 0 0 0 0 0 0 0 0 0 
0.0916 0.0045 0.0003 0 0 0 0 0 0 0 0 0 0 0 0 0 0 0 
0.0434 0.0019 0 0 0 0 0 0 0 0 0 0 0 0 0 0 0 0 
0.0212 0.0001 0 0 0 0 0 0 0 0 0 0 0 0 0 0 0 0 
0.0091 0.0001 0 0 0 0 0 0 0 0 0 0 0 0 0 0 0 0 
0.004 0 0 0 0 0 0 0 0 0 0 0 0 0 0 0 0 0 
0.0017 0 0 0 0 0 0 0 0 0 0 0 0 0 0 0 0 0 
0.0006 0 0 0 0 0 0 0 0 0 0 0 0 0 0 0 0 0 
0.0001 0 0 0 0 0 0 0 0 0 0 0 0 0 0 0 0 0 
0 0 0 0 0 0 0 0 0 0 0 0 0 0 0 0 0 0 
0 0 0 0 0 0 0 0 0 0 0 0 0 0 0 0 0 0 
0 0 0 0 0 0 0 0 0 0 0 0 0 0 0 0 0 0 

1 0.9972 0.9938 0.9705 0.939 0.8973 0.8404 0.7685 0.695 0.625 0.5423 0.4724 0.4024 0.3435 0.2868 0.2376 0.1778 0.1254 
0.8402 0.6908 0.5473 0.3821 0.2448 0.1406 0.076 0.032 0.0107 0.0028 0.0005 0.0001 0 0 0 0 0 0 
0.6837 0.4214 0.2192 0.0707 0.0153 0.0027 0.0004 0 0 0 0 0 0 0 0 0 0 0 
0.5421 0.2445 0.0828 0.0096 0.0006 0 0.0001 0 0 0 0 0 0 0 0 0 0 0 
0.4096 0.1205 0.0215 0.0008 0 0 0 0 0 0 0 0 0 0 0 0 0 0 
0.2915 0.0499 0.0036 0.0001 0 0 0 0 0 0 0 0 0 0 0 0 0 0 
0.1981 0.016 0.0004 0 0 0 0 0 0 0 0 0 0 0 0 0 0 0 
0.1267 0.0041 0 0 0 0 0 0 0 0 0 0 0 0 0 0 0 0 
0.0778 0.0009 0 0 0 0 0 0 0 0 0 0 0 0 0 0 0 0 
0.0468 0 0 0 0 0 0 0 0 0 0 0 0 0 0 0 0 0 
0.0262 0 0 0 0 0 0 0 0 0 0 0 0 0 0 0 0 0 
0.0156 0 0 0 0 0 0 0 0 0 0 0 0 0 0 0 0 0 
0.0089 0 0 0 0 0 0 0 0 0 0 0 0 0 0 0 0 0 
0.0033 0 0 0 0 0 0 0 0 0 0 0 0 0 0 0 0 0 
0.0015 0 0 0 0 0 0 0 0 0 0 0 0 0 0 0 0 0 
0.0002 0 0 0 0 0 0 0 0 0 0 0 0 0 0 0 0 0 
0.0001 0 0 0 0 0 0 0 0 0 0 0 0 0 0 0 0 0 
0 0 0 0 0 0 0 0 0 0 0 0 0 0 0 0 0 0 

1 0.9972 0.9928 0.9767 0.9507 0.9182 0.8728 0.8257 0.7685 0.7018 0.6355 0.5702 0.5013 0.4378 0.3716 0.3031 0.2334 0.1623 
0.8042 0.6072 0.447 0.294 0.1862 0.1145 0.0631 0.0288 0.0109 0.0025 0.001 0.0006 0.0001 0 0 0 0 0 
0.6271 0.327 0.1478 0.0432 0.0096 0.0017 0.0001 0 0 0 0 0 0 0 0 0 0 0 
0.486 0.1792 0.0502 0.0065 0.0003 0 0 0 0 0 0 0 0 0 0 0 0 0 
0.3732 0.0833 0.0121 0.0006 0 0 0 0 0 0 0 0 0 0 0 0 0 0 
0.2732 0.0369 0.002 0.0002 0 0 0 0 0 0 0 0 0 0 0 0 0 0 
0.1958 0.0126 0.0002 0 0 0 0 0 0 0 0 0 0 0 0 0 0 0 
0.1323 0.0031 0.0001 0 0 0 0 0 0 0 0 0 0 0 0 0 0 0 
0.0889 0.0009 0 0 0 0 0 0 0 0 0 0 0 0 0 0 0 0 
0.0562 0.0005 0 0 0 0 0 0 0 0 0 0 0 0 0 0 0 0 
0.0328 0 0 0 0 0 0 0 0 0 0 0 0 0 0 0 0 0 
0.0189 0 0 0 0 0 0 0 0 0 0 0 0 0 0 0 0 0 
0.0108 0 0 0 0 0 0 0 0 0 0 0 0 0 0 0 0 0 
0.0043 0 0 0 0 0 0 0 0 0 0 0 0 0 0 0 0 0 
0.002 0 0 0 0 0 0 0 0 0 0 0 0 0 0 0 0 0 
0.0007 0 0 0 0 0 0 0 0 0 0 0 0 0 0 0 0 0 
0 0 0 0 0 0 0 0 0 0 0 0 0 0 0 0 0 0 
0 0 0 0 0 0 0 0 0 0 0 0 0 0 0 0 0 0 

1 0.9988 0.9968 0.9925 0.984 0.9741 0.9657 0.9534 0.9321 0.9171 0.8892 0.8555 0.8206 0.7748 0.7135 0.649 0.5594 0.4276 
0.5613 0.0621 0.0247 0.0118 0.0052 0.0029 0.0021 0.0009 0.0006 0.0001 0.0001 0 0 0 0 0 0 0 
0.425 0.0188 0.0043 0.0005 0.0001 0 0 0 0 0 0 0 0 0 0 0 0 0 
0.3404 0.0087 0.0014 0.0001 0 0 0 0 0 0 0 0 0 0 0 0 0 0 
0.2709 0.0034 0.0004 0 0 0 0 0 0 0 0 0 0 0 0 0 0 0 
0.2167 0.0013 0 0 0 0 0 0 0 0 0 0 0 0 0 0 0 0 
0.1736 0.0004 0 0 0 0 0 0 0 0 0 0 0 0 0 0 0 0 
0.1356 0.0002 0 0 0 0 0 0 0 0 0 0 0 0 0 0 0 0 
0.1054 0 0 0 0 0 0 0 0 0 0 0 0 0 0 0 0 0 
0.0788 0 0 0 0 0 0 0 0 0 0 0 0 0 0 0 0 0 
0.0543 0 0 0 0 0 0 0 0 0 0 0 0 0 0 0 0 0 
0.0365 0 0 0 0 0 0 0 0 0 0 0 0 0 0 0 0 0 
0.0243 0 0 0 0 0 0 0 0 0 0 0 0 0 0 0 0 0 
0.0143 0 0 0 0 0 0 0 0 0 0 0 0 0 0 0 0 0 
0.0066 0 0 0 0 0 0 0 0 0 0 0 0 0 0 0 0 0 
0.0017 0 0 0 0 0 0 0 0 0 0 0 0 0 0 0 0 0 
0.0004 0 0 0 0 0 0 0 0 0 0 0 0 0 0 0 0 0 
0 0 0 0 0 0 0 0 0 0 0 0 0 0 0 0 0 0 

1 0.9978 0.9942 0.9813 0.961 0.9344 0.9037 0.8652 0.818 0.7597 0.6968 0.6349 0.5669 0.489 0.4098 0.3298 0.2411 0.1593 
0.8088 0.5074 0.322 0.1925 0.1142 0.0658 0.0368 0.0183 0.0054 0.0016 0.0004 0.0001 0 0 0 0 0 0 
0.6494 0.2378 0.0834 0.0201 0.0032 0.0003 0 0 0 0 0 0 0 0 0 0 0 0 
0.5205 0.1232 0.0253 0.0037 0 0 0 0 0 0 0 0 0 0 0 0 0 0 
0.4074 0.0551 0.005 0.0005 0 0 0 0 0 0 0 0 0 0 0 0 0 0 
0.3106 0.0244 0.001 0.0001 0 0 0 0 0 0 0 0 0 0 0 0 0 0 
0.2332 0.0084 0.0002 0 0 0 0 0 0 0 0 0 0 0 0 0 0 0 
0.1687 0.0019 0 0 0 0 0 0 0 0 0 0 0 0 0 0 0 0 
0.1176 0.0003 0 0 0 0 0 0 0 0 0 0 0 0 0 0 0 0 
0.0782 0 0 0 0 0 0 0 0 0 0 0 0 0 0 0 0 0 
0.0485 0 0 0 0 0 0 0 0 0 0 0 0 0 0 0 0 0 
0.0287 0 0 0 0 0 0 0 0 0 0 0 0 0 0 0 0 0 
0.0149 0 0 0 0 0 0 0 0 0 0 0 0 0 0 0 0 0 
0.0075 0 0 0 0 0 0 0 0 0 0 0 0 0 0 0 0 0 
0.0039 0 0 0 0 0 0 0 0 0 0 0 0 0 0 0 0 0 
0.0008 0 0 0 0 0 0 0 0 0 0 0 0 0 0 0 0 0 
0 0 0 0 0 0 0 0 0 0 0 0 0 0 0 0 0 0 
0 0 0 0 0 0 0 0 0 0 0 0 0 0 0 0 0 0 

1 0.998 0.9969 0.9895 0.9826 0.9727 0.9585 0.9466 0.9259 0.9048 0.8736 0.8359 0.7959 0.7441 0.6882 0.6089 0.5069 0.3599 
0.6271 0.0154 0.0041 0.0016 0.0012 0.0007 0.0005 0.0002 0.0001 0 0 0 0 0 0 0 0 0 
0.4859 0.0032 0.0003 0.0001 0 0 0 0 0 0 0 0 0 0 0 0 0 0 
0.3976 0.0019 0.0002 0 0 0 0 0 0 0 0 0 0 0 0 0 0 0 
0.3173 0.0004 0 0 0 0 0 0 0 0 0 0 0 0 0 0 0 0 
0.2581 0.0003 0 0 0 0 0 0 0 0 0 0 0 0 0 0 0 0 
0.2123 0.0001 0 0 0 0 0 0 0 0 0 0 0 0 0 0 0 0 
0.1717 0 0 0 0 0 0 0 0 0 0 0 0 0 0 0 0 0 
0.1311 0 0 0 0 0 0 0 0 0 0 0 0 0 0 0 0 0 
0.101 0 0 0 0 0 0 0 0 0 0 0 0 0 0 0 0 0 
0.069 0 0 0 0 0 0 0 0 0 0 0 0 0 0 0 0 0 
0.0475 0 0 0 0 0 0 0 0 0 0 0 0 0 0 0 0 0 
0.0311 0 0 0 0 0 0 0 0 0 0 0 0 0 0 0 0 0 
0.0178 0 0 0 0 0 0 0 0 0 0 0 0 0 0 0 0 0 
0.0086 0 0 0 0 0 0 0 0 0 0 0 0 0 0 0 0 0 
0.0035 0 0 0 0 0 0 0 0 0 0 0 0 0 0 0 0 0 
0.001 0 0 0 0 0 0 0 0 0 0 0 0 0 0 0 0 0 
0.0002 0 0 0 0 0 0 0 0 0 0 0 0 0 0 0 0 0 

1 0.9976 0.9969 0.9898 0.9805 0.9721 0.9605 0.9417 0.9223 0.9032 0.8723 0.8363 0.7979 0.74 0.6744 0.5992 0.4989 0.3537 
0.636 0.0097 0.0023 0.001 0.0007 0.0001 0.0002 0 0 0 0 0 0 0 0 0 0 0 
0.4937 0.0021 0.0001 0 0 0 0 0 0 0 0 0 0 0 0 0 0 0 
0.4038 0.0005 0 0 0 0 0 0 0 0 0 0 0 0 0 0 0 0 
0.3327 0.0003 0 0 0 0 0 0 0 0 0 0 0 0 0 0 0 0 
0.2686 0 0 0 0 0 0 0 0 0 0 0 0 0 0 0 0 0 
0.2165 0 0 0 0 0 0 0 0 0 0 0 0 0 0 0 0 0 
0.1713 0 0 0 0 0 0 0 0 0 0 0 0 0 0 0 0 0 
0.134 0 0 0 0 0 0 0 0 0 0 0 0 0 0 0 0 0 
0.0975 0 0 0 0 0 0 0 0 0 0 0 0 0 0 0 0 0 
0.0723 0 0 0 0 0 0 0 0 0 0 0 0 0 0 0 0 0 
0.051 0 0 0 0 0 0 0 0 0 0 0 0 0 0 0 0 0 
0.0322 0 0 0 0 0 0 0 0 0 0 0 0 0 0 0 0 0 
0.0204 0 0 0 0 0 0 0 0 0 0 0 0 0 0 0 0 0 
0.0104 0 0 0 0 0 0 0 0 0 0 0 0 0 0 0 0 0 
0.0039 0 0 0 0 0 0 0 0 0 0 0 0 0 0 0 0 0 
0.0013 0 0 0 0 0 0 0 0 0 0 0 0 0 0 0 0 0 
0.0001 0 0 0 0 0 0 0 0 0 0 0 0 0 0 0 0 0 

1 0.9989 0.9976 0.9922 0.9862 0.979 0.9717 0.9611 0.9441 0.9294 0.907 0.8819 0.8543 0.815 0.7691 0.7095 0.6294 0.4978 
0.4975 0 0 0 0 0 0 0 0 0 0 0 0 0 0 0 0 0 
0.3683 0 0 0 0 0 0 0 0 0 0 0 0 0 0 0 0 0 
0.295 0 0 0 0 0 0 0 0 0 0 0 0 0 0 0 0 0 
0.2387 0 0 0 0 0 0 0 0 0 0 0 0 0 0 0 0 0 
0.1948 0 0 0 0 0 0 0 0 0 0 0 0 0 0 0 0 0 
0.1532 0 0 0 0 0 0 0 0 0 0 0 0 0 0 0 0 0 
0.1205 0 0 0 0 0 0 0 0 0 0 0 0 0 0 0 0 0 
0.0944 0 0 0 0 0 0 0 0 0 0 0 0 0 0 0 0 0 
0.073 0 0 0 0 0 0 0 0 0 0 0 0 0 0 0 0 0 
0.0535 0 0 0 0 0 0 0 0 0 0 0 0 0 0 0 0 0 
0.0358 0 0 0 0 0 0 0 0 0 0 0 0 0 0 0 0 0 
0.024 0 0 0 0 0 0 0 0 0 0 0 0 0 0 0 0 0 
0.0146 0 0 0 0 0 0 0 0 0 0 0 0 0 0 0 0 0 
0.008 0 0 0 0 0 0 0 0 0 0 0 0 0 0 0 0 0 
0.0033 0 0 0 0 0 0 0 0 0 0 0 0 0 0 0 0 0 
0.0011 0 0 0 0 0 0 0 0 0 0 0 0 0 0 0 0 0 
0.0001 0 0 0 0 0 0 0 0 0 0 0 0 0 0 0 0 0 

1 0.9972 0.9951 0.982 0.9675 0.949 0.9198 0.888 0.8479 0.7988 0.7376 0.6711 0.5917 0.5082 0.4216 0.3264 0.228 0.1312 
0.8381 0.3804 0.2003 0.1085 0.0601 0.0328 0.0172 0.0082 0.003 0.0008 0.0004 0 0 0 0 0 0 0 
0.6909 0.1504 0.039 0.0078 0.0007 0.0001 0 0 0 0 0 0 0 0 0 0 0 0 
0.574 0.0699 0.009 0.0009 0 0 0 0 0 0 0 0 0 0 0 0 0 0 
0.4672 0.0328 0.0027 0.0003 0 0 0 0 0 0 0 0 0 0 0 0 0 0 
0.3757 0.0127 0.0002 0.0001 0 0 0 0 0 0 0 0 0 0 0 0 0 0 
0.2927 0.0039 0.0001 0 0 0 0 0 0 0 0 0 0 0 0 0 0 0 
0.2204 0.0014 0 0 0 0 0 0 0 0 0 0 0 0 0 0 0 0 
0.1588 0.0001 0 0 0 0 0 0 0 0 0 0 0 0 0 0 0 0 
0.1099 0 0 0 0 0 0 0 0 0 0 0 0 0 0 0 0 0 
0.076 0 0 0 0 0 0 0 0 0 0 0 0 0 0 0 0 0 
0.0461 0 0 0 0 0 0 0 0 0 0 0 0 0 0 0 0 0 
0.0257 0 0 0 0 0 0 0 0 0 0 0 0 0 0 0 0 0 
0.012 0 0 0 0 0 0 0 0 0 0 0 0 0 0 0 0 0 
0.005 0 0 0 0 0 0 0 0 0 0 0 0 0 0 0 0 0 
0.0021 0 0 0 0 0 0 0 0 0 0 0 0 0 0 0 0 0 
0.0004 0 0 0 0 0 0 0 0 0 0 0 0 0 0 0 0 0 
0.0001 0 0 0 0 0 0 0 0 0 0 0 0 0 0 0 0 0 

1 0.9977 0.9964 0.9889 0.982 0.9708 0.9603 0.9437 0.9207 0.8978 0.8619 0.8262 0.7744 0.7176 0.6468 0.5566 0.4487 0.3007 
0.688 0.0054 0.0012 0.0004 0.0001 0 0 0 0 0 0 0 0 0 0 0 0 0 
0.5468 0.0009 0.0001 0 0 0 0 0 0 0 0 0 0 0 0 0 0 0 
0.4391 0.0004 0 0 0 0 0 0 0 0 0 0 0 0 0 0 0 0 
0.3581 0.0002 0 0 0 0 0 0 0 0 0 0 0 0 0 0 0 0 
0.2965 0.0002 0 0 0 0 0 0 0 0 0 0 0 0 0 0 0 0 
0.2401 0.0001 0 0 0 0 0 0 0 0 0 0 0 0 0 0 0 0 
0.1888 0.0001 0 0 0 0 0 0 0 0 0 0 0 0 0 0 0 0 
0.1464 0 0 0 0 0 0 0 0 0 0 0 0 0 0 0 0 0 
0.1074 0 0 0 0 0 0 0 0 0 0 0 0 0 0 0 0 0 
0.0753 0 0 0 0 0 0 0 0 0 0 0 0 0 0 0 0 0 
0.0506 0 0 0 0 0 0 0 0 0 0 0 0 0 0 0 0 0 
0.0327 0 0 0 0 0 0 0 0 0 0 0 0 0 0 0 0 0 
0.017 0 0 0 0 0 0 0 0 0 0 0 0 0 0 0 0 0 
0.0081 0 0 0 0 0 0 0 0 0 0 0 0 0 0 0 0 0 
0.0034 0 0 0 0 0 0 0 0 0 0 0 0 0 0 0 0 0 
0.0012 0 0 0 0 0 0 0 0 0 0 0 0 0 0 0 0 0 
0.0002 0 0 0 0 0 0 0 0 0 0 0 0 0 0 0 0 0 

1 0.9976 0.9958 0.9897 0.98 0.9676 0.9565 0.9412 0.9201 0.89 0.8592 0.8213 0.7683 0.7091 0.6367 0.5488 0.4408 0.2866 
0.6998 0.0022 0.0002 0.0001 0 0 0 0 0 0 0 0 0 0 0 0 0 0 
0.5518 0.0003 0 0 0 0 0 0 0 0 0 0 0 0 0 0 0 0 
0.4538 0 0 0 0 0 0 0 0 0 0 0 0 0 0 0 0 0 
0.3743 0 0 0 0 0 0 0 0 0 0 0 0 0 0 0 0 0 
0.306 0 0 0 0 0 0 0 0 0 0 0 0 0 0 0 0 0 
0.2464 0 0 0 0 0 0 0 0 0 0 0 0 0 0 0 0 0 
0.1952 0 0 0 0 0 0 0 0 0 0 0 0 0 0 0 0 0 
0.1495 0 0 0 0 0 0 0 0 0 0 0 0 0 0 0 0 0 
0.1123 0 0 0 0 0 0 0 0 0 0 0 0 0 0 0 0 0 
0.0789 0 0 0 0 0 0 0 0 0 0 0 0 0 0 0 0 0 
0.0521 0 0 0 0 0 0 0 0 0 0 0 0 0 0 0 0 0 
0.0338 0 0 0 0 0 0 0 0 0 0 0 0 0 0 0 0 0 
0.0188 0 0 0 0 0 0 0 0 0 0 0 0 0 0 0 0 0 
0.0101 0 0 0 0 0 0 0 0 0 0 0 0 0 0 0 0 0 
0.0041 0 0 0 0 0 0 0 0 0 0 0 0 0 0 0 0 0 
0.001 0 0 0 0 0 0 0 0 0 0 0 0 0 0 0 0 0 
0 0 0 0 0 0 0 0 0 0 0 0 0 0 0 0 0 0 

1 0.9984 0.9971 0.9918 0.9844 0.9754 0.9673 0.9537 0.9379 0.9199 0.8993 0.8704 0.8368 0.7957 0.7451 0.6785 0.5914 0.4539 
0.5415 0 0 0 0 0 0 0 0 0 0 0 0 0 0 0 0 0 
0.4055 0 0 0 0 0 0 0 0 0 0 0 0 0 0 0 0 0 
0.3241 0 0 0 0 0 0 0 0 0 0 0 0 0 0 0 0 0 
0.2602 0 0 0 0 0 0 0 0 0 0 0 0 0 0 0 0 0 
0.2155 0 0 0 0 0 0 0 0 0 0 0 0 0 0 0 0 0 
0.1717 0 0 0 0 0 0 0 0 0 0 0 0 0 0 0 0 0 
0.136 0 0 0 0 0 0 0 0 0 0 0 0 0 0 0 0 0 
0.1029 0 0 0 0 0 0 0 0 0 0 0 0 0 0 0 0 0 
0.08 0 0 0 0 0 0 0 0 0 0 0 0 0 0 0 0 0 
0.0605 0 0 0 0 0 0 0 0 0 0 0 0 0 0 0 0 0 
0.0414 0 0 0 0 0 0 0 0 0 0 0 0 0 0 0 0 0 
0.0281 0 0 0 0 0 0 0 0 0 0 0 0 0 0 0 0 0 
0.0187 0 0 0 0 0 0 0 0 0 0 0 0 0 0 0 0 0 
0.0108 0 0 0 0 0 0 0 0 0 0 0 0 0 0 0 0 0 
0.0048 0 0 0 0 0 0 0 0 0 0 0 0 0 0 0 0 0 
0.0012 0 0 0 0 0 0 0 0 0 0 0 0 0 0 0 0 0 
0.0001 0 0 0 0 0 0 0 0 0 0 0 0 0 0 0 0 0 

1 0.9982 0.9959 0.9884 0.9808 0.9699 0.9562 0.9372 0.9149 0.8839 0.8496 0.8115 0.7663 0.7044 0.639 0.5475 0.4359 0.2858 
0.703 0.0007 0.0002 0.0001 0 0 0 0 0 0 0 0 0 0 0 0 0 0 
0.5567 0 0 0 0 0 0 0 0 0 0 0 0 0 0 0 0 0 
0.4526 0 0 0 0 0 0 0 0 0 0 0 0 0 0 0 0 0 
0.3721 0 0 0 0 0 0 0 0 0 0 0 0 0 0 0 0 0 
0.3042 0 0 0 0 0 0 0 0 0 0 0 0 0 0 0 0 0 
0.2498 0 0 0 0 0 0 0 0 0 0 0 0 0 0 0 0 0 
0.1999 0 0 0 0 0 0 0 0 0 0 0 0 0 0 0 0 0 
0.1566 0 0 0 0 0 0 0 0 0 0 0 0 0 0 0 0 0 
0.1213 0 0 0 0 0 0 0 0 0 0 0 0 0 0 0 0 0 
0.0857 0 0 0 0 0 0 0 0 0 0 0 0 0 0 0 0 0 
0.0578 0 0 0 0 0 0 0 0 0 0 0 0 0 0 0 0 0 
0.0359 0 0 0 0 0 0 0 0 0 0 0 0 0 0 0 0 0 
0.0207 0 0 0 0 0 0 0 0 0 0 0 0 0 0 0 0 0 
0.0119 0 0 0 0 0 0 0 0 0 0 0 0 0 0 0 0 0 
0.0043 0 0 0 0 0 0 0 0 0 0 0 0 0 0 0 0 0 
0.0011 0 0 0 0 0 0 0 0 0 0 0 0 0 0 0 0 0 
0 0 0 0 0 0 0 0 0 0 0 0 0 0 0 0 0 0 

1 0.9986 0.9982 0.9895 0.9852 0.9791 0.9686 0.9554 0.9372 0.9211 0.8973 0.8708 0.8362 0.7913 0.7417 0.6818 0.5933 0.4467 
0.5465 0 0 0 0 0 0 0 0 0 0 0 0 0 0 0 0 0 
0.4046 0 0 0 0 0 0 0 0 0 0 0 0 0 0 0 0 0 
0.3234 0 0 0 0 0 0 0 0 0 0 0 0 0 0 0 0 0 
0.2655 0 0 0 0 0 0 0 0 0 0 0 0 0 0 0 0 0 
0.2157 0 0 0 0 0 0 0 0 0 0 0 0 0 0 0 0 0 
0.1744 0 0 0 0 0 0 0 0 0 0 0 0 0 0 0 0 0 
0.1379 0 0 0 0 0 0 0 0 0 0 0 0 0 0 0 0 0 
0.1056 0 0 0 0 0 0 0 0 0 0 0 0 0 0 0 0 0 
0.0787 0 0 0 0 0 0 0 0 0 0 0 0 0 0 0 0 0 
0.0591 0 0 0 0 0 0 0 0 0 0 0 0 0 0 0 0 0 
0.0421 0 0 0 0 0 0 0 0 0 0 0 0 0 0 0 0 0 
0.0271 0 0 0 0 0 0 0 0 0 0 0 0 0 0 0 0 0 
0.0162 0 0 0 0 0 0 0 0 0 0 0 0 0 0 0 0 0 
0.0071 0 0 0 0 0 0 0 0 0 0 0 0 0 0 0 0 0 
0.0035 0 0 0 0 0 0 0 0 0 0 0 0 0 0 0 0 0 
0.0006 0 0 0 0 0 0 0 0 0 0 0 0 0 0 0 0 0 
0 0 0 0 0 0 0 0 0 0 0 0 0 0 0 0 0 0 

1 0.9982 0.9973 0.9927 0.9819 0.9743 0.9648 0.9502 0.9333 0.9122 0.8867 0.8627 0.8279 0.7863 0.7361 0.6681 0.5814 0.4438 
0.5525 0 0 0 0 0 0 0 0 0 0 0 0 0 0 0 0 0 
0.4134 0 0 0 0 0 0 0 0 0 0 0 0 0 0 0 0 0 
0.331 0 0 0 0 0 0 0 0 0 0 0 0 0 0 0 0 0 
0.2716 0 0 0 0 0 0 0 0 0 0 0 0 0 0 0 0 0 
0.2199 0 0 0 0 0 0 0 0 0 0 0 0 0 0 0 0 0 
0.1795 0 0 0 0 0 0 0 0 0 0 0 0 0 0 0 0 0 
0.1488 0 0 0 0 0 0 0 0 0 0 0 0 0 0 0 0 0 
0.116 0 0 0 0 0 0 0 0 0 0 0 0 0 0 0 0 0 
0.0926 0 0 0 0 0 0 0 0 0 0 0 0 0 0 0 0 0 
0.0667 0 0 0 0 0 0 0 0 0 0 0 0 0 0 0 0 0 
0.0477 0 0 0 0 0 0 0 0 0 0 0 0 0 0 0 0 0 
0.031 0 0 0 0 0 0 0 0 0 0 0 0 0 0 0 0 0 
0.0176 0 0 0 0 0 0 0 0 0 0 0 0 0 0 0 0 0 
0.0093 0 0 0 0 0 0 0 0 0 0 0 0 0 0 0 0 0 
0.004 0 0 0 0 0 0 0 0 0 0 0 0 0 0 0 0 0 
0.0005 0 0 0 0 0 0 0 0 0 0 0 0 0 0 0 0 0 
0 0 0 0 0 0 0 0 0 0 0 0 0 0 0 0 0 0 

1 0.999 0.998 0.9928 0.9889 0.9824 0.9749 0.9637 0.9533 0.9426 0.9263 0.9099 0.8876 0.8574 0.8254 0.7811 0.7152 0.6113 
0.3882 0 0 0 0 0 0 0 0 0 0 0 0 0 0 0 0 0 
0.2806 0 0 0 0 0 0 0 0 0 0 0 0 0 0 0 0 0 
0.2258 0 0 0 0 0 0 0 0 0 0 0 0 0 0 0 0 0 
0.1815 0 0 0 0 0 0 0 0 0 0 0 0 0 0 0 0 0 
0.1456 0 0 0 0 0 0 0 0 0 0 0 0 0 0 0 0 0 
0.1171 0 0 0 0 0 0 0 0 0 0 0 0 0 0 0 0 0 
0.093 0 0 0 0 0 0 0 0 0 0 0 0 0 0 0 0 0 
0.0776 0 0 0 0 0 0 0 0 0 0 0 0 0 0 0 0 0 
0.0575 0 0 0 0 0 0 0 0 0 0 0 0 0 0 0 0 0 
0.0431 0 0 0 0 0 0 0 0 0 0 0 0 0 0 0 0 0 
0.0318 0 0 0 0 0 0 0 0 0 0 0 0 0 0 0 0 0 
0.0222 0 0 0 0 0 0 0 0 0 0 0 0 0 0 0 0 0 
0.0139 0 0 0 0 0 0 0 0 0 0 0 0 0 0 0 0 0 
0.0076 0 0 0 0 0 0 0 0 0 0 0 0 0 0 0 0 0 
0.0033 0 0 0 0 0 0 0 0 0 0 0 0 0 0 0 0 0 
0.0014 0 0 0 0 0 0 0 0 0 0 0 0 0 0 0 0 0 
0 0 0 0 0 0 0 0 0 0 0 0 0 0 0 0 0 0 

1 0.9972 0.9892 0.9726 0.9002 0.8484 0.7462 0.6548 0.526 0.4346 0.3294 0.2634 0.1882 0.1452 0.106 0.082 0.0528 0.0394 
0.9334 0.8978 0.8192 0.7054 0.4502 0.2922 0.1548 0.0864 0.0258 0.0084 0.0036 0.0022 0.0008 0 0.0002 0.0002 0 0 
0.7652 0.6136 0.3536 0.1614 0.0204 0.006 0.001 0.0004 0 0.0002 0 0.0002 0 0 0 0 0 0 
0.6066 0.376 0.1314 0.0376 0.0022 0.0006 0 0 0 0 0 0 0 0 0 0 0 0 
0.4004 0.1602 0.0202 0.0042 0.0002 0.0002 0 0 0 0 0 0 0 0 0 0 0 0 
0.2744 0.0632 0.0056 0.0014 0 0 0 0 0 0 0 0 0 0 0 0 0 0 
0.1514 0.0182 0.0004 0 0 0 0 0 0 0 0 0 0 0 0 0 0 0 
0.0878 0.0052 0 0 0 0 0 0 0 0 0 0 0 0 0 0 0 0 
0.0432 0.0004 0 0 0 0 0 0 0 0 0 0 0 0 0 0 0 0 
0.0196 0 0 0 0 0 0 0 0 0 0 0 0 0 0 0 0 0 
0.0074 0 0 0 0 0 0 0 0 0 0 0 0 0 0 0 0 0 
0.003 0 0 0 0 0 0 0 0 0 0 0 0 0 0 0 0 0 
0.0006 0 0 0 0 0 0 0 0 0 0 0 0 0 0 0 0 0 
0.0002 0 0 0 0 0 0 0 0 0 0 0 0 0 0 0 0 0 
0 0 0 0 0 0 0 0 0 0 0 0 0 0 0 0 0 0 
0 0 0 0 0 0 0 0 0 0 0 0 0 0 0 0 0 0 
0 0 0 0 0 0 0 0 0 0 0 0 0 0 0 0 0 0 
0 0 0 0 0 0 0 0 0 0 0 0 0 0 0 0 0 0 

1 0.9982 0.9894 0.961 0.9164 0.8304 0.7278 0.616 0.4886 0.3936 0.3052 0.2266 0.1764 0.1288 0.0974 0.068 0.0438 0.0276 
0.9316 0.8636 0.751 0.5566 0.3636 0.193 0.0946 0.0368 0.011 0.0014 0.0004 0 0 0 0 0 0 0 
0.8384 0.6522 0.4144 0.1554 0.0348 0.0052 0.0002 0 0 0 0 0 0 0 0 0 0 0 
0.701 0.4182 0.1728 0.024 0.0024 0.0004 0 0 0 0 0 0 0 0 0 0 0 0 
0.5364 0.2128 0.0492 0.0014 0.0002 0 0 0 0 0 0 0 0 0 0 0 0 0 
0.3754 0.0898 0.008 0 0 0 0 0 0 0 0 0 0 0 0 0 0 0 
0.2278 0.0272 0.0008 0 0 0 0 0 0 0 0 0 0 0 0 0 0 0 
0.1252 0.0054 0 0 0 0 0 0 0 0 0 0 0 0 0 0 0 0 
0.0608 0.0012 0 0 0 0 0 0 0 0 0 0 0 0 0 0 0 0 
0.0304 0.0002 0 0 0 0 0 0 0 0 0 0 0 0 0 0 0 0 
0.0168 0 0 0 0 0 0 0 0 0 0 0 0 0 0 0 0 0 
0.0074 0 0 0 0 0 0 0 0 0 0 0 0 0 0 0 0 0 
0.0034 0 0 0 0 0 0 0 0 0 0 0 0 0 0 0 0 0 
0.002 0 0 0 0 0 0 0 0 0 0 0 0 0 0 0 0 0 
0 0 0 0 0 0 0 0 0 0 0 0 0 0 0 0 0 0 
0 0 0 0 0 0 0 0 0 0 0 0 0 0 0 0 0 0 
0 0 0 0 0 0 0 0 0 0 0 0 0 0 0 0 0 0 
0 0 0 0 0 0 0 0 0 0 0 0 0 0 0 0 0 0 

1 0.9968 0.9938 0.9668 0.9194 0.8678 0.791 0.7072 0.6128 0.5234 0.4268 0.3528 0.283 0.2284 0.1778 0.1374 0.0946 0.061 
0.9038 0.8112 0.6992 0.52 0.3348 0.2068 0.1064 0.0474 0.017 0.0044 0.0012 0 0.0002 0 0 0 0 0 
0.745 0.5356 0.3054 0.1038 0.0204 0.0036 0.0004 0.0002 0 0 0 0 0 0 0 0 0 0 
0.5934 0.3198 0.1106 0.0162 0.0012 0 0 0 0 0 0 0 0 0 0 0 0 0 
0.4304 0.154 0.0342 0.0006 0 0 0 0 0 0 0 0 0 0 0 0 0 0 
0.3006 0.0596 0.0038 0.0004 0 0 0 0 0 0 0 0 0 0 0 0 0 0 
0.1958 0.0214 0.0004 0.0002 0 0 0 0 0 0 0 0 0 0 0 0 0 0 
0.1118 0.0046 0 0 0 0 0 0 0 0 0 0 0 0 0 0 0 0 
0.0636 0.0014 0 0 0 0 0 0 0 0 0 0 0 0 0 0 0 0 
0.0342 0 0 0 0 0 0 0 0 0 0 0 0 0 0 0 0 0 
0.0182 0 0 0 0 0 0 0 0 0 0 0 0 0 0 0 0 0 
0.0096 0 0 0 0 0 0 0 0 0 0 0 0 0 0 0 0 0 
0.0038 0 0 0 0 0 0 0 0 0 0 0 0 0 0 0 0 0 
0.002 0 0 0 0 0 0 0 0 0 0 0 0 0 0 0 0 0 
0.0006 0 0 0 0 0 0 0 0 0 0 0 0 0 0 0 0 0 
0 0 0 0 0 0 0 0 0 0 0 0 0 0 0 0 0 0 
0 0 0 0 0 0 0 0 0 0 0 0 0 0 0 0 0 0 
0 0 0 0 0 0 0 0 0 0 0 0 0 0 0 0 0 0 

1 0.998 0.9958 0.9818 0.9632 0.9384 0.9092 0.873 0.829 0.7798 0.732 0.6754 0.6272 0.5746 0.51 0.4452 0.3726 0.2792 
0.6932 0.4402 0.2994 0.1934 0.119 0.0732 0.0376 0.0184 0.0046 0.001 0.0004 0 0 0 0 0 0 0 
0.5326 0.2244 0.0962 0.0274 0.0058 0.0004 0 0 0 0 0 0 0 0 0 0 0 0 
0.4116 0.1228 0.0304 0.0028 0.0002 0 0 0 0 0 0 0 0 0 0 0 0 0 
0.3224 0.0606 0.0076 0 0 0 0 0 0 0 0 0 0 0 0 0 0 0 
0.241 0.028 0.001 0 0 0 0 0 0 0 0 0 0 0 0 0 0 0 
0.1696 0.0114 0.0002 0 0 0 0 0 0 0 0 0 0 0 0 0 0 0 
0.1212 0.003 0.0002 0 0 0 0 0 0 0 0 0 0 0 0 0 0 0 
0.0832 0.0002 0 0 0 0 0 0 0 0 0 0 0 0 0 0 0 0 
0.055 0.0002 0 0 0 0 0 0 0 0 0 0 0 0 0 0 0 0 
0.034 0 0 0 0 0 0 0 0 0 0 0 0 0 0 0 0 0 
0.0194 0 0 0 0 0 0 0 0 0 0 0 0 0 0 0 0 0 
0.0114 0 0 0 0 0 0 0 0 0 0 0 0 0 0 0 0 0 
0.0056 0 0 0 0 0 0 0 0 0 0 0 0 0 0 0 0 0 
0.0024 0 0 0 0 0 0 0 0 0 0 0 0 0 0 0 0 0 
0.0018 0 0 0 0 0 0 0 0 0 0 0 0 0 0 0 0 0 
0.0008 0 0 0 0 0 0 0 0 0 0 0 0 0 0 0 0 0 
0.0004 0 0 0 0 0 0 0 0 0 0 0 0 0 0 0 0 0 

1 0.9978 0.9904 0.9678 0.9294 0.8898 0.8208 0.756 0.6706 0.584 0.5022 0.423 0.3604 0.294 0.2346 0.1882 0.139 0.0938 
0.872 0.7698 0.6338 0.4694 0.302 0.1928 0.0994 0.0474 0.019 0.0064 0.0014 0.0004 0.0002 0.0004 0 0 0 0 
0.6986 0.4638 0.235 0.0778 0.012 0.0034 0 0 0 0 0 0 0 0 0 0 0 0 
0.541 0.2568 0.0834 0.0118 0 0 0 0 0 0 0 0 0 0 0 0 0 0 
0.4012 0.1252 0.0206 0.0012 0 0 0 0 0 0 0 0 0 0 0 0 0 0 
0.2818 0.0546 0.005 0.0004 0 0 0 0 0 0 0 0 0 0 0 0 0 0 
0.1848 0.0152 0 0 0 0 0 0 0 0 0 0 0 0 0 0 0 0 
0.1156 0.0036 0 0 0 0 0 0 0 0 0 0 0 0 0 0 0 0 
0.0684 0.001 0 0 0 0 0 0 0 0 0 0 0 0 0 0 0 0 
0.0414 0.0002 0 0 0 0 0 0 0 0 0 0 0 0 0 0 0 0 
0.0194 0 0 0 0 0 0 0 0 0 0 0 0 0 0 0 0 0 
0.0104 0 0 0 0 0 0 0 0 0 0 0 0 0 0 0 0 0 
0.0048 0 0 0 0 0 0 0 0 0 0 0 0 0 0 0 0 0 
0.0028 0 0 0 0 0 0 0 0 0 0 0 0 0 0 0 0 0 
0.0012 0 0 0 0 0 0 0 0 0 0 0 0 0 0 0 0 0 
0.0008 0 0 0 0 0 0 0 0 0 0 0 0 0 0 0 0 0 
0.0004 0 0 0 0 0 0 0 0 0 0 0 0 0 0 0 0 0 
0.0002 0 0 0 0 0 0 0 0 0 0 0 0 0 0 0 0 0 

1 0.9972 0.9966 0.9896 0.9778 0.961 0.9456 0.924 0.9008 0.8666 0.8282 0.784 0.7364 0.6856 0.6206 0.555 0.473 0.3632 
0.6212 0.2302 0.1318 0.0834 0.0488 0.0276 0.0164 0.0066 0.002 0.0002 0 0 0 0 0 0 0 0 
0.4708 0.0976 0.0328 0.0074 0.0008 0 0 0 0 0 0 0 0 0 0 0 0 0 
0.3704 0.047 0.0086 0.0008 0 0 0 0 0 0 0 0 0 0 0 0 0 0 
0.3018 0.0216 0.0022 0.0002 0 0 0 0 0 0 0 0 0 0 0 0 0 0 
0.2388 0.0076 0.0004 0 0 0 0 0 0 0 0 0 0 0 0 0 0 0 
0.1838 0.003 0 0 0 0 0 0 0 0 0 0 0 0 0 0 0 0 
0.1372 0.0004 0 0 0 0 0 0 0 0 0 0 0 0 0 0 0 0 
0.1038 0 0 0 0 0 0 0 0 0 0 0 0 0 0 0 0 0 
0.0758 0 0 0 0 0 0 0 0 0 0 0 0 0 0 0 0 0 
0.0482 0 0 0 0 0 0 0 0 0 0 0 0 0 0 0 0 0 
0.0316 0 0 0 0 0 0 0 0 0 0 0 0 0 0 0 0 0 
0.0178 0 0 0 0 0 0 0 0 0 0 0 0 0 0 0 0 0 
0.0096 0 0 0 0 0 0 0 0 0 0 0 0 0 0 0 0 0 
0.0048 0 0 0 0 0 0 0 0 0 0 0 0 0 0 0 0 0 
0.0016 0 0 0 0 0 0 0 0 0 0 0 0 0 0 0 0 0 
0.0002 0 0 0 0 0 0 0 0 0 0 0 0 0 0 0 0 0 
0 0 0 0 0 0 0 0 0 0 0 0 0 0 0 0 0 0 

1 0.999 0.9964 0.99 0.9802 0.9662 0.9506 0.935 0.9096 0.8822 0.8474 0.813 0.769 0.7108 0.645 0.5678 0.4674 0.3406 
0.645 0.1482 0.067 0.035 0.02 0.0104 0.0056 0.0024 0.0008 0 0.0002 0 0 0 0 0 0 0 
0.4934 0.0554 0.0126 0.001 0.0002 0 0 0 0 0 0 0 0 0 0 0 0 0 
0.3902 0.0266 0.004 0 0 0 0 0 0 0 0 0 0 0 0 0 0 0 
0.3196 0.0124 0.0014 0 0 0 0 0 0 0 0 0 0 0 0 0 0 0 
0.2538 0.005 0.0002 0 0 0 0 0 0 0 0 0 0 0 0 0 0 0 
0.2044 0.0016 0 0 0 0 0 0 0 0 0 0 0 0 0 0 0 0 
0.1542 0.0006 0 0 0 0 0 0 0 0 0 0 0 0 0 0 0 0 
0.1192 0.0002 0 0 0 0 0 0 0 0 0 0 0 0 0 0 0 0 
0.0852 0.0002 0 0 0 0 0 0 0 0 0 0 0 0 0 0 0 0 
0.0578 0 0 0 0 0 0 0 0 0 0 0 0 0 0 0 0 0 
0.0414 0 0 0 0 0 0 0 0 0 0 0 0 0 0 0 0 0 
0.027 0 0 0 0 0 0 0 0 0 0 0 0 0 0 0 0 0 
0.0154 0 0 0 0 0 0 0 0 0 0 0 0 0 0 0 0 0 
0.0082 0 0 0 0 0 0 0 0 0 0 0 0 0 0 0 0 0 
0.003 0 0 0 0 0 0 0 0 0 0 0 0 0 0 0 0 0 
0.001 0 0 0 0 0 0 0 0 0 0 0 0 0 0 0 0 0 
0 0 0 0 0 0 0 0 0 0 0 0 0 0 0 0 0 0 

1 0.999 0.9976 0.991 0.987 0.9772 0.9676 0.961 0.944 0.9286 0.9096 0.8858 0.8534 0.8156 0.7696 0.7122 0.6366 0.5094 
0.4846 0.0006 0.0002 0.0002 0 0 0 0 0 0 0 0 0 0 0 0 0 0 
0.3616 0 0 0 0 0 0 0 0 0 0 0 0 0 0 0 0 0 
0.2908 0 0 0 0 0 0 0 0 0 0 0 0 0 0 0 0 0 
0.239 0 0 0 0 0 0 0 0 0 0 0 0 0 0 0 0 0 
0.1932 0 0 0 0 0 0 0 0 0 0 0 0 0 0 0 0 0 
0.154 0 0 0 0 0 0 0 0 0 0 0 0 0 0 0 0 0 
0.1164 0 0 0 0 0 0 0 0 0 0 0 0 0 0 0 0 0 
0.0936 0 0 0 0 0 0 0 0 0 0 0 0 0 0 0 0 0 
0.0732 0 0 0 0 0 0 0 0 0 0 0 0 0 0 0 0 0 
0.054 0 0 0 0 0 0 0 0 0 0 0 0 0 0 0 0 0 
0.0378 0 0 0 0 0 0 0 0 0 0 0 0 0 0 0 0 0 
0.0252 0 0 0 0 0 0 0 0 0 0 0 0 0 0 0 0 0 
0.0156 0 0 0 0 0 0 0 0 0 0 0 0 0 0 0 0 0 
0.01 0 0 0 0 0 0 0 0 0 0 0 0 0 0 0 0 0 
0.0038 0 0 0 0 0 0 0 0 0 0 0 0 0 0 0 0 0 
0.0008 0 0 0 0 0 0 0 0 0 0 0 0 0 0 0 0 0 
0.0002 0 0 0 0 0 0 0 0 0 0 0 0 0 0 0 0 0 

1 0.9966 0.9926 0.9736 0.9486 0.909 0.8528 0.8034 0.7348 0.6536 0.5746 0.489 0.4246 0.3544 0.2858 0.2274 0.1566 0.1022 
0.87 0.6854 0.5128 0.352 0.2172 0.133 0.0704 0.0372 0.012 0.0028 0.0016 0.0002 0.0004 0.0002 0 0 0 0 
0.6948 0.3742 0.1574 0.0476 0.007 0.001 0.0002 0 0 0 0 0 0 0 0 0 0 0 
0.5564 0.203 0.0534 0.009 0.0004 0 0 0 0 0 0 0 0 0 0 0 0 0 
0.4256 0.0892 0.0102 0.0002 0 0 0 0 0 0 0 0 0 0 0 0 0 0 
0.3216 0.0384 0.0014 0 0 0 0 0 0 0 0 0 0 0 0 0 0 0 
0.2304 0.0132 0 0 0 0 0 0 0 0 0 0 0 0 0 0 0 0 
0.1558 0.004 0 0 0 0 0 0 0 0 0 0 0 0 0 0 0 0 
0.096 0.0008 0 0 0 0 0 0 0 0 0 0 0 0 0 0 0 0 
0.062 0 0 0 0 0 0 0 0 0 0 0 0 0 0 0 0 0 
0.0338 0 0 0 0 0 0 0 0 0 0 0 0 0 0 0 0 0 
0.0204 0 0 0 0 0 0 0 0 0 0 0 0 0 0 0 0 0 
0.0098 0 0 0 0 0 0 0 0 0 0 0 0 0 0 0 0 0 
0.005 0 0 0 0 0 0 0 0 0 0 0 0 0 0 0 0 0 
0.0026 0 0 0 0 0 0 0 0 0 0 0 0 0 0 0 0 0 
0.0004 0 0 0 0 0 0 0 0 0 0 0 0 0 0 0 0 0 
0 0 0 0 0 0 0 0 0 0 0 0 0 0 0 0 0 0 
0 0 0 0 0 0 0 0 0 0 0 0 0 0 0 0 0 0 

1 0.9988 0.9972 0.9888 0.9786 0.9724 0.955 0.9376 0.9132 0.883 0.8502 0.8102 0.7654 0.7086 0.64 0.5528 0.4562 0.321 
0.6606 0.08 0.0328 0.0142 0.0086 0.0058 0.0038 0.0022 0.0004 0.0002 0 0 0 0 0 0 0 0 
0.5164 0.0224 0.0048 0.0002 0 0 0 0 0 0 0 0 0 0 0 0 0 0 
0.4268 0.0088 0.0006 0 0 0 0 0 0 0 0 0 0 0 0 0 0 0 
0.3486 0.0032 0 0 0 0 0 0 0 0 0 0 0 0 0 0 0 0 
0.2826 0.0014 0 0 0 0 0 0 0 0 0 0 0 0 0 0 0 0 
0.2246 0.0006 0 0 0 0 0 0 0 0 0 0 0 0 0 0 0 0 
0.1822 0 0 0 0 0 0 0 0 0 0 0 0 0 0 0 0 0 
0.144 0 0 0 0 0 0 0 0 0 0 0 0 0 0 0 0 0 
0.107 0 0 0 0 0 0 0 0 0 0 0 0 0 0 0 0 0 
0.0746 0 0 0 0 0 0 0 0 0 0 0 0 0 0 0 0 0 
0.0528 0 0 0 0 0 0 0 0 0 0 0 0 0 0 0 0 0 
0.0326 0 0 0 0 0 0 0 0 0 0 0 0 0 0 0 0 0 
0.0162 0 0 0 0 0 0 0 0 0 0 0 0 0 0 0 0 0 
0.0076 0 0 0 0 0 0 0 0 0 0 0 0 0 0 0 0 0 
0.0032 0 0 0 0 0 0 0 0 0 0 0 0 0 0 0 0 0 
0.001 0 0 0 0 0 0 0 0 0 0 0 0 0 0 0 0 0 
0.0002 0 0 0 0 0 0 0 0 0 0 0 0 0 0 0 0 0 

1 0.9968 0.9964 0.9896 0.9764 0.9646 0.9534 0.9352 0.9162 0.8872 0.8566 0.811 0.7532 0.701 0.6268 0.5412 0.4378 0.2862 
0.7034 0.0514 0.0158 0.0044 0.0026 0.002 0.0016 0.0006 0 0 0 0 0 0 0 0 0 0 
0.5442 0.0098 0.0014 0 0 0 0 0 0 0 0 0 0 0 0 0 0 0 
0.4464 0.0032 0.0002 0 0 0 0 0 0 0 0 0 0 0 0 0 0 0 
0.3726 0.002 0 0 0 0 0 0 0 0 0 0 0 0 0 0 0 0 
0.308 0.0008 0 0 0 0 0 0 0 0 0 0 0 0 0 0 0 0 
0.2458 0.0004 0 0 0 0 0 0 0 0 0 0 0 0 0 0 0 0 
0.1976 0 0 0 0 0 0 0 0 0 0 0 0 0 0 0 0 0 
0.1428 0 0 0 0 0 0 0 0 0 0 0 0 0 0 0 0 0 
0.1128 0 0 0 0 0 0 0 0 0 0 0 0 0 0 0 0 0 
0.0808 0 0 0 0 0 0 0 0 0 0 0 0 0 0 0 0 0 
0.0508 0 0 0 0 0 0 0 0 0 0 0 0 0 0 0 0 0 
0.0344 0 0 0 0 0 0 0 0 0 0 0 0 0 0 0 0 0 
0.0198 0 0 0 0 0 0 0 0 0 0 0 0 0 0 0 0 0 
0.0094 0 0 0 0 0 0 0 0 0 0 0 0 0 0 0 0 0 
0.0042 0 0 0 0 0 0 0 0 0 0 0 0 0 0 0 0 0 
0.0012 0 0 0 0 0 0 0 0 0 0 0 0 0 0 0 0 0 
0 0 0 0 0 0 0 0 0 0 0 0 0 0 0 0 0 0 

1 0.9986 0.9976 0.9918 0.9856 0.9746 0.9648 0.9554 0.9394 0.9178 0.8912 0.8602 0.8288 0.7826 0.7348 0.6666 0.5834 0.4396 
0.5518 0 0 0 0 0 0 0 0 0 0 0 0 0 0 0 0 0 
0.4178 0 0 0 0 0 0 0 0 0 0 0 0 0 0 0 0 0 
0.3362 0 0 0 0 0 0 0 0 0 0 0 0 0 0 0 0 0 
0.2756 0 0 0 0 0 0 0 0 0 0 0 0 0 0 0 0 0 
0.2218 0 0 0 0 0 0 0 0 0 0 0 0 0 0 0 0 0 
0.182 0 0 0 0 0 0 0 0 0 0 0 0 0 0 0 0 0 
0.1422 0 0 0 0 0 0 0 0 0 0 0 0 0 0 0 0 0 
0.1166 0 0 0 0 0 0 0 0 0 0 0 0 0 0 0 0 0 
0.088 0 0 0 0 0 0 0 0 0 0 0 0 0 0 0 0 0 
0.0596 0 0 0 0 0 0 0 0 0 0 0 0 0 0 0 0 0 
0.0408 0 0 0 0 0 0 0 0 0 0 0 0 0 0 0 0 0 
0.0268 0 0 0 0 0 0 0 0 0 0 0 0 0 0 0 0 0 
0.0162 0 0 0 0 0 0 0 0 0 0 0 0 0 0 0 0 0 
0.0078 0 0 0 0 0 0 0 0 0 0 0 0 0 0 0 0 0 
0.003 0 0 0 0 0 0 0 0 0 0 0 0 0 0 0 0 0 
0.001 0 0 0 0 0 0 0 0 0 0 0 0 0 0 0 0 0 
0 0 0 0 0 0 0 0 0 0 0 0 0 0 0 0 0 0 

1 0.9976 0.9976 0.9888 0.9846 0.9714 0.9556 0.9404 0.9118 0.8798 0.8492 0.8072 0.7542 0.6914 0.6218 0.5364 0.4236 0.2778 
0.7068 0.0276 0.0058 0.0026 0.0012 0 0 0.0002 0 0 0 0 0 0 0 0 0 0 
0.5646 0.005 0.0004 0.0002 0.0002 0 0 0 0 0 0 0 0 0 0 0 0 0 
0.4588 0.002 0 0 0 0 0 0 0 0 0 0 0 0 0 0 0 0 
0.3878 0.0012 0 0 0 0 0 0 0 0 0 0 0 0 0 0 0 0 
0.314 0.0006 0 0 0 0 0 0 0 0 0 0 0 0 0 0 0 0 
0.2584 0.0002 0 0 0 0 0 0 0 0 0 0 0 0 0 0 0 0 
0.1976 0 0 0 0 0 0 0 0 0 0 0 0 0 0 0 0 0 
0.1522 0 0 0 0 0 0 0 0 0 0 0 0 0 0 0 0 0 
0.1152 0 0 0 0 0 0 0 0 0 0 0 0 0 0 0 0 0 
0.0844 0 0 0 0 0 0 0 0 0 0 0 0 0 0 0 0 0 
0.0568 0 0 0 0 0 0 0 0 0 0 0 0 0 0 0 0 0 
0.0354 0 0 0 0 0 0 0 0 0 0 0 0 0 0 0 0 0 
0.0194 0 0 0 0 0 0 0 0 0 0 0 0 0 0 0 0 0 
0.009 0 0 0 0 0 0 0 0 0 0 0 0 0 0 0 0 0 
0.003 0 0 0 0 0 0 0 0 0 0 0 0 0 0 0 0 0 
0.0002 0 0 0 0 0 0 0 0 0 0 0 0 0 0 0 0 0 
0 0 0 0 0 0 0 0 0 0 0 0 0 0 0 0 0 0 

1 0.9988 0.9966 0.9916 0.9854 0.9748 0.9656 0.95 0.9322 0.9134 0.8916 0.8634 0.8254 0.785 0.7312 0.664 0.5712 0.4176 
0.5724 0 0 0 0 0 0 0 0 0 0 0 0 0 0 0 0 0 
0.4364 0 0 0 0 0 0 0 0 0 0 0 0 0 0 0 0 0 
0.3388 0 0 0 0 0 0 0 0 0 0 0 0 0 0 0 0 0 
0.2718 0 0 0 0 0 0 0 0 0 0 0 0 0 0 0 0 0 
0.2246 0 0 0 0 0 0 0 0 0 0 0 0 0 0 0 0 0 
0.184 0 0 0 0 0 0 0 0 0 0 0 0 0 0 0 0 0 
0.1434 0 0 0 0 0 0 0 0 0 0 0 0 0 0 0 0 0 
0.1118 0 0 0 0 0 0 0 0 0 0 0 0 0 0 0 0 0 
0.0872 0 0 0 0 0 0 0 0 0 0 0 0 0 0 0 0 0 
0.0644 0 0 0 0 0 0 0 0 0 0 0 0 0 0 0 0 0 
0.0486 0 0 0 0 0 0 0 0 0 0 0 0 0 0 0 0 0 
0.0304 0 0 0 0 0 0 0 0 0 0 0 0 0 0 0 0 0 
0.0146 0 0 0 0 0 0 0 0 0 0 0 0 0 0 0 0 0 
0.0086 0 0 0 0 0 0 0 0 0 0 0 0 0 0 0 0 0 
0.005 0 0 0 0 0 0 0 0 0 0 0 0 0 0 0 0 0 
0.0002 0 0 0 0 0 0 0 0 0 0 0 0 0 0 0 0 0 
0 0 0 0 0 0 0 0 0 0 0 0 0 0 0 0 0 0 

1 0.9982 0.9962 0.9892 0.9812 0.9746 0.9616 0.9514 0.932 0.9054 0.8856 0.8574 0.8194 0.7776 0.7234 0.6514 0.5626 0.4228 
0.5698 0 0 0 0 0 0 0 0 0 0 0 0 0 0 0 0 0 
0.4376 0 0 0 0 0 0 0 0 0 0 0 0 0 0 0 0 0 
0.3504 0 0 0 0 0 0 0 0 0 0 0 0 0 0 0 0 0 
0.2876 0 0 0 0 0 0 0 0 0 0 0 0 0 0 0 0 0 
0.2314 0 0 0 0 0 0 0 0 0 0 0 0 0 0 0 0 0 
0.1928 0 0 0 0 0 0 0 0 0 0 0 0 0 0 0 0 0 
0.1542 0 0 0 0 0 0 0 0 0 0 0 0 0 0 0 0 0 
0.1176 0 0 0 0 0 0 0 0 0 0 0 0 0 0 0 0 0 
0.091 0 0 0 0 0 0 0 0 0 0 0 0 0 0 0 0 0 
0.066 0 0 0 0 0 0 0 0 0 0 0 0 0 0 0 0 0 
0.0458 0 0 0 0 0 0 0 0 0 0 0 0 0 0 0 0 0 
0.0308 0 0 0 0 0 0 0 0 0 0 0 0 0 0 0 0 0 
0.0192 0 0 0 0 0 0 0 0 0 0 0 0 0 0 0 0 0 
0.0106 0 0 0 0 0 0 0 0 0 0 0 0 0 0 0 0 0 
0.0042 0 0 0 0 0 0 0 0 0 0 0 0 0 0 0 0 0 
0.0008 0 0 0 0 0 0 0 0 0 0 0 0 0 0 0 0 0 
0.0002 0 0 0 0 0 0 0 0 0 0 0 0 0 0 0 0 0 

1 0.9986 0.9982 0.9928 0.9912 0.9812 0.973 0.9662 0.9536 0.94 0.9242 0.9072 0.8786 0.8486 0.8146 0.767 0.6916 0.5758 
0.4262 0 0 0 0 0 0 0 0 0 0 0 0 0 0 0 0 0 
0.308 0 0 0 0 0 0 0 0 0 0 0 0 0 0 0 0 0 
0.24 0 0 0 0 0 0 0 0 0 0 0 0 0 0 0 0 0 
0.1882 0 0 0 0 0 0 0 0 0 0 0 0 0 0 0 0 0 
0.1528 0 0 0 0 0 0 0 0 0 0 0 0 0 0 0 0 0 
0.12 0 0 0 0 0 0 0 0 0 0 0 0 0 0 0 0 0 
0.0998 0 0 0 0 0 0 0 0 0 0 0 0 0 0 0 0 0 
0.0786 0 0 0 0 0 0 0 0 0 0 0 0 0 0 0 0 0 
0.0634 0 0 0 0 0 0 0 0 0 0 0 0 0 0 0 0 0 
0.0442 0 0 0 0 0 0 0 0 0 0 0 0 0 0 0 0 0 
0.03 0 0 0 0 0 0 0 0 0 0 0 0 0 0 0 0 0 
0.0218 0 0 0 0 0 0 0 0 0 0 0 0 0 0 0 0 0 
0.0136 0 0 0 0 0 0 0 0 0 0 0 0 0 0 0 0 0 
0.007 0 0 0 0 0 0 0 0 0 0 0 0 0 0 0 0 0 
0.0032 0 0 0 0 0 0 0 0 0 0 0 0 0 0 0 0 0 
0.0008 0 0 0 0 0 0 0 0 0 0 0 0 0 0 0 0 0 
0 0 0 0 0 0 0 0 0 0 0 0 0 0 0 0 0 0 

1 0.997 0.9942 0.9802 0.956 0.933 0.8928 0.8394 0.7826 0.7138 0.647 0.5684 0.474 0.4018 0.319 0.2386 0.1576 0.0924 
0.8762 0.5688 0.3602 0.2222 0.127 0.0782 0.0382 0.0156 0.0042 0.0016 0 0 0 0 0 0 0 0 
0.7378 0.2714 0.088 0.021 0.003 0.001 0 0 0 0 0 0 0 0 0 0 0 0 
0.6098 0.1386 0.0228 0.0016 0.0002 0 0 0 0 0 0 0 0 0 0 0 0 0 
0.4856 0.06 0.0038 0.0002 0 0 0 0 0 0 0 0 0 0 0 0 0 0 
0.3822 0.0244 0.0004 0 0 0 0 0 0 0 0 0 0 0 0 0 0 0 
0.2862 0.0068 0 0 0 0 0 0 0 0 0 0 0 0 0 0 0 0 
0.2066 0.0028 0 0 0 0 0 0 0 0 0 0 0 0 0 0 0 0 
0.1458 0.0004 0 0 0 0 0 0 0 0 0 0 0 0 0 0 0 0 
0.0938 0.0002 0 0 0 0 0 0 0 0 0 0 0 0 0 0 0 0 
0.0618 0 0 0 0 0 0 0 0 0 0 0 0 0 0 0 0 0 
0.0344 0 0 0 0 0 0 0 0 0 0 0 0 0 0 0 0 0 
0.019 0 0 0 0 0 0 0 0 0 0 0 0 0 0 0 0 0 
0.0076 0 0 0 0 0 0 0 0 0 0 0 0 0 0 0 0 0 
0.0022 0 0 0 0 0 0 0 0 0 0 0 0 0 0 0 0 0 
0.0004 0 0 0 0 0 0 0 0 0 0 0 0 0 0 0 0 0 
0.0002 0 0 0 0 0 0 0 0 0 0 0 0 0 0 0 0 0 
0 0 0 0 0 0 0 0 0 0 0 0 0 0 0 0 0 0 

1 0.9978 0.9958 0.9902 0.9818 0.9688 0.9538 0.935 0.9132 0.8838 0.843 0.7986 0.7438 0.6804 0.6068 0.5126 0.3942 0.2488 
0.7392 0.0198 0.0052 0.0026 0.0014 0.0006 0.0004 0 0 0 0 0 0 0 0 0 0 0 
0.5918 0.003 0.0004 0.0002 0 0 0 0 0 0 0 0 0 0 0 0 0 0 
0.4838 0.0008 0.0002 0 0 0 0 0 0 0 0 0 0 0 0 0 0 0 
0.3984 0.0002 0 0 0 0 0 0 0 0 0 0 0 0 0 0 0 0 
0.3258 0 0 0 0 0 0 0 0 0 0 0 0 0 0 0 0 0 
0.2682 0 0 0 0 0 0 0 0 0 0 0 0 0 0 0 0 0 
0.2158 0 0 0 0 0 0 0 0 0 0 0 0 0 0 0 0 0 
0.1666 0 0 0 0 0 0 0 0 0 0 0 0 0 0 0 0 0 
0.121 0 0 0 0 0 0 0 0 0 0 0 0 0 0 0 0 0 
0.083 0 0 0 0 0 0 0 0 0 0 0 0 0 0 0 0 0 
0.0562 0 0 0 0 0 0 0 0 0 0 0 0 0 0 0 0 0 
0.035 0 0 0 0 0 0 0 0 0 0 0 0 0 0 0 0 0 
0.0194 0 0 0 0 0 0 0 0 0 0 0 0 0 0 0 0 0 
0.0082 0 0 0 0 0 0 0 0 0 0 0 0 0 0 0 0 0 
0.0034 0 0 0 0 0 0 0 0 0 0 0 0 0 0 0 0 0 
0.001 0 0 0 0 0 0 0 0 0 0 0 0 0 0 0 0 0 
0 0 0 0 0 0 0 0 0 0 0 0 0 0 0 0 0 0 

1 0.9982 0.997 0.9876 0.9764 0.9646 0.9426 0.9316 0.9088 0.8726 0.8322 0.7836 0.7272 0.6616 0.587 0.4904 0.3748 0.224 
0.757 0.0114 0.0034 0.001 0.0004 0 0 0 0 0 0 0 0 0 0 0 0 0 
0.6164 0.0018 0 0 0 0 0 0 0 0 0 0 0 0 0 0 0 0 
0.5084 0.0008 0 0 0 0 0 0 0 0 0 0 0 0 0 0 0 0 
0.4212 0.0002 0 0 0 0 0 0 0 0 0 0 0 0 0 0 0 0 
0.347 0 0 0 0 0 0 0 0 0 0 0 0 0 0 0 0 0 
0.2878 0 0 0 0 0 0 0 0 0 0 0 0 0 0 0 0 0 
0.2286 0 0 0 0 0 0 0 0 0 0 0 0 0 0 0 0 0 
0.18 0 0 0 0 0 0 0 0 0 0 0 0 0 0 0 0 0 
0.1316 0 0 0 0 0 0 0 0 0 0 0 0 0 0 0 0 0 
0.0946 0 0 0 0 0 0 0 0 0 0 0 0 0 0 0 0 0 
0.0632 0 0 0 0 0 0 0 0 0 0 0 0 0 0 0 0 0 
0.0428 0 0 0 0 0 0 0 0 0 0 0 0 0 0 0 0 0 
0.0226 0 0 0 0 0 0 0 0 0 0 0 0 0 0 0 0 0 
0.0128 0 0 0 0 0 0 0 0 0 0 0 0 0 0 0 0 0 
0.0054 0 0 0 0 0 0 0 0 0 0 0 0 0 0 0 0 0 
0.0014 0 0 0 0 0 0 0 0 0 0 0 0 0 0 0 0 0 
0 0 0 0 0 0 0 0 0 0 0 0 0 0 0 0 0 0 

1 0.9984 0.9962 0.9908 0.982 0.9742 0.9644 0.9462 0.928 0.9074 0.8834 0.8438 0.8072 0.7628 0.7022 0.6368 0.529 0.3742 
0.6136 0 0 0 0 0 0 0 0 0 0 0 0 0 0 0 0 0 
0.4738 0 0 0 0 0 0 0 0 0 0 0 0 0 0 0 0 0 
0.3692 0 0 0 0 0 0 0 0 0 0 0 0 0 0 0 0 0 
0.3046 0 0 0 0 0 0 0 0 0 0 0 0 0 0 0 0 0 
0.2516 0 0 0 0 0 0 0 0 0 0 0 0 0 0 0 0 0 
0.2028 0 0 0 0 0 0 0 0 0 0 0 0 0 0 0 0 0 
0.1622 0 0 0 0 0 0 0 0 0 0 0 0 0 0 0 0 0 
0.1228 0 0 0 0 0 0 0 0 0 0 0 0 0 0 0 0 0 
0.0936 0 0 0 0 0 0 0 0 0 0 0 0 0 0 0 0 0 
0.0656 0 0 0 0 0 0 0 0 0 0 0 0 0 0 0 0 0 
0.0522 0 0 0 0 0 0 0 0 0 0 0 0 0 0 0 0 0 
0.0306 0 0 0 0 0 0 0 0 0 0 0 0 0 0 0 0 0 
0.0168 0 0 0 0 0 0 0 0 0 0 0 0 0 0 0 0 0 
0.0092 0 0 0 0 0 0 0 0 0 0 0 0 0 0 0 0 0 
0.004 0 0 0 0 0 0 0 0 0 0 0 0 0 0 0 0 0 
0.0004 0 0 0 0 0 0 0 0 0 0 0 0 0 0 0 0 0 
0 0 0 0 0 0 0 0 0 0 0 0 0 0 0 0 0 0 

1 0.9978 0.9948 0.9884 0.9768 0.971 0.95 0.9292 0.9066 0.8804 0.8358 0.7896 0.733 0.6604 0.577 0.4766 0.368 0.2252 
0.7584 0.0062 0.0002 0.0002 0.0002 0.0002 0 0 0 0 0 0 0 0 0 0 0 0 
0.6226 0.0004 0 0 0 0 0 0 0 0 0 0 0 0 0 0 0 0 
0.5218 0.0002 0 0 0 0 0 0 0 0 0 0 0 0 0 0 0 0 
0.4348 0 0 0 0 0 0 0 0 0 0 0 0 0 0 0 0 0 
0.3534 0 0 0 0 0 0 0 0 0 0 0 0 0 0 0 0 0 
0.2876 0 0 0 0 0 0 0 0 0 0 0 0 0 0 0 0 0 
0.2234 0 0 0 0 0 0 0 0 0 0 0 0 0 0 0 0 0 
0.171 0 0 0 0 0 0 0 0 0 0 0 0 0 0 0 0 0 
0.127 0 0 0 0 0 0 0 0 0 0 0 0 0 0 0 0 0 
0.0944 0 0 0 0 0 0 0 0 0 0 0 0 0 0 0 0 0 
0.0644 0 0 0 0 0 0 0 0 0 0 0 0 0 0 0 0 0 
0.0398 0 0 0 0 0 0 0 0 0 0 0 0 0 0 0 0 0 
0.0196 0 0 0 0 0 0 0 0 0 0 0 0 0 0 0 0 0 
0.0092 0 0 0 0 0 0 0 0 0 0 0 0 0 0 0 0 0 
0.003 0 0 0 0 0 0 0 0 0 0 0 0 0 0 0 0 0 
0.0014 0 0 0 0 0 0 0 0 0 0 0 0 0 0 0 0 0 
0 0 0 0 0 0 0 0 0 0 0 0 0 0 0 0 0 0 

1 0.9986 0.9948 0.9922 0.9852 0.975 0.964 0.9464 0.9268 0.9062 0.8802 0.8522 0.8062 0.7584 0.7008 0.6284 0.525 0.3746 
0.613 0 0 0 0 0 0 0 0 0 0 0 0 0 0 0 0 0 
0.4764 0 0 0 0 0 0 0 0 0 0 0 0 0 0 0 0 0 
0.3778 0 0 0 0 0 0 0 0 0 0 0 0 0 0 0 0 0 
0.3102 0 0 0 0 0 0 0 0 0 0 0 0 0 0 0 0 0 
0.2506 0 0 0 0 0 0 0 0 0 0 0 0 0 0 0 0 0 
0.2012 0 0 0 0 0 0 0 0 0 0 0 0 0 0 0 0 0 
0.1606 0 0 0 0 0 0 0 0 0 0 0 0 0 0 0 0 0 
0.1238 0 0 0 0 0 0 0 0 0 0 0 0 0 0 0 0 0 
0.0936 0 0 0 0 0 0 0 0 0 0 0 0 0 0 0 0 0 
0.0678 0 0 0 0 0 0 0 0 0 0 0 0 0 0 0 0 0 
0.0456 0 0 0 0 0 0 0 0 0 0 0 0 0 0 0 0 0 
0.03 0 0 0 0 0 0 0 0 0 0 0 0 0 0 0 0 0 
0.0198 0 0 0 0 0 0 0 0 0 0 0 0 0 0 0 0 0 
0.0096 0 0 0 0 0 0 0 0 0 0 0 0 0 0 0 0 0 
0.0036 0 0 0 0 0 0 0 0 0 0 0 0 0 0 0 0 0 
0.0014 0 0 0 0 0 0 0 0 0 0 0 0 0 0 0 0 0 
0 0 0 0 0 0 0 0 0 0 0 0 0 0 0 0 0 0 

1 0.9984 0.997 0.9908 0.9818 0.9704 0.9616 0.9474 0.9298 0.905 0.8746 0.8396 0.7994 0.7442 0.6826 0.615 0.5208 0.371 
0.6238 0 0 0 0 0 0 0 0 0 0 0 0 0 0 0 0 0 
0.4736 0 0 0 0 0 0 0 0 0 0 0 0 0 0 0 0 0 
0.385 0 0 0 0 0 0 0 0 0 0 0 0 0 0 0 0 0 
0.3222 0 0 0 0 0 0 0 0 0 0 0 0 0 0 0 0 0 
0.2672 0 0 0 0 0 0 0 0 0 0 0 0 0 0 0 0 0 
0.2114 0 0 0 0 0 0 0 0 0 0 0 0 0 0 0 0 0 
0.1676 0 0 0 0 0 0 0 0 0 0 0 0 0 0 0 0 0 
0.1324 0 0 0 0 0 0 0 0 0 0 0 0 0 0 0 0 0 
0.1032 0 0 0 0 0 0 0 0 0 0 0 0 0 0 0 0 0 
0.0726 0 0 0 0 0 0 0 0 0 0 0 0 0 0 0 0 0 
0.0484 0 0 0 0 0 0 0 0 0 0 0 0 0 0 0 0 0 
0.029 0 0 0 0 0 0 0 0 0 0 0 0 0 0 0 0 0 
0.0192 0 0 0 0 0 0 0 0 0 0 0 0 0 0 0 0 0 
0.0104 0 0 0 0 0 0 0 0 0 0 0 0 0 0 0 0 0 
0.0034 0 0 0 0 0 0 0 0 0 0 0 0 0 0 0 0 0 
0.0012 0 0 0 0 0 0 0 0 0 0 0 0 0 0 0 0 0 
0 0 0 0 0 0 0 0 0 0 0 0 0 0 0 0 0 0 

1 0.9984 0.9978 0.9928 0.9876 0.9788 0.9684 0.9598 0.9494 0.923 0.9094 0.8832 0.8502 0.8226 0.7832 0.7268 0.6516 0.5264 
0.4716 0 0 0 0 0 0 0 0 0 0 0 0 0 0 0 0 0 
0.3488 0 0 0 0 0 0 0 0 0 0 0 0 0 0 0 0 0 
0.2776 0 0 0 0 0 0 0 0 0 0 0 0 0 0 0 0 0 
0.2236 0 0 0 0 0 0 0 0 0 0 0 0 0 0 0 0 0 
0.1854 0 0 0 0 0 0 0 0 0 0 0 0 0 0 0 0 0 
0.1502 0 0 0 0 0 0 0 0 0 0 0 0 0 0 0 0 0 
0.1198 0 0 0 0 0 0 0 0 0 0 0 0 0 0 0 0 0 
0.0954 0 0 0 0 0 0 0 0 0 0 0 0 0 0 0 0 0 
0.0732 0 0 0 0 0 0 0 0 0 0 0 0 0 0 0 0 0 
0.0552 0 0 0 0 0 0 0 0 0 0 0 0 0 0 0 0 0 
0.0364 0 0 0 0 0 0 0 0 0 0 0 0 0 0 0 0 0 
0.0256 0 0 0 0 0 0 0 0 0 0 0 0 0 0 0 0 0 
0.015 0 0 0 0 0 0 0 0 0 0 0 0 0 0 0 0 0 
0.0088 0 0 0 0 0 0 0 0 0 0 0 0 0 0 0 0 0 
0.0034 0 0 0 0 0 0 0 0 0 0 0 0 0 0 0 0 0 
0.0006 0 0 0 0 0 0 0 0 0 0 0 0 0 0 0 0 0 
0 0 0 0 0 0 0 0 0 0 0 0 0 0 0 0 0 0 

1 0.9992 0.996 0.9866 0.977 0.9628 0.9438 0.9302 0.8958 0.8678 0.8258 0.7834 0.7246 0.655 0.5752 0.4768 0.3578 0.2126 
0.767 0.0028 0 0 0 0 0 0 0 0 0 0 0 0 0 0 0 0 
0.633 0 0 0 0 0 0 0 0 0 0 0 0 0 0 0 0 0 
0.5258 0.0002 0 0 0 0 0 0 0 0 0 0 0 0 0 0 0 0 
0.4348 0 0 0 0 0 0 0 0 0 0 0 0 0 0 0 0 0 
0.3588 0 0 0 0 0 0 0 0 0 0 0 0 0 0 0 0 0 
0.3014 0 0 0 0 0 0 0 0 0 0 0 0 0 0 0 0 0 
0.2312 0 0 0 0 0 0 0 0 0 0 0 0 0 0 0 0 0 
0.1824 0 0 0 0 0 0 0 0 0 0 0 0 0 0 0 0 0 
0.1362 0 0 0 0 0 0 0 0 0 0 0 0 0 0 0 0 0 
0.1004 0 0 0 0 0 0 0 0 0 0 0 0 0 0 0 0 0 
0.0686 0 0 0 0 0 0 0 0 0 0 0 0 0 0 0 0 0 
0.0436 0 0 0 0 0 0 0 0 0 0 0 0 0 0 0 0 0 
0.0256 0 0 0 0 0 0 0 0 0 0 0 0 0 0 0 0 0 
0.0118 0 0 0 0 0 0 0 0 0 0 0 0 0 0 0 0 0 
0.0044 0 0 0 0 0 0 0 0 0 0 0 0 0 0 0 0 0 
0.0012 0 0 0 0 0 0 0 0 0 0 0 0 0 0 0 0 0 
0.0004 0 0 0 0 0 0 0 0 0 0 0 0 0 0 0 0 0 

1 0.9984 0.9968 0.991 0.9774 0.9704 0.9564 0.9454 0.927 0.9018 0.8784 0.8412 0.795 0.748 0.6844 0.6128 0.5158 0.3714 
0.6218 0 0 0 0 0 0 0 0 0 0 0 0 0 0 0 0 0 
0.4806 0 0 0 0 0 0 0 0 0 0 0 0 0 0 0 0 0 
0.3914 0 0 0 0 0 0 0 0 0 0 0 0 0 0 0 0 0 
0.3272 0 0 0 0 0 0 0 0 0 0 0 0 0 0 0 0 0 
0.2622 0 0 0 0 0 0 0 0 0 0 0 0 0 0 0 0 0 
0.2112 0 0 0 0 0 0 0 0 0 0 0 0 0 0 0 0 0 
0.1688 0 0 0 0 0 0 0 0 0 0 0 0 0 0 0 0 0 
0.1276 0 0 0 0 0 0 0 0 0 0 0 0 0 0 0 0 0 
0.1 0 0 0 0 0 0 0 0 0 0 0 0 0 0 0 0 0 
0.0744 0 0 0 0 0 0 0 0 0 0 0 0 0 0 0 0 0 
0.0528 0 0 0 0 0 0 0 0 0 0 0 0 0 0 0 0 0 
0.0344 0 0 0 0 0 0 0 0 0 0 0 0 0 0 0 0 0 
0.0196 0 0 0 0 0 0 0 0 0 0 0 0 0 0 0 0 0 
0.0116 0 0 0 0 0 0 0 0 0 0 0 0 0 0 0 0 0 
0.0036 0 0 0 0 0 0 0 0 0 0 0 0 0 0 0 0 0 
0.001 0 0 0 0 0 0 0 0 0 0 0 0 0 0 0 0 0 
0.0002 0 0 0 0 0 0 0 0 0 0 0 0 0 0 0 0 0 

1 0.998 0.9956 0.9908 0.9822 0.9718 0.9582 0.944 0.926 0.912 0.884 0.8492 0.8094 0.75 0.6902 0.616 0.5138 0.3598 
0.6386 0 0 0 0 0 0 0 0 0 0 0 0 0 0 0 0 0 
0.4844 0 0 0 0 0 0 0 0 0 0 0 0 0 0 0 0 0 
0.388 0 0 0 0 0 0 0 0 0 0 0 0 0 0 0 0 0 
0.3154 0 0 0 0 0 0 0 0 0 0 0 0 0 0 0 0 0 
0.2572 0 0 0 0 0 0 0 0 0 0 0 0 0 0 0 0 0 
0.206 0 0 0 0 0 0 0 0 0 0 0 0 0 0 0 0 0 
0.1604 0 0 0 0 0 0 0 0 0 0 0 0 0 0 0 0 0 
0.1226 0 0 0 0 0 0 0 0 0 0 0 0 0 0 0 0 0 
0.0922 0 0 0 0 0 0 0 0 0 0 0 0 0 0 0 0 0 
0.0696 0 0 0 0 0 0 0 0 0 0 0 0 0 0 0 0 0 
0.0478 0 0 0 0 0 0 0 0 0 0 0 0 0 0 0 0 0 
0.0308 0 0 0 0 0 0 0 0 0 0 0 0 0 0 0 0 0 
0.02 0 0 0 0 0 0 0 0 0 0 0 0 0 0 0 0 0 
0.0106 0 0 0 0 0 0 0 0 0 0 0 0 0 0 0 0 0 
0.0042 0 0 0 0 0 0 0 0 0 0 0 0 0 0 0 0 0 
0.0012 0 0 0 0 0 0 0 0 0 0 0 0 0 0 0 0 0 
0 0 0 0 0 0 0 0 0 0 0 0 0 0 0 0 0 0 

1 0.998 0.997 0.9938 0.9844 0.9808 0.968 0.9592 0.9486 0.934 0.9122 0.8926 0.861 0.8236 0.7852 0.7308 0.6524 0.5252 
0.4724 0 0 0 0 0 0 0 0 0 0 0 0 0 0 0 0 0 
0.35 0 0 0 0 0 0 0 0 0 0 0 0 0 0 0 0 0 
0.2724 0 0 0 0 0 0 0 0 0 0 0 0 0 0 0 0 0 
0.2216 0 0 0 0 0 0 0 0 0 0 0 0 0 0 0 0 0 
0.182 0 0 0 0 0 0 0 0 0 0 0 0 0 0 0 0 0 
0.149 0 0 0 0 0 0 0 0 0 0 0 0 0 0 0 0 0 
0.1166 0 0 0 0 0 0 0 0 0 0 0 0 0 0 0 0 0 
0.0892 0 0 0 0 0 0 0 0 0 0 0 0 0 0 0 0 0 
0.0674 0 0 0 0 0 0 0 0 0 0 0 0 0 0 0 0 0 
0.0488 0 0 0 0 0 0 0 0 0 0 0 0 0 0 0 0 0 
0.0346 0 0 0 0 0 0 0 0 0 0 0 0 0 0 0 0 0 
0.0238 0 0 0 0 0 0 0 0 0 0 0 0 0 0 0 0 0 
0.0138 0 0 0 0 0 0 0 0 0 0 0 0 0 0 0 0 0 
0.008 0 0 0 0 0 0 0 0 0 0 0 0 0 0 0 0 0 
0.003 0 0 0 0 0 0 0 0 0 0 0 0 0 0 0 0 0 
0.0004 0 0 0 0 0 0 0 0 0 0 0 0 0 0 0 0 0 
0.0002 0 0 0 0 0 0 0 0 0 0 0 0 0 0 0 0 0 

1 0.9982 0.9962 0.9882 0.9786 0.9726 0.962 0.947 0.9284 0.906 0.8716 0.842 0.7996 0.7604 0.696 0.6182 0.5228 0.374 
0.6154 0 0 0 0 0 0 0 0 0 0 0 0 0 0 0 0 0 
0.4698 0 0 0 0 0 0 0 0 0 0 0 0 0 0 0 0 0 
0.3824 0 0 0 0 0 0 0 0 0 0 0 0 0 0 0 0 0 
0.3138 0 0 0 0 0 0 0 0 0 0 0 0 0 0 0 0 0 
0.257 0 0 0 0 0 0 0 0 0 0 0 0 0 0 0 0 0 
0.2068 0 0 0 0 0 0 0 0 0 0 0 0 0 0 0 0 0 
0.1664 0 0 0 0 0 0 0 0 0 0 0 0 0 0 0 0 0 
0.1334 0 0 0 0 0 0 0 0 0 0 0 0 0 0 0 0 0 
0.104 0 0 0 0 0 0 0 0 0 0 0 0 0 0 0 0 0 
0.0708 0 0 0 0 0 0 0 0 0 0 0 0 0 0 0 0 0 
0.0488 0 0 0 0 0 0 0 0 0 0 0 0 0 0 0 0 0 
0.0336 0 0 0 0 0 0 0 0 0 0 0 0 0 0 0 0 0 
0.0192 0 0 0 0 0 0 0 0 0 0 0 0 0 0 0 0 0 
0.011 0 0 0 0 0 0 0 0 0 0 0 0 0 0 0 0 0 
0.0044 0 0 0 0 0 0 0 0 0 0 0 0 0 0 0 0 0 
0.0014 0 0 0 0 0 0 0 0 0 0 0 0 0 0 0 0 0 
0 0 0 0 0 0 0 0 0 0 0 0 0 0 0 0 0 0 

1 0.9988 0.9976 0.9948 0.9868 0.9752 0.969 0.9614 0.9462 0.9326 0.9076 0.8822 0.8566 0.821 0.7876 0.7248 0.6522 0.5302 
0.468 0 0 0 0 0 0 0 0 0 0 0 0 0 0 0 0 0 
0.3488 0 0 0 0 0 0 0 0 0 0 0 0 0 0 0 0 0 
0.2754 0 0 0 0 0 0 0 0 0 0 0 0 0 0 0 0 0 
0.2264 0 0 0 0 0 0 0 0 0 0 0 0 0 0 0 0 0 
0.1788 0 0 0 0 0 0 0 0 0 0 0 0 0 0 0 0 0 
0.148 0 0 0 0 0 0 0 0 0 0 0 0 0 0 0 0 0 
0.122 0 0 0 0 0 0 0 0 0 0 0 0 0 0 0 0 0 
0.096 0 0 0 0 0 0 0 0 0 0 0 0 0 0 0 0 0 
0.074 0 0 0 0 0 0 0 0 0 0 0 0 0 0 0 0 0 
0.0544 0 0 0 0 0 0 0 0 0 0 0 0 0 0 0 0 0 
0.0354 0 0 0 0 0 0 0 0 0 0 0 0 0 0 0 0 0 
0.022 0 0 0 0 0 0 0 0 0 0 0 0 0 0 0 0 0 
0.0132 0 0 0 0 0 0 0 0 0 0 0 0 0 0 0 0 0 
0.0084 0 0 0 0 0 0 0 0 0 0 0 0 0 0 0 0 0 
0.0036 0 0 0 0 0 0 0 0 0 0 0 0 0 0 0 0 0 
0.001 0 0 0 0 0 0 0 0 0 0 0 0 0 0 0 0 0 
0 0 0 0 0 0 0 0 0 0 0 0 0 0 0 0 0 0 

1 0.9994 0.9982 0.9916 0.9854 0.978 0.968 0.9642 0.9504 0.9374 0.9174 0.8982 0.8684 0.829 0.7884 0.7332 0.6592 0.5222 
0.4776 0 0 0 0 0 0 0 0 0 0 0 0 0 0 0 0 0 
0.3426 0 0 0 0 0 0 0 0 0 0 0 0 0 0 0 0 0 
0.2722 0 0 0 0 0 0 0 0 0 0 0 0 0 0 0 0 0 
0.2166 0 0 0 0 0 0 0 0 0 0 0 0 0 0 0 0 0 
0.1706 0 0 0 0 0 0 0 0 0 0 0 0 0 0 0 0 0 
0.1406 0 0 0 0 0 0 0 0 0 0 0 0 0 0 0 0 0 
0.112 0 0 0 0 0 0 0 0 0 0 0 0 0 0 0 0 0 
0.0874 0 0 0 0 0 0 0 0 0 0 0 0 0 0 0 0 0 
0.0606 0 0 0 0 0 0 0 0 0 0 0 0 0 0 0 0 0 
0.0486 0 0 0 0 0 0 0 0 0 0 0 0 0 0 0 0 0 
0.0328 0 0 0 0 0 0 0 0 0 0 0 0 0 0 0 0 0 
0.0204 0 0 0 0 0 0 0 0 0 0 0 0 0 0 0 0 0 
0.0142 0 0 0 0 0 0 0 0 0 0 0 0 0 0 0 0 0 
0.0084 0 0 0 0 0 0 0 0 0 0 0 0 0 0 0 0 0 
0.0054 0 0 0 0 0 0 0 0 0 0 0 0 0 0 0 0 0 
0.0014 0 0 0 0 0 0 0 0 0 0 0 0 0 0 0 0 0 
0 0 0 0 0 0 0 0 0 0 0 0 0 0 0 0 0 0 

1 0.9988 0.9976 0.994 0.99 0.9886 0.979 0.9762 0.966 0.9472 0.9374 0.923 0.9056 0.8816 0.851 0.8178 0.763 0.669 
0.33 0 0 0 0 0 0 0 0 0 0 0 0 0 0 0 0 0 
0.236 0 0 0 0 0 0 0 0 0 0 0 0 0 0 0 0 0 
0.1866 0 0 0 0 0 0 0 0 0 0 0 0 0 0 0 0 0 
0.148 0 0 0 0 0 0 0 0 0 0 0 0 0 0 0 0 0 
0.121 0 0 0 0 0 0 0 0 0 0 0 0 0 0 0 0 0 
0.0994 0 0 0 0 0 0 0 0 0 0 0 0 0 0 0 0 0 
0.08 0 0 0 0 0 0 0 0 0 0 0 0 0 0 0 0 0 
0.0668 0 0 0 0 0 0 0 0 0 0 0 0 0 0 0 0 0 
0.0474 0 0 0 0 0 0 0 0 0 0 0 0 0 0 0 0 0 
0.0374 0 0 0 0 0 0 0 0 0 0 0 0 0 0 0 0 0 
0.0272 0 0 0 0 0 0 0 0 0 0 0 0 0 0 0 0 0 
0.017 0 0 0 0 0 0 0 0 0 0 0 0 0 0 0 0 0 
0.0092 0 0 0 0 0 0 0 0 0 0 0 0 0 0 0 0 0 
0.0048 0 0 0 0 0 0 0 0 0 0 0 0 0 0 0 0 0 
0.0026 0 0 0 0 0 0 0 0 0 0 0 0 0 0 0 0 0 
0.0008 0 0 0 0 0 0 0 0 0 0 0 0 0 0 0 0 0 
0 0 0 0 0 0 0 0 0 0 0 0 0 0 0 0 0 0 

