1 0.998212 0.995825 0.985556 0.972006 0.953112 0.927194 0.893737 0.854387 0.806544 0.750356 0.692531 0.627119 0.556075 0.481362 0.400256 0.312756 0.214694 
0.749025 0.38095 0.235681 0.136819 0.0792563 0.0446625 0.0227437 0.010425 0.0035 0.00100625 0.0001125 1.25e-05 0 0 0 0 0 0 
0.603181 0.180481 0.0659625 0.0165937 0.0028875 0.0004875 3.125e-05 0 0 0 0 0 0 0 0 0 0 0 
0.488756 0.0928312 0.0199687 0.001775 0.00014375 0 0 0 0 0 0 0 0 0 0 0 0 0 
0.388669 0.0425312 0.0045375 9.375e-05 0 0 0 0 0 0 0 0 0 0 0 0 0 0 
0.300344 0.0174187 0.0007375 0 0 0 0 0 0 0 0 0 0 0 0 0 0 0 
0.22425 0.00555625 5.625e-05 0 0 0 0 0 0 0 0 0 0 0 0 0 0 0 
0.163144 0.0013625 6.25e-06 0 0 0 0 0 0 0 0 0 0 0 0 0 0 0 
0.113856 0.00028125 0 0 0 0 0 0 0 0 0 0 0 0 0 0 0 0 
0.076275 3.75e-05 0 0 0 0 0 0 0 0 0 0 0 0 0 0 0 0 
0.0479062 0 0 0 0 0 0 0 0 0 0 0 0 0 0 0 0 0 
0.0282562 0 0 0 0 0 0 0 0 0 0 0 0 0 0 0 0 0 
0.0150375 0 0 0 0 0 0 0 0 0 0 0 0 0 0 0 0 0 
0.00699375 0 0 0 0 0 0 0 0 0 0 0 0 0 0 0 0 0 
0.0027125 0 0 0 0 0 0 0 0 0 0 0 0 0 0 0 0 0 
0.0007625 0 0 0 0 0 0 0 0 0 0 0 0 0 0 0 0 0 
0.00015625 0 0 0 0 0 0 0 0 0 0 0 0 0 0 0 0 0 
0 0 0 0 0 0 0 0 0 0 0 0 0 0 0 0 0 0 
1 0.998062 0.993587 0.978712 0.955062 0.922587 0.8814 0.831275 0.773512 0.706887 0.636025 0.562675 0.492375 0.421125 0.350212 0.279938 0.206137 0.138537 
0.823787 0.587563 0.415412 0.267275 0.160388 0.09235 0.0496 0.0228125 0.0081875 0.0023125 0.0005 8.75e-05 1.25e-05 1.25e-05 0 0 0 0 
0.673362 0.318375 0.136325 0.03805 0.0068 0.001125 0.0001 0 0 0 0 0 0 0 0 0 0 0 
0.5387 0.173725 0.0447 0.0046875 0.0002 1.25e-05 0 0 0 0 0 0 0 0 0 0 0 0 
0.420762 0.0833625 0.011125 0.0003875 0 0 0 0 0 0 0 0 0 0 0 0 0 0 
0.315187 0.0336375 0.0019 2.5e-05 0 0 0 0 0 0 0 0 0 0 0 0 0 0 
0.225313 0.0106875 0.0002 1.25e-05 0 0 0 0 0 0 0 0 0 0 0 0 0 0 
0.155875 0.002925 3.75e-05 0 0 0 0 0 0 0 0 0 0 0 0 0 0 0 
0.101737 0.0004125 0 0 0 0 0 0 0 0 0 0 0 0 0 0 0 0 
0.0639625 6.25e-05 0 0 0 0 0 0 0 0 0 0 0 0 0 0 0 0 
0.039 2.5e-05 0 0 0 0 0 0 0 0 0 0 0 0 0 0 0 0 
0.0213625 0 0 0 0 0 0 0 0 0 0 0 0 0 0 0 0 0 
0.0104 0 0 0 0 0 0 0 0 0 0 0 0 0 0 0 0 0 
0.004675 0 0 0 0 0 0 0 0 0 0 0 0 0 0 0 0 0 
0.001775 0 0 0 0 0 0 0 0 0 0 0 0 0 0 0 0 0 
0.0005125 0 0 0 0 0 0 0 0 0 0 0 0 0 0 0 0 0 
5e-05 0 0 0 0 0 0 0 0 0 0 0 0 0 0 0 0 0 
1.25e-05 0 0 0 0 0 0 0 0 0 0 0 0 0 0 0 0 0 
1 0.9987 0.996925 0.99095 0.982675 0.97375 0.961062 0.946262 0.927112 0.903987 0.874462 0.8375 0.793575 0.741275 0.676712 0.599662 0.500875 0.363238 
0.622938 0.03965 0.01315 0.0054125 0.0026625 0.00145 0.00075 0.0003 7.5e-05 2.5e-05 0 0 0 0 0 0 0 0 
0.4838 0.010225 0.0014375 0.000275 3.75e-05 0 0 0 0 0 0 0 0 0 0 0 0 0 
0.394375 0.004425 0.0003375 1.25e-05 1.25e-05 0 0 0 0 0 0 0 0 0 0 0 0 0 
0.322712 0.002075 0.000175 0 0 0 0 0 0 0 0 0 0 0 0 0 0 0 
0.260775 0.00085 3.75e-05 0 0 0 0 0 0 0 0 0 0 0 0 0 0 0 
0.2092 0.0002625 0 0 0 0 0 0 0 0 0 0 0 0 0 0 0 0 
0.164737 6.25e-05 0 0 0 0 0 0 0 0 0 0 0 0 0 0 0 0 
0.125587 3.75e-05 0 0 0 0 0 0 0 0 0 0 0 0 0 0 0 0 
0.0933875 0 0 0 0 0 0 0 0 0 0 0 0 0 0 0 0 0 
0.0679375 0 0 0 0 0 0 0 0 0 0 0 0 0 0 0 0 0 
0.0452875 0 0 0 0 0 0 0 0 0 0 0 0 0 0 0 0 0 
0.02875 0 0 0 0 0 0 0 0 0 0 0 0 0 0 0 0 0 
0.0166375 0 0 0 0 0 0 0 0 0 0 0 0 0 0 0 0 0 
0.0079625 0 0 0 0 0 0 0 0 0 0 0 0 0 0 0 0 0 
0.002875 0 0 0 0 0 0 0 0 0 0 0 0 0 0 0 0 0 
0.00055 0 0 0 0 0 0 0 0 0 0 0 0 0 0 0 0 0 
2.5e-05 0 0 0 0 0 0 0 0 0 0 0 0 0 0 0 0 0 
1 0.997325 0.9916 0.970575 0.9344 0.892125 0.8334 0.765275 0.686125 0.60565 0.521225 0.445125 0.370425 0.308225 0.243075 0.1896 0.138 0.094175 
0.8708 0.745 0.5917 0.422525 0.2615 0.160375 0.08485 0.0414 0.014 0.00435 0.001 0.00025 0.0001 7.5e-05 0 2.5e-05 0 0 
0.70705 0.444475 0.22005 0.07155 0.012575 0.00265 0.00025 7.5e-05 2.5e-05 2.5e-05 0 0 0 0 0 0 0 0 
0.56455 0.254175 0.07625 0.0107 0.000625 0.0001 0 0 0 0 0 0 0 0 0 0 0 0 
0.423475 0.12235 0.018675 0.000975 2.5e-05 0 0 0 0 0 0 0 0 0 0 0 0 0 
0.30075 0.0498 0.003775 7.5e-05 0 0 0 0 0 0 0 0 0 0 0 0 0 0 
0.2059 0.0167 0.000625 2.5e-05 0 0 0 0 0 0 0 0 0 0 0 0 0 0 
0.1303 0.00385 5e-05 0 0 0 0 0 0 0 0 0 0 0 0 0 0 0 
0.078725 0.0007 2.5e-05 0 0 0 0 0 0 0 0 0 0 0 0 0 0 0 
0.04575 0.000175 0 0 0 0 0 0 0 0 0 0 0 0 0 0 0 0 
0.0248 2.5e-05 0 0 0 0 0 0 0 0 0 0 0 0 0 0 0 0 
0.013775 2.5e-05 0 0 0 0 0 0 0 0 0 0 0 0 0 0 0 0 
0.0061 0 0 0 0 0 0 0 0 0 0 0 0 0 0 0 0 0 
0.002275 0 0 0 0 0 0 0 0 0 0 0 0 0 0 0 0 0 
0.000725 0 0 0 0 0 0 0 0 0 0 0 0 0 0 0 0 0 
0.00015 0 0 0 0 0 0 0 0 0 0 0 0 0 0 0 0 0 
0 0 0 0 0 0 0 0 0 0 0 0 0 0 0 0 0 0 
0 0 0 0 0 0 0 0 0 0 0 0 0 0 0 0 0 0 
1 0.998275 0.99685 0.988025 0.9791 0.9678 0.951725 0.934525 0.909625 0.879925 0.84595 0.8046 0.754625 0.698025 0.630375 0.547475 0.444475 0.31535 
0.6664 0.148125 0.06795 0.034025 0.01885 0.0105 0.006025 0.0029 0.001175 0.000125 2.5e-05 0 0 0 0 0 0 0 
0.5149 0.04985 0.011625 0.00245 0.0004 2.5e-05 0 0 0 0 0 0 0 0 0 0 0 0 
0.417925 0.023125 0.0034 0.0002 0 0 0 0 0 0 0 0 0 0 0 0 0 0 
0.33685 0.01035 0.000775 0 0 0 0 0 0 0 0 0 0 0 0 0 0 0 
0.268725 0.0045 0.000175 0 0 0 0 0 0 0 0 0 0 0 0 0 0 0 
0.21205 0.001725 2.5e-05 0 0 0 0 0 0 0 0 0 0 0 0 0 0 0 
0.16525 0.00045 0 0 0 0 0 0 0 0 0 0 0 0 0 0 0 0 
0.124425 2.5e-05 0 0 0 0 0 0 0 0 0 0 0 0 0 0 0 0 
0.090475 5e-05 0 0 0 0 0 0 0 0 0 0 0 0 0 0 0 0 
0.0637 0 0 0 0 0 0 0 0 0 0 0 0 0 0 0 0 0 
0.042425 0 0 0 0 0 0 0 0 0 0 0 0 0 0 0 0 0 
0.02645 0 0 0 0 0 0 0 0 0 0 0 0 0 0 0 0 0 
0.0147 0 0 0 0 0 0 0 0 0 0 0 0 0 0 0 0 0 
0.0069 0 0 0 0 0 0 0 0 0 0 0 0 0 0 0 0 0 
0.00265 0 0 0 0 0 0 0 0 0 0 0 0 0 0 0 0 0 
0.0006 0 0 0 0 0 0 0 0 0 0 0 0 0 0 0 0 0 
0 0 0 0 0 0 0 0 0 0 0 0 0 0 0 0 0 0 
1 0.99815 0.996525 0.988325 0.9797 0.96665 0.95405 0.935225 0.911075 0.88035 0.84335 0.79815 0.744775 0.682175 0.608225 0.523125 0.414525 0.27345 
0.70785 0.1018 0.03845 0.018 0.00905 0.004525 0.002575 0.00095 0.000525 7.5e-05 5e-05 0 0 0 0 0 0 0 
0.559825 0.0291 0.0042 0.000625 0.00015 2.5e-05 0 0 0 0 0 0 0 0 0 0 0 0 
0.45475 0.012425 0.0009 0 0 0 0 0 0 0 0 0 0 0 0 0 0 0 
0.373375 0.005425 7.5e-05 0 0 0 0 0 0 0 0 0 0 0 0 0 0 0 
0.303725 0.002125 0 0 0 0 0 0 0 0 0 0 0 0 0 0 0 0 
0.2451 0.000725 2.5e-05 0 0 0 0 0 0 0 0 0 0 0 0 0 0 0 
0.190125 0.000275 0 0 0 0 0 0 0 0 0 0 0 0 0 0 0 0 
0.144125 2.5e-05 0 0 0 0 0 0 0 0 0 0 0 0 0 0 0 0 
0.108325 0 0 0 0 0 0 0 0 0 0 0 0 0 0 0 0 0 
0.074475 0 0 0 0 0 0 0 0 0 0 0 0 0 0 0 0 0 
0.04915 0 0 0 0 0 0 0 0 0 0 0 0 0 0 0 0 0 
0.030975 0 0 0 0 0 0 0 0 0 0 0 0 0 0 0 0 0 
0.01675 0 0 0 0 0 0 0 0 0 0 0 0 0 0 0 0 0 
0.0079 0 0 0 0 0 0 0 0 0 0 0 0 0 0 0 0 0 
0.002925 0 0 0 0 0 0 0 0 0 0 0 0 0 0 0 0 0 
0.000625 0 0 0 0 0 0 0 0 0 0 0 0 0 0 0 0 0 
7.5e-05 0 0 0 0 0 0 0 0 0 0 0 0 0 0 0 0 0 
1 0.998625 0.99755 0.990975 0.9855 0.976225 0.9663 0.9555 0.939875 0.921875 0.897175 0.8692 0.837225 0.79515 0.74345 0.67955 0.591575 0.453125 
0.54165 0.0001 2.5e-05 0 0 0 0 0 0 0 0 0 0 0 0 0 0 0 
0.405075 2.5e-05 0 0 0 0 0 0 0 0 0 0 0 0 0 0 0 0 
0.32205 0 0 0 0 0 0 0 0 0 0 0 0 0 0 0 0 0 
0.26175 0 0 0 0 0 0 0 0 0 0 0 0 0 0 0 0 0 
0.216025 0 0 0 0 0 0 0 0 0 0 0 0 0 0 0 0 0 
0.17145 0 0 0 0 0 0 0 0 0 0 0 0 0 0 0 0 0 
0.1379 0 0 0 0 0 0 0 0 0 0 0 0 0 0 0 0 0 
0.10645 0 0 0 0 0 0 0 0 0 0 0 0 0 0 0 0 0 
0.080925 0 0 0 0 0 0 0 0 0 0 0 0 0 0 0 0 0 
0.059725 0 0 0 0 0 0 0 0 0 0 0 0 0 0 0 0 0 
0.04055 0 0 0 0 0 0 0 0 0 0 0 0 0 0 0 0 0 
0.026825 0 0 0 0 0 0 0 0 0 0 0 0 0 0 0 0 0 
0.016375 0 0 0 0 0 0 0 0 0 0 0 0 0 0 0 0 0 
0.009125 0 0 0 0 0 0 0 0 0 0 0 0 0 0 0 0 0 
0.0038 0 0 0 0 0 0 0 0 0 0 0 0 0 0 0 0 0 
0.001125 0 0 0 0 0 0 0 0 0 0 0 0 0 0 0 0 0 
0.000175 0 0 0 0 0 0 0 0 0 0 0 0 0 0 0 0 0 
1 0.99655 0.9905 0.9627 0.9169 0.86235 0.7809 0.70285 0.60955 0.5163 0.41725 0.34215 0.27075 0.21465 0.1598 0.12375 0.0906 0.06135 
0.90675 0.83665 0.72695 0.5646 0.3635 0.2353 0.1235 0.0647 0.02295 0.00795 0.00335 0.0016 0.00055 0.0001 0.0002 0 0.0001 0 
0.7377 0.53855 0.29535 0.1124 0.017 0.00535 0.00065 0.0002 5e-05 5e-05 5e-05 0 0 0 0 0 0 0 
0.5782 0.31625 0.1108 0.02265 0.0011 0.00045 0 0 0 0 0 0 0 0 0 0 0 0 
0.41995 0.14975 0.02815 0.0027 0 0 0 0 0 0 0 0 0 0 0 0 0 0 
0.2874 0.06 0.0067 0.0004 0 0 0 0 0 0 0 0 0 0 0 0 0 0 
0.18125 0.0192 0.00085 0.00015 0 0 0 0 0 0 0 0 0 0 0 0 0 0 
0.10805 0.0064 0.00025 5e-05 0 0 0 0 0 0 0 0 0 0 0 0 0 0 
0.05775 0.001 0 0 0 0 0 0 0 0 0 0 0 0 0 0 0 0 
0.0308 0.00015 0 0 0 0 0 0 0 0 0 0 0 0 0 0 0 0 
0.01435 0.00025 5e-05 0 0 0 0 0 0 0 0 0 0 0 0 0 0 0 
0.0067 0.00015 0 0 0 0 0 0 0 0 0 0 0 0 0 0 0 0 
0.00185 0 0 0 0 0 0 0 0 0 0 0 0 0 0 0 0 0 
0.00095 0 0 0 0 0 0 0 0 0 0 0 0 0 0 0 0 0 
0.00025 0 0 0 0 0 0 0 0 0 0 0 0 0 0 0 0 0 
5e-05 0 0 0 0 0 0 0 0 0 0 0 0 0 0 0 0 0 
0 0 0 0 0 0 0 0 0 0 0 0 0 0 0 0 0 0 
0 0 0 0 0 0 0 0 0 0 0 0 0 0 0 0 0 0 
1 0.9983 0.9954 0.98355 0.96805 0.94735 0.9205 0.88715 0.8499 0.8038 0.75555 0.70215 0.64175 0.58335 0.51415 0.44035 0.358 0.2585 
0.712 0.3921 0.25245 0.1517 0.09295 0.05385 0.02945 0.0148 0.00525 0.00145 0.0002 5e-05 0 0 0 0 0 0 
0.55075 0.18135 0.073 0.01855 0.00335 0.00045 0 0 0 0 0 0 0 0 0 0 0 0 
0.4364 0.09805 0.02345 0.00235 0 0 0 0 0 0 0 0 0 0 0 0 0 0 
0.3379 0.04755 0.00565 5e-05 0 0 0 0 0 0 0 0 0 0 0 0 0 0 
0.2638 0.0202 0.00125 0 0 0 0 0 0 0 0 0 0 0 0 0 0 0 
0.1979 0.0077 0.00015 5e-05 0 0 0 0 0 0 0 0 0 0 0 0 0 0 
0.14585 0.0021 0 0 0 0 0 0 0 0 0 0 0 0 0 0 0 0 
0.10255 0.00035 0 0 0 0 0 0 0 0 0 0 0 0 0 0 0 0 
0.0688 0 0 0 0 0 0 0 0 0 0 0 0 0 0 0 0 0 
0.0444 0 0 0 0 0 0 0 0 0 0 0 0 0 0 0 0 0 
0.02585 0 0 0 0 0 0 0 0 0 0 0 0 0 0 0 0 0 
0.0149 0 0 0 0 0 0 0 0 0 0 0 0 0 0 0 0 0 
0.0073 0 0 0 0 0 0 0 0 0 0 0 0 0 0 0 0 0 
0.00285 0 0 0 0 0 0 0 0 0 0 0 0 0 0 0 0 0 
0.00095 0 0 0 0 0 0 0 0 0 0 0 0 0 0 0 0 0 
0.00015 0 0 0 0 0 0 0 0 0 0 0 0 0 0 0 0 0 
0 0 0 0 0 0 0 0 0 0 0 0 0 0 0 0 0 0 
1 0.9983 0.99515 0.98405 0.97125 0.95575 0.93155 0.90685 0.8722 0.83165 0.78585 0.73235 0.67365 0.60695 0.53125 0.44715 0.34515 0.2333 
0.73935 0.30325 0.16295 0.08995 0.05155 0.029 0.0157 0.00705 0.0025 0.0007 0.0001 0 0 0 0 0 0 0 
0.58335 0.11635 0.0319 0.0067 0.0016 0.00025 0 0 0 0 0 0 0 0 0 0 0 0 
0.46725 0.05745 0.00905 0.0006 0 0 0 0 0 0 0 0 0 0 0 0 0 0 
0.3799 0.02715 0.00195 5e-05 0 0 0 0 0 0 0 0 0 0 0 0 0 0 
0.3024 0.0116 0.0006 0 0 0 0 0 0 0 0 0 0 0 0 0 0 0 
0.2362 0.0038 0 0 0 0 0 0 0 0 0 0 0 0 0 0 0 0 
0.1766 0.001 0 0 0 0 0 0 0 0 0 0 0 0 0 0 0 0 
0.13205 0.00015 0 0 0 0 0 0 0 0 0 0 0 0 0 0 0 0 
0.09515 0.00015 0 0 0 0 0 0 0 0 0 0 0 0 0 0 0 0 
0.06585 0 0 0 0 0 0 0 0 0 0 0 0 0 0 0 0 0 
0.0405 0 0 0 0 0 0 0 0 0 0 0 0 0 0 0 0 0 
0.0244 0 0 0 0 0 0 0 0 0 0 0 0 0 0 0 0 0 
0.0131 0 0 0 0 0 0 0 0 0 0 0 0 0 0 0 0 0 
0.00555 0 0 0 0 0 0 0 0 0 0 0 0 0 0 0 0 0 
0.00245 0 0 0 0 0 0 0 0 0 0 0 0 0 0 0 0 0 
0.0004 0 0 0 0 0 0 0 0 0 0 0 0 0 0 0 0 0 
0 0 0 0 0 0 0 0 0 0 0 0 0 0 0 0 0 0 
1 0.99865 0.99715 0.99075 0.9848 0.9739 0.96505 0.95225 0.937 0.91325 0.88835 0.8592 0.81895 0.77135 0.72015 0.6508 0.5587 0.42055 
0.57235 0.00305 0.0005 0.00045 0.00025 0.0001 0 0 0 0 0 0 0 0 0 0 0 0 
0.43625 0.00035 0 0 0 0 0 0 0 0 0 0 0 0 0 0 0 0 
0.35275 0.00035 0 0 0 0 0 0 0 0 0 0 0 0 0 0 0 0 
0.2861 0.0001 0 0 0 0 0 0 0 0 0 0 0 0 0 0 0 0 
0.23435 5e-05 0 0 0 0 0 0 0 0 0 0 0 0 0 0 0 0 
0.1885 0 0 0 0 0 0 0 0 0 0 0 0 0 0 0 0 0 
0.1517 0 0 0 0 0 0 0 0 0 0 0 0 0 0 0 0 0 
0.1159 0 0 0 0 0 0 0 0 0 0 0 0 0 0 0 0 0 
0.0862 0 0 0 0 0 0 0 0 0 0 0 0 0 0 0 0 0 
0.0649 0 0 0 0 0 0 0 0 0 0 0 0 0 0 0 0 0 
0.0456 0 0 0 0 0 0 0 0 0 0 0 0 0 0 0 0 0 
0.0296 0 0 0 0 0 0 0 0 0 0 0 0 0 0 0 0 0 
0.0171 0 0 0 0 0 0 0 0 0 0 0 0 0 0 0 0 0 
0.0082 0 0 0 0 0 0 0 0 0 0 0 0 0 0 0 0 0 
0.00325 0 0 0 0 0 0 0 0 0 0 0 0 0 0 0 0 0 
0.00105 0 0 0 0 0 0 0 0 0 0 0 0 0 0 0 0 0 
0.00015 0 0 0 0 0 0 0 0 0 0 0 0 0 0 0 0 0 
1 0.9978 0.9958 0.98565 0.9736 0.95905 0.941 0.91455 0.8833 0.8412 0.79675 0.73755 0.6705 0.59695 0.5176 0.42465 0.31795 0.1958 
0.78045 0.2148 0.0965 0.0472 0.0253 0.01535 0.00795 0.0042 0.00145 0.0005 5e-05 0 0 0 0 0 0 0 
0.6327 0.0714 0.01255 0.0025 0.00045 5e-05 0 0 0 0 0 0 0 0 0 0 0 0 
0.5214 0.0323 0.00315 0.00015 0 0 0 0 0 0 0 0 0 0 0 0 0 0 
0.4303 0.01405 0.00055 0 0 0 0 0 0 0 0 0 0 0 0 0 0 0 
0.3514 0.006 0 0 0 0 0 0 0 0 0 0 0 0 0 0 0 0 
0.28445 0.00215 0 0 0 0 0 0 0 0 0 0 0 0 0 0 0 0 
0.2178 0.00045 0 0 0 0 0 0 0 0 0 0 0 0 0 0 0 0 
0.16605 0.0001 0 0 0 0 0 0 0 0 0 0 0 0 0 0 0 0 
0.11955 0 0 0 0 0 0 0 0 0 0 0 0 0 0 0 0 0 
0.0803 0 0 0 0 0 0 0 0 0 0 0 0 0 0 0 0 0 
0.05115 0 0 0 0 0 0 0 0 0 0 0 0 0 0 0 0 0 
0.0302 0 0 0 0 0 0 0 0 0 0 0 0 0 0 0 0 0 
0.01575 0 0 0 0 0 0 0 0 0 0 0 0 0 0 0 0 0 
0.00655 0 0 0 0 0 0 0 0 0 0 0 0 0 0 0 0 0 
0.0025 0 0 0 0 0 0 0 0 0 0 0 0 0 0 0 0 0 
0.00055 0 0 0 0 0 0 0 0 0 0 0 0 0 0 0 0 0 
5e-05 0 0 0 0 0 0 0 0 0 0 0 0 0 0 0 0 0 
1 0.99825 0.9968 0.9896 0.98245 0.971 0.96185 0.94735 0.928 0.9048 0.87665 0.83965 0.79715 0.74655 0.6839 0.60885 0.50975 0.36365 
0.62455 0.00055 0.0001 5e-05 0 0 0 0 0 0 0 0 0 0 0 0 0 0 
0.48685 0 0 0 0 0 0 0 0 0 0 0 0 0 0 0 0 0 
0.39645 0 0 0 0 0 0 0 0 0 0 0 0 0 0 0 0 0 
0.3231 0 0 0 0 0 0 0 0 0 0 0 0 0 0 0 0 0 
0.26535 0 0 0 0 0 0 0 0 0 0 0 0 0 0 0 0 0 
0.21435 0 0 0 0 0 0 0 0 0 0 0 0 0 0 0 0 0 
0.1696 0 0 0 0 0 0 0 0 0 0 0 0 0 0 0 0 0 
0.1309 0 0 0 0 0 0 0 0 0 0 0 0 0 0 0 0 0 
0.09825 0 0 0 0 0 0 0 0 0 0 0 0 0 0 0 0 0 
0.0702 0 0 0 0 0 0 0 0 0 0 0 0 0 0 0 0 0 
0.0492 0 0 0 0 0 0 0 0 0 0 0 0 0 0 0 0 0 
0.0322 0 0 0 0 0 0 0 0 0 0 0 0 0 0 0 0 0 
0.0183 0 0 0 0 0 0 0 0 0 0 0 0 0 0 0 0 0 
0.00925 0 0 0 0 0 0 0 0 0 0 0 0 0 0 0 0 0 
0.00365 0 0 0 0 0 0 0 0 0 0 0 0 0 0 0 0 0 
0.00085 0 0 0 0 0 0 0 0 0 0 0 0 0 0 0 0 0 
0 0 0 0 0 0 0 0 0 0 0 0 0 0 0 0 0 0 
1 0.99875 0.99655 0.99025 0.9823 0.97355 0.9603 0.94575 0.93125 0.9052 0.8779 0.84565 0.80255 0.75275 0.6894 0.6109 0.5133 0.363 
0.6246 0.0003 5e-05 0 0 0 0 0 0 0 0 0 0 0 0 0 0 0 
0.48235 5e-05 5e-05 0 0 0 0 0 0 0 0 0 0 0 0 0 0 0 
0.3919 5e-05 0 0 0 0 0 0 0 0 0 0 0 0 0 0 0 0 
0.3198 0 0 0 0 0 0 0 0 0 0 0 0 0 0 0 0 0 
0.25705 0 0 0 0 0 0 0 0 0 0 0 0 0 0 0 0 0 
0.21025 0 0 0 0 0 0 0 0 0 0 0 0 0 0 0 0 0 
0.16635 0 0 0 0 0 0 0 0 0 0 0 0 0 0 0 0 0 
0.12665 0 0 0 0 0 0 0 0 0 0 0 0 0 0 0 0 0 
0.0973 0 0 0 0 0 0 0 0 0 0 0 0 0 0 0 0 0 
0.06855 0 0 0 0 0 0 0 0 0 0 0 0 0 0 0 0 0 
0.04935 0 0 0 0 0 0 0 0 0 0 0 0 0 0 0 0 0 
0.03135 0 0 0 0 0 0 0 0 0 0 0 0 0 0 0 0 0 
0.01945 0 0 0 0 0 0 0 0 0 0 0 0 0 0 0 0 0 
0.0097 0 0 0 0 0 0 0 0 0 0 0 0 0 0 0 0 0 
0.004 0 0 0 0 0 0 0 0 0 0 0 0 0 0 0 0 0 
0.00135 0 0 0 0 0 0 0 0 0 0 0 0 0 0 0 0 0 
0.00015 0 0 0 0 0 0 0 0 0 0 0 0 0 0 0 0 0 
1 0.9988 0.99755 0.99325 0.9873 0.97825 0.97285 0.96345 0.95065 0.9336 0.91605 0.8939 0.86615 0.83315 0.7891 0.733 0.6562 0.5314 
0.4639 0 0 0 0 0 0 0 0 0 0 0 0 0 0 0 0 0 
0.34355 0 0 0 0 0 0 0 0 0 0 0 0 0 0 0 0 0 
0.27215 0 0 0 0 0 0 0 0 0 0 0 0 0 0 0 0 0 
0.218 0 0 0 0 0 0 0 0 0 0 0 0 0 0 0 0 0 
0.17315 0 0 0 0 0 0 0 0 0 0 0 0 0 0 0 0 0 
0.142 0 0 0 0 0 0 0 0 0 0 0 0 0 0 0 0 0 
0.11015 0 0 0 0 0 0 0 0 0 0 0 0 0 0 0 0 0 
0.0864 0 0 0 0 0 0 0 0 0 0 0 0 0 0 0 0 0 
0.06695 0 0 0 0 0 0 0 0 0 0 0 0 0 0 0 0 0 
0.0471 0 0 0 0 0 0 0 0 0 0 0 0 0 0 0 0 0 
0.03425 0 0 0 0 0 0 0 0 0 0 0 0 0 0 0 0 0 
0.0234 0 0 0 0 0 0 0 0 0 0 0 0 0 0 0 0 0 
0.0136 0 0 0 0 0 0 0 0 0 0 0 0 0 0 0 0 0 
0.0066 0 0 0 0 0 0 0 0 0 0 0 0 0 0 0 0 0 
0.00345 0 0 0 0 0 0 0 0 0 0 0 0 0 0 0 0 0 
0.00065 0 0 0 0 0 0 0 0 0 0 0 0 0 0 0 0 0 
5e-05 0 0 0 0 0 0 0 0 0 0 0 0 0 0 0 0 0 
1 0.9964 0.9904 0.9671 0.9038 0.8582 0.7688 0.6803 0.5656 0.4683 0.3678 0.2935 0.2222 0.1792 0.1311 0.0995 0.0662 0.046 
0.9231 0.8747 0.7853 0.6531 0.4209 0.2742 0.146 0.0766 0.024 0.0081 0.004 0.0025 0.0006 0.0003 0.0001 0.0001 0.0001 0 
0.7411 0.5808 0.3342 0.1384 0.0184 0.0064 0.0009 0.0006 0 0 0 0 0 0 0 0 0 0 
0.5861 0.3474 0.1258 0.0297 0.0018 0.0004 0.0001 0 0 0 0 0 0 0 0 0 0 0 
0.407 0.1566 0.0285 0.0043 0 0 0 0 0 0 0 0 0 0 0 0 0 0 
0.2693 0.0606 0.007 0.0009 0 0 0 0 0 0 0 0 0 0 0 0 0 0 
0.1584 0.0173 0.0007 0.0001 0 0 0 0 0 0 0 0 0 0 0 0 0 0 
0.0869 0.0043 0.0003 0 0 0 0 0 0 0 0 0 0 0 0 0 0 0 
0.0466 0.0011 0.0001 0.0001 0 0 0 0 0 0 0 0 0 0 0 0 0 0 
0.0237 0.0003 0 0 0 0 0 0 0 0 0 0 0 0 0 0 0 0 
0.0092 0.0002 0 0 0 0 0 0 0 0 0 0 0 0 0 0 0 0 
0.0046 0 0 0 0 0 0 0 0 0 0 0 0 0 0 0 0 0 
0.0015 0 0 0 0 0 0 0 0 0 0 0 0 0 0 0 0 0 
0.0002 0 0 0 0 0 0 0 0 0 0 0 0 0 0 0 0 0 
0 0 0 0 0 0 0 0 0 0 0 0 0 0 0 0 0 0 
0 0 0 0 0 0 0 0 0 0 0 0 0 0 0 0 0 0 
0 0 0 0 0 0 0 0 0 0 0 0 0 0 0 0 0 0 
0 0 0 0 0 0 0 0 0 0 0 0 0 0 0 0 0 0 
1 0.9976 0.9946 0.9707 0.9368 0.8961 0.838 0.7637 0.6937 0.6068 0.5382 0.4629 0.4001 0.3357 0.2824 0.2292 0.1755 0.1239 
0.8415 0.6929 0.5494 0.3762 0.2385 0.1428 0.0759 0.0336 0.0116 0.0027 0.0005 0.0001 0.0001 0 0 0 0 0 
0.6911 0.4293 0.2258 0.0711 0.0129 0.0015 0.0001 0 0 0 0 0 0 0 0 0 0 0 
0.5535 0.2523 0.0852 0.0097 0.0002 0 0 0 0 0 0 0 0 0 0 0 0 0 
0.4205 0.1291 0.0205 0.0007 0 0 0 0 0 0 0 0 0 0 0 0 0 0 
0.2998 0.0512 0.0046 0.0001 0 0 0 0 0 0 0 0 0 0 0 0 0 0 
0.2016 0.0153 0.0002 0 0 0 0 0 0 0 0 0 0 0 0 0 0 0 
0.1303 0.0039 0.0001 0 0 0 0 0 0 0 0 0 0 0 0 0 0 0 
0.0793 0.0006 0 0 0 0 0 0 0 0 0 0 0 0 0 0 0 0 
0.0476 0.0001 0 0 0 0 0 0 0 0 0 0 0 0 0 0 0 0 
0.0255 0.0001 0 0 0 0 0 0 0 0 0 0 0 0 0 0 0 0 
0.0139 0 0 0 0 0 0 0 0 0 0 0 0 0 0 0 0 0 
0.0065 0 0 0 0 0 0 0 0 0 0 0 0 0 0 0 0 0 
0.0025 0 0 0 0 0 0 0 0 0 0 0 0 0 0 0 0 0 
0.0009 0 0 0 0 0 0 0 0 0 0 0 0 0 0 0 0 0 
0.0007 0 0 0 0 0 0 0 0 0 0 0 0 0 0 0 0 0 
0 0 0 0 0 0 0 0 0 0 0 0 0 0 0 0 0 0 
0 0 0 0 0 0 0 0 0 0 0 0 0 0 0 0 0 0 
1 0.9975 0.9947 0.974 0.9525 0.9199 0.8735 0.8222 0.7622 0.6964 0.6342 0.5664 0.4976 0.4345 0.3699 0.3066 0.2347 0.165 
0.8022 0.6035 0.4562 0.3041 0.1936 0.1165 0.0599 0.0282 0.0102 0.0024 0.0004 0.0001 0.0001 0 0 0 0 0 
0.6229 0.3303 0.1526 0.0451 0.0073 0.0017 0.0001 0 0 0 0 0 0 0 0 0 0 0 
0.4833 0.1788 0.053 0.0054 0 0 0 0 0 0 0 0 0 0 0 0 0 0 
0.372 0.0885 0.0128 0.0002 0 0 0 0 0 0 0 0 0 0 0 0 0 0 
0.277 0.0356 0.0024 0.0001 0 0 0 0 0 0 0 0 0 0 0 0 0 0 
0.197 0.0114 0.0006 0.0002 0 0 0 0 0 0 0 0 0 0 0 0 0 0 
0.1311 0.0033 0 0 0 0 0 0 0 0 0 0 0 0 0 0 0 0 
0.0877 0.0002 0 0 0 0 0 0 0 0 0 0 0 0 0 0 0 0 
0.0545 0 0 0 0 0 0 0 0 0 0 0 0 0 0 0 0 0 
0.0317 0 0 0 0 0 0 0 0 0 0 0 0 0 0 0 0 0 
0.0185 0 0 0 0 0 0 0 0 0 0 0 0 0 0 0 0 0 
0.009 0 0 0 0 0 0 0 0 0 0 0 0 0 0 0 0 0 
0.0041 0 0 0 0 0 0 0 0 0 0 0 0 0 0 0 0 0 
0.0017 0 0 0 0 0 0 0 0 0 0 0 0 0 0 0 0 0 
0.0005 0 0 0 0 0 0 0 0 0 0 0 0 0 0 0 0 0 
0.0002 0 0 0 0 0 0 0 0 0 0 0 0 0 0 0 0 0 
0 0 0 0 0 0 0 0 0 0 0 0 0 0 0 0 0 0 
1 0.9988 0.9965 0.9923 0.9837 0.9739 0.9656 0.9503 0.9313 0.9058 0.8791 0.8506 0.8096 0.7668 0.7109 0.6458 0.5576 0.4242 
0.5674 0.0674 0.0303 0.0147 0.0081 0.0046 0.0021 0.001 0.0003 0.0001 0 0 0 0 0 0 0 0 
0.4245 0.0226 0.0051 0.0007 0.0002 0.0001 0 0 0 0 0 0 0 0 0 0 0 0 
0.3409 0.0102 0.0006 0 0 0 0 0 0 0 0 0 0 0 0 0 0 0 
0.2742 0.0051 0.0002 0 0 0 0 0 0 0 0 0 0 0 0 0 0 0 
0.2251 0.002 0.0001 0 0 0 0 0 0 0 0 0 0 0 0 0 0 0 
0.1798 0.0006 0 0 0 0 0 0 0 0 0 0 0 0 0 0 0 0 
0.1413 0.0002 0 0 0 0 0 0 0 0 0 0 0 0 0 0 0 0 
0.1051 0 0 0 0 0 0 0 0 0 0 0 0 0 0 0 0 0 
0.0812 0 0 0 0 0 0 0 0 0 0 0 0 0 0 0 0 0 
0.0566 0 0 0 0 0 0 0 0 0 0 0 0 0 0 0 0 0 
0.0393 0 0 0 0 0 0 0 0 0 0 0 0 0 0 0 0 0 
0.0227 0 0 0 0 0 0 0 0 0 0 0 0 0 0 0 0 0 
0.0123 0 0 0 0 0 0 0 0 0 0 0 0 0 0 0 0 0 
0.0065 0 0 0 0 0 0 0 0 0 0 0 0 0 0 0 0 0 
0.003 0 0 0 0 0 0 0 0 0 0 0 0 0 0 0 0 0 
0.0008 0 0 0 0 0 0 0 0 0 0 0 0 0 0 0 0 0 
0.0002 0 0 0 0 0 0 0 0 0 0 0 0 0 0 0 0 0 
1 0.9975 0.9934 0.9794 0.96 0.938 0.9043 0.8673 0.8171 0.7631 0.7035 0.6352 0.5672 0.4868 0.4084 0.3303 0.245 0.1599 
0.8069 0.5014 0.319 0.1948 0.1188 0.0681 0.0357 0.0162 0.0061 0.0017 0.0004 0.0003 0 0 0 0 0 0 
0.6466 0.2316 0.0826 0.0213 0.0037 0.0008 0 0 0 0 0 0 0 0 0 0 0 0 
0.5179 0.1178 0.0235 0.0021 0 0 0 0 0 0 0 0 0 0 0 0 0 0 
0.4077 0.0535 0.0046 0.0002 0 0 0 0 0 0 0 0 0 0 0 0 0 0 
0.3156 0.0233 0.0013 0 0 0 0 0 0 0 0 0 0 0 0 0 0 0 
0.2325 0.0076 0.0001 0 0 0 0 0 0 0 0 0 0 0 0 0 0 0 
0.1681 0.0019 0 0 0 0 0 0 0 0 0 0 0 0 0 0 0 0 
0.1166 0.0004 0 0 0 0 0 0 0 0 0 0 0 0 0 0 0 0 
0.0768 0 0 0 0 0 0 0 0 0 0 0 0 0 0 0 0 0 
0.0515 0 0 0 0 0 0 0 0 0 0 0 0 0 0 0 0 0 
0.0328 0 0 0 0 0 0 0 0 0 0 0 0 0 0 0 0 0 
0.018 0 0 0 0 0 0 0 0 0 0 0 0 0 0 0 0 0 
0.0085 0 0 0 0 0 0 0 0 0 0 0 0 0 0 0 0 0 
0.004 0 0 0 0 0 0 0 0 0 0 0 0 0 0 0 0 0 
0.0012 0 0 0 0 0 0 0 0 0 0 0 0 0 0 0 0 0 
0.0001 0 0 0 0 0 0 0 0 0 0 0 0 0 0 0 0 0 
0 0 0 0 0 0 0 0 0 0 0 0 0 0 0 0 0 0 
1 0.9983 0.9972 0.989 0.9835 0.9705 0.9597 0.9421 0.9243 0.9028 0.8759 0.844 0.7995 0.755 0.6902 0.6091 0.5086 0.3628 
0.6282 0.0166 0.0055 0.0024 0.0011 0.0006 0.0005 0.0002 0.0001 0 0.0001 0 0 0 0 0 0 0 
0.4849 0.0033 0.0002 0.0001 0 0 0 0 0 0 0 0 0 0 0 0 0 0 
0.3872 0.0007 0.0001 0 0 0 0 0 0 0 0 0 0 0 0 0 0 0 
0.3173 0.0005 0 0 0 0 0 0 0 0 0 0 0 0 0 0 0 0 
0.2577 0.0002 0 0 0 0 0 0 0 0 0 0 0 0 0 0 0 0 
0.2093 0 0 0 0 0 0 0 0 0 0 0 0 0 0 0 0 0 
0.1627 0 0 0 0 0 0 0 0 0 0 0 0 0 0 0 0 0 
0.1256 0 0 0 0 0 0 0 0 0 0 0 0 0 0 0 0 0 
0.0939 0 0 0 0 0 0 0 0 0 0 0 0 0 0 0 0 0 
0.0689 0 0 0 0 0 0 0 0 0 0 0 0 0 0 0 0 0 
0.0498 0 0 0 0 0 0 0 0 0 0 0 0 0 0 0 0 0 
0.0324 0 0 0 0 0 0 0 0 0 0 0 0 0 0 0 0 0 
0.0211 0 0 0 0 0 0 0 0 0 0 0 0 0 0 0 0 0 
0.0111 0 0 0 0 0 0 0 0 0 0 0 0 0 0 0 0 0 
0.004 0 0 0 0 0 0 0 0 0 0 0 0 0 0 0 0 0 
0.001 0 0 0 0 0 0 0 0 0 0 0 0 0 0 0 0 0 
0.0002 0 0 0 0 0 0 0 0 0 0 0 0 0 0 0 0 0 
1 0.9984 0.9977 0.9927 0.9822 0.9732 0.96 0.944 0.9267 0.9043 0.8724 0.8369 0.7922 0.7377 0.6781 0.594 0.4924 0.341 
0.6455 0.0092 0.002 0.001 0.0006 0.0004 0.0002 0 0 0 0 0 0 0 0 0 0 0 
0.5041 0.0014 0 0 0 0 0 0 0 0 0 0 0 0 0 0 0 0 
0.4024 0.0006 0 0 0 0 0 0 0 0 0 0 0 0 0 0 0 0 
0.3341 0.0002 0 0 0 0 0 0 0 0 0 0 0 0 0 0 0 0 
0.2707 0.0001 0 0 0 0 0 0 0 0 0 0 0 0 0 0 0 0 
0.2155 0 0 0 0 0 0 0 0 0 0 0 0 0 0 0 0 0 
0.1733 0 0 0 0 0 0 0 0 0 0 0 0 0 0 0 0 0 
0.1313 0 0 0 0 0 0 0 0 0 0 0 0 0 0 0 0 0 
0.1016 0 0 0 0 0 0 0 0 0 0 0 0 0 0 0 0 0 
0.0731 0 0 0 0 0 0 0 0 0 0 0 0 0 0 0 0 0 
0.0504 0 0 0 0 0 0 0 0 0 0 0 0 0 0 0 0 0 
0.0307 0 0 0 0 0 0 0 0 0 0 0 0 0 0 0 0 0 
0.0166 0 0 0 0 0 0 0 0 0 0 0 0 0 0 0 0 0 
0.0082 0 0 0 0 0 0 0 0 0 0 0 0 0 0 0 0 0 
0.0024 0 0 0 0 0 0 0 0 0 0 0 0 0 0 0 0 0 
0.0004 0 0 0 0 0 0 0 0 0 0 0 0 0 0 0 0 0 
0.0001 0 0 0 0 0 0 0 0 0 0 0 0 0 0 0 0 0 
1 0.9995 0.997 0.9926 0.9861 0.9798 0.97 0.9598 0.9463 0.9298 0.9081 0.8884 0.8529 0.8181 0.7726 0.7127 0.6351 0.4959 
0.4983 0 0 0 0 0 0 0 0 0 0 0 0 0 0 0 0 0 
0.3675 0 0 0 0 0 0 0 0 0 0 0 0 0 0 0 0 0 
0.2936 0 0 0 0 0 0 0 0 0 0 0 0 0 0 0 0 0 
0.2332 0 0 0 0 0 0 0 0 0 0 0 0 0 0 0 0 0 
0.1865 0 0 0 0 0 0 0 0 0 0 0 0 0 0 0 0 0 
0.154 0 0 0 0 0 0 0 0 0 0 0 0 0 0 0 0 0 
0.1227 0 0 0 0 0 0 0 0 0 0 0 0 0 0 0 0 0 
0.0946 0 0 0 0 0 0 0 0 0 0 0 0 0 0 0 0 0 
0.0701 0 0 0 0 0 0 0 0 0 0 0 0 0 0 0 0 0 
0.0506 0 0 0 0 0 0 0 0 0 0 0 0 0 0 0 0 0 
0.0366 0 0 0 0 0 0 0 0 0 0 0 0 0 0 0 0 0 
0.0231 0 0 0 0 0 0 0 0 0 0 0 0 0 0 0 0 0 
0.0132 0 0 0 0 0 0 0 0 0 0 0 0 0 0 0 0 0 
0.0068 0 0 0 0 0 0 0 0 0 0 0 0 0 0 0 0 0 
0.0035 0 0 0 0 0 0 0 0 0 0 0 0 0 0 0 0 0 
0.0009 0 0 0 0 0 0 0 0 0 0 0 0 0 0 0 0 0 
0.0001 0 0 0 0 0 0 0 0 0 0 0 0 0 0 0 0 0 
1 0.9974 0.9942 0.9821 0.9659 0.9484 0.9188 0.8873 0.8443 0.7913 0.7349 0.6568 0.5869 0.5021 0.4109 0.3211 0.2259 0.1285 
0.8361 0.3884 0.2021 0.107 0.0588 0.0338 0.017 0.008 0.0018 0.0007 0.0001 0 0 0 0 0 0 0 
0.6935 0.1562 0.0383 0.0066 0.0009 0.0004 0.0001 0 0 0 0 0 0 0 0 0 0 0 
0.5779 0.0757 0.0097 0.0013 0 0 0 0 0 0 0 0 0 0 0 0 0 0 
0.4728 0.0341 0.0013 0 0 0 0 0 0 0 0 0 0 0 0 0 0 0 
0.3822 0.014 0.0002 0 0 0 0 0 0 0 0 0 0 0 0 0 0 0 
0.299 0.0053 0 0 0 0 0 0 0 0 0 0 0 0 0 0 0 0 
0.2266 0.0022 0 0 0 0 0 0 0 0 0 0 0 0 0 0 0 0 
0.168 0.0004 0 0 0 0 0 0 0 0 0 0 0 0 0 0 0 0 
0.1142 0.0001 0 0 0 0 0 0 0 0 0 0 0 0 0 0 0 0 
0.0758 0 0 0 0 0 0 0 0 0 0 0 0 0 0 0 0 0 
0.047 0 0 0 0 0 0 0 0 0 0 0 0 0 0 0 0 0 
0.0268 0 0 0 0 0 0 0 0 0 0 0 0 0 0 0 0 0 
0.0124 0 0 0 0 0 0 0 0 0 0 0 0 0 0 0 0 0 
0.0047 0 0 0 0 0 0 0 0 0 0 0 0 0 0 0 0 0 
0.0016 0 0 0 0 0 0 0 0 0 0 0 0 0 0 0 0 0 
0.0001 0 0 0 0 0 0 0 0 0 0 0 0 0 0 0 0 0 
0 0 0 0 0 0 0 0 0 0 0 0 0 0 0 0 0 0 
1 0.9981 0.996 0.9895 0.9793 0.9692 0.9535 0.9361 0.912 0.8912 0.8554 0.8181 0.7665 0.7049 0.6371 0.5507 0.4416 0.2892 
0.698 0.0051 0.0006 0.0003 0.0003 0.0001 0 0 0 0 0 0 0 0 0 0 0 0 
0.5504 0.0004 0 0 0 0 0 0 0 0 0 0 0 0 0 0 0 0 
0.454 0.0001 0 0 0 0 0 0 0 0 0 0 0 0 0 0 0 0 
0.3739 0 0 0 0 0 0 0 0 0 0 0 0 0 0 0 0 0 
0.3057 0 0 0 0 0 0 0 0 0 0 0 0 0 0 0 0 0 
0.2491 0 0 0 0 0 0 0 0 0 0 0 0 0 0 0 0 0 
0.1982 0 0 0 0 0 0 0 0 0 0 0 0 0 0 0 0 0 
0.149 0 0 0 0 0 0 0 0 0 0 0 0 0 0 0 0 0 
0.1142 0 0 0 0 0 0 0 0 0 0 0 0 0 0 0 0 0 
0.0825 0 0 0 0 0 0 0 0 0 0 0 0 0 0 0 0 0 
0.0558 0 0 0 0 0 0 0 0 0 0 0 0 0 0 0 0 0 
0.0369 0 0 0 0 0 0 0 0 0 0 0 0 0 0 0 0 0 
0.0224 0 0 0 0 0 0 0 0 0 0 0 0 0 0 0 0 0 
0.0107 0 0 0 0 0 0 0 0 0 0 0 0 0 0 0 0 0 
0.0033 0 0 0 0 0 0 0 0 0 0 0 0 0 0 0 0 0 
0.0006 0 0 0 0 0 0 0 0 0 0 0 0 0 0 0 0 0 
0 0 0 0 0 0 0 0 0 0 0 0 0 0 0 0 0 0 
1 0.9979 0.9972 0.9873 0.9801 0.9703 0.9548 0.9373 0.9172 0.8894 0.8568 0.8109 0.7653 0.7059 0.629 0.5407 0.4261 0.2785 
0.7045 0.0022 0.0003 0.0001 0 0 0 0 0 0 0 0 0 0 0 0 0 0 
0.568 0.0001 0 0 0 0 0 0 0 0 0 0 0 0 0 0 0 0 
0.46 0 0 0 0 0 0 0 0 0 0 0 0 0 0 0 0 0 
0.3794 0 0 0 0 0 0 0 0 0 0 0 0 0 0 0 0 0 
0.3078 0 0 0 0 0 0 0 0 0 0 0 0 0 0 0 0 0 
0.2525 0 0 0 0 0 0 0 0 0 0 0 0 0 0 0 0 0 
0.1987 0 0 0 0 0 0 0 0 0 0 0 0 0 0 0 0 0 
0.1563 0 0 0 0 0 0 0 0 0 0 0 0 0 0 0 0 0 
0.1165 0 0 0 0 0 0 0 0 0 0 0 0 0 0 0 0 0 
0.081 0 0 0 0 0 0 0 0 0 0 0 0 0 0 0 0 0 
0.0551 0 0 0 0 0 0 0 0 0 0 0 0 0 0 0 0 0 
0.0368 0 0 0 0 0 0 0 0 0 0 0 0 0 0 0 0 0 
0.0212 0 0 0 0 0 0 0 0 0 0 0 0 0 0 0 0 0 
0.0111 0 0 0 0 0 0 0 0 0 0 0 0 0 0 0 0 0 
0.0031 0 0 0 0 0 0 0 0 0 0 0 0 0 0 0 0 0 
0.0006 0 0 0 0 0 0 0 0 0 0 0 0 0 0 0 0 0 
0 0 0 0 0 0 0 0 0 0 0 0 0 0 0 0 0 0 
1 0.9984 0.9973 0.9913 0.9834 0.9762 0.9644 0.9519 0.9369 0.9172 0.8941 0.8663 0.8288 0.7902 0.7384 0.6741 0.5844 0.4417 
0.5509 0 0 0 0 0 0 0 0 0 0 0 0 0 0 0 0 0 
0.4148 0 0 0 0 0 0 0 0 0 0 0 0 0 0 0 0 0 
0.329 0 0 0 0 0 0 0 0 0 0 0 0 0 0 0 0 0 
0.271 0 0 0 0 0 0 0 0 0 0 0 0 0 0 0 0 0 
0.2205 0 0 0 0 0 0 0 0 0 0 0 0 0 0 0 0 0 
0.1793 0 0 0 0 0 0 0 0 0 0 0 0 0 0 0 0 0 
0.1431 0 0 0 0 0 0 0 0 0 0 0 0 0 0 0 0 0 
0.1112 0 0 0 0 0 0 0 0 0 0 0 0 0 0 0 0 0 
0.0822 0 0 0 0 0 0 0 0 0 0 0 0 0 0 0 0 0 
0.0626 0 0 0 0 0 0 0 0 0 0 0 0 0 0 0 0 0 
0.0441 0 0 0 0 0 0 0 0 0 0 0 0 0 0 0 0 0 
0.0282 0 0 0 0 0 0 0 0 0 0 0 0 0 0 0 0 0 
0.0162 0 0 0 0 0 0 0 0 0 0 0 0 0 0 0 0 0 
0.0084 0 0 0 0 0 0 0 0 0 0 0 0 0 0 0 0 0 
0.0032 0 0 0 0 0 0 0 0 0 0 0 0 0 0 0 0 0 
0.0003 0 0 0 0 0 0 0 0 0 0 0 0 0 0 0 0 0 
0 0 0 0 0 0 0 0 0 0 0 0 0 0 0 0 0 0 
1 0.9977 0.9965 0.9899 0.9809 0.9688 0.9538 0.9341 0.9123 0.8897 0.8527 0.8114 0.7633 0.7034 0.6315 0.5432 0.436 0.2901 
0.6982 0.0008 0 0 0 0 0 0 0 0 0 0 0 0 0 0 0 0 
0.5534 0 0 0 0 0 0 0 0 0 0 0 0 0 0 0 0 0 
0.4518 0 0 0 0 0 0 0 0 0 0 0 0 0 0 0 0 0 
0.3815 0 0 0 0 0 0 0 0 0 0 0 0 0 0 0 0 0 
0.312 0 0 0 0 0 0 0 0 0 0 0 0 0 0 0 0 0 
0.2547 0 0 0 0 0 0 0 0 0 0 0 0 0 0 0 0 0 
0.1983 0 0 0 0 0 0 0 0 0 0 0 0 0 0 0 0 0 
0.1578 0 0 0 0 0 0 0 0 0 0 0 0 0 0 0 0 0 
0.1171 0 0 0 0 0 0 0 0 0 0 0 0 0 0 0 0 0 
0.0848 0 0 0 0 0 0 0 0 0 0 0 0 0 0 0 0 0 
0.0587 0 0 0 0 0 0 0 0 0 0 0 0 0 0 0 0 0 
0.0379 0 0 0 0 0 0 0 0 0 0 0 0 0 0 0 0 0 
0.0217 0 0 0 0 0 0 0 0 0 0 0 0 0 0 0 0 0 
0.0114 0 0 0 0 0 0 0 0 0 0 0 0 0 0 0 0 0 
0.0038 0 0 0 0 0 0 0 0 0 0 0 0 0 0 0 0 0 
0.0008 0 0 0 0 0 0 0 0 0 0 0 0 0 0 0 0 0 
0 0 0 0 0 0 0 0 0 0 0 0 0 0 0 0 0 0 
1 0.9989 0.9968 0.9913 0.9863 0.9773 0.9679 0.9543 0.9412 0.9193 0.8981 0.8673 0.8355 0.792 0.7392 0.6695 0.5806 0.4466 
0.5441 0 0 0 0 0 0 0 0 0 0 0 0 0 0 0 0 0 
0.4142 0 0 0 0 0 0 0 0 0 0 0 0 0 0 0 0 0 
0.3303 0 0 0 0 0 0 0 0 0 0 0 0 0 0 0 0 0 
0.2721 0 0 0 0 0 0 0 0 0 0 0 0 0 0 0 0 0 
0.218 0 0 0 0 0 0 0 0 0 0 0 0 0 0 0 0 0 
0.1751 0 0 0 0 0 0 0 0 0 0 0 0 0 0 0 0 0 
0.1381 0 0 0 0 0 0 0 0 0 0 0 0 0 0 0 0 0 
0.1088 0 0 0 0 0 0 0 0 0 0 0 0 0 0 0 0 0 
0.0853 0 0 0 0 0 0 0 0 0 0 0 0 0 0 0 0 0 
0.059 0 0 0 0 0 0 0 0 0 0 0 0 0 0 0 0 0 
0.0389 0 0 0 0 0 0 0 0 0 0 0 0 0 0 0 0 0 
0.0257 0 0 0 0 0 0 0 0 0 0 0 0 0 0 0 0 0 
0.0155 0 0 0 0 0 0 0 0 0 0 0 0 0 0 0 0 0 
0.0081 0 0 0 0 0 0 0 0 0 0 0 0 0 0 0 0 0 
0.0037 0 0 0 0 0 0 0 0 0 0 0 0 0 0 0 0 0 
0.0009 0 0 0 0 0 0 0 0 0 0 0 0 0 0 0 0 0 
0.0001 0 0 0 0 0 0 0 0 0 0 0 0 0 0 0 0 0 
1 0.9985 0.9973 0.9909 0.9834 0.9757 0.9667 0.9525 0.9375 0.9181 0.8914 0.8639 0.8352 0.7942 0.7408 0.6754 0.5852 0.4444 
0.5463 0 0 0 0 0 0 0 0 0 0 0 0 0 0 0 0 0 
0.4134 0 0 0 0 0 0 0 0 0 0 0 0 0 0 0 0 0 
0.3309 0 0 0 0 0 0 0 0 0 0 0 0 0 0 0 0 0 
0.2704 0 0 0 0 0 0 0 0 0 0 0 0 0 0 0 0 0 
0.2191 0 0 0 0 0 0 0 0 0 0 0 0 0 0 0 0 0 
0.1747 0 0 0 0 0 0 0 0 0 0 0 0 0 0 0 0 0 
0.1367 0 0 0 0 0 0 0 0 0 0 0 0 0 0 0 0 0 
0.1098 0 0 0 0 0 0 0 0 0 0 0 0 0 0 0 0 0 
0.084 0 0 0 0 0 0 0 0 0 0 0 0 0 0 0 0 0 
0.0626 0 0 0 0 0 0 0 0 0 0 0 0 0 0 0 0 0 
0.0415 0 0 0 0 0 0 0 0 0 0 0 0 0 0 0 0 0 
0.0285 0 0 0 0 0 0 0 0 0 0 0 0 0 0 0 0 0 
0.0156 0 0 0 0 0 0 0 0 0 0 0 0 0 0 0 0 0 
0.0103 0 0 0 0 0 0 0 0 0 0 0 0 0 0 0 0 0 
0.0039 0 0 0 0 0 0 0 0 0 0 0 0 0 0 0 0 0 
0.001 0 0 0 0 0 0 0 0 0 0 0 0 0 0 0 0 0 
0.0002 0 0 0 0 0 0 0 0 0 0 0 0 0 0 0 0 0 
1 0.999 0.9975 0.9953 0.9894 0.9828 0.9757 0.9676 0.9576 0.9464 0.9294 0.913 0.8909 0.864 0.8274 0.7789 0.7152 0.6014 
0.3959 0 0 0 0 0 0 0 0 0 0 0 0 0 0 0 0 0 
0.2851 0 0 0 0 0 0 0 0 0 0 0 0 0 0 0 0 0 
0.2252 0 0 0 0 0 0 0 0 0 0 0 0 0 0 0 0 0 
0.1761 0 0 0 0 0 0 0 0 0 0 0 0 0 0 0 0 0 
0.1417 0 0 0 0 0 0 0 0 0 0 0 0 0 0 0 0 0 
0.1144 0 0 0 0 0 0 0 0 0 0 0 0 0 0 0 0 0 
0.089 0 0 0 0 0 0 0 0 0 0 0 0 0 0 0 0 0 
0.0704 0 0 0 0 0 0 0 0 0 0 0 0 0 0 0 0 0 
0.0555 0 0 0 0 0 0 0 0 0 0 0 0 0 0 0 0 0 
0.042 0 0 0 0 0 0 0 0 0 0 0 0 0 0 0 0 0 
0.031 0 0 0 0 0 0 0 0 0 0 0 0 0 0 0 0 0 
0.0206 0 0 0 0 0 0 0 0 0 0 0 0 0 0 0 0 0 
0.0131 0 0 0 0 0 0 0 0 0 0 0 0 0 0 0 0 0 
0.0058 0 0 0 0 0 0 0 0 0 0 0 0 0 0 0 0 0 
0.0019 0 0 0 0 0 0 0 0 0 0 0 0 0 0 0 0 0 
0.0007 0 0 0 0 0 0 0 0 0 0 0 0 0 0 0 0 0 
0.0001 0 0 0 0 0 0 0 0 0 0 0 0 0 0 0 0 0 
1 0.9972 0.9872 0.9678 0.8906 0.8428 0.7474 0.6592 0.5326 0.435 0.3312 0.271 0.2044 0.1608 0.1184 0.089 0.0564 0.039 
0.9274 0.8814 0.8036 0.6844 0.431 0.2914 0.154 0.0814 0.0228 0.0068 0.0044 0.0004 0.0012 0.0002 0.0004 0 0 0 
0.7666 0.6166 0.363 0.1608 0.0194 0.0088 0.003 0.0016 0.0004 0 0 0 0 0 0 0 0 0 
0.5964 0.3754 0.14 0.0344 0.0018 0.0004 0 0 0 0 0 0 0 0 0 0 0 0 
0.4106 0.1724 0.0288 0.006 0.0006 0 0 0 0 0 0 0 0 0 0 0 0 0 
0.2802 0.0646 0.007 0.002 0.0002 0 0 0 0 0 0 0 0 0 0 0 0 0 
0.15 0.0172 0.0016 0.0002 0 0 0 0 0 0 0 0 0 0 0 0 0 0 
0.0808 0.006 0.0004 0 0 0 0 0 0 0 0 0 0 0 0 0 0 0 
0.0356 0.0016 0.0002 0 0 0 0 0 0 0 0 0 0 0 0 0 0 0 
0.0146 0 0 0 0 0 0 0 0 0 0 0 0 0 0 0 0 0 
0.0052 0.0002 0 0 0 0 0 0 0 0 0 0 0 0 0 0 0 0 
0.0028 0 0 0 0 0 0 0 0 0 0 0 0 0 0 0 0 0 
0.0006 0 0 0 0 0 0 0 0 0 0 0 0 0 0 0 0 0 
0.0006 0 0 0 0 0 0 0 0 0 0 0 0 0 0 0 0 0 
0.0004 0 0 0 0 0 0 0 0 0 0 0 0 0 0 0 0 0 
0.0002 0 0 0 0 0 0 0 0 0 0 0 0 0 0 0 0 0 
0 0 0 0 0 0 0 0 0 0 0 0 0 0 0 0 0 0 
0 0 0 0 0 0 0 0 0 0 0 0 0 0 0 0 0 0 
1 0.998 0.9908 0.9666 0.9114 0.8334 0.7324 0.6078 0.5028 0.3956 0.3026 0.232 0.172 0.1372 0.101 0.0716 0.0496 0.0282 
0.9328 0.8578 0.7572 0.5826 0.3796 0.1972 0.0922 0.0406 0.0114 0.0022 0.0004 0.0004 0 0 0 0 0 0 
0.829 0.6364 0.4076 0.1566 0.0372 0.0054 0.0004 0 0 0 0 0 0 0 0 0 0 0 
0.698 0.4148 0.1744 0.0286 0.0012 0.0004 0 0 0 0 0 0 0 0 0 0 0 0 
0.533 0.207 0.0478 0.0018 0 0 0 0 0 0 0 0 0 0 0 0 0 0 
0.356 0.0808 0.0076 0.0002 0 0 0 0 0 0 0 0 0 0 0 0 0 0 
0.2154 0.0254 0.0014 0 0 0 0 0 0 0 0 0 0 0 0 0 0 0 
0.1188 0.0042 0.0002 0 0 0 0 0 0 0 0 0 0 0 0 0 0 0 
0.0662 0.0008 0 0 0 0 0 0 0 0 0 0 0 0 0 0 0 0 
0.0332 0 0 0 0 0 0 0 0 0 0 0 0 0 0 0 0 0 
0.0134 0 0 0 0 0 0 0 0 0 0 0 0 0 0 0 0 0 
0.0058 0 0 0 0 0 0 0 0 0 0 0 0 0 0 0 0 0 
0.0022 0 0 0 0 0 0 0 0 0 0 0 0 0 0 0 0 0 
0.0008 0 0 0 0 0 0 0 0 0 0 0 0 0 0 0 0 0 
0.0004 0 0 0 0 0 0 0 0 0 0 0 0 0 0 0 0 0 
0.0002 0 0 0 0 0 0 0 0 0 0 0 0 0 0 0 0 0 
0 0 0 0 0 0 0 0 0 0 0 0 0 0 0 0 0 0 
0 0 0 0 0 0 0 0 0 0 0 0 0 0 0 0 0 0 
1 0.9954 0.9906 0.965 0.9188 0.8638 0.7874 0.6948 0.6082 0.52 0.4322 0.3482 0.2896 0.2342 0.1848 0.1422 0.102 0.0682 
0.8946 0.8064 0.6944 0.5118 0.3266 0.1978 0.0978 0.0398 0.0154 0.0042 0.0018 0.0006 0.0008 0.0002 0 0 0 0 
0.7464 0.5418 0.311 0.1038 0.024 0.0052 0.0008 0.0002 0.0002 0 0 0 0 0 0 0 0 0 
0.5958 0.3224 0.1158 0.0166 0.0012 0 0 0 0 0 0 0 0 0 0 0 0 0 
0.4378 0.1584 0.0306 0.0006 0 0 0 0 0 0 0 0 0 0 0 0 0 0 
0.3054 0.0658 0.0042 0 0 0 0 0 0 0 0 0 0 0 0 0 0 0 
0.1968 0.0202 0 0 0 0 0 0 0 0 0 0 0 0 0 0 0 0 
0.121 0.005 0 0 0 0 0 0 0 0 0 0 0 0 0 0 0 0 
0.0628 0.0008 0 0 0 0 0 0 0 0 0 0 0 0 0 0 0 0 
0.035 0.0002 0 0 0 0 0 0 0 0 0 0 0 0 0 0 0 0 
0.0182 0 0 0 0 0 0 0 0 0 0 0 0 0 0 0 0 0 
0.008 0 0 0 0 0 0 0 0 0 0 0 0 0 0 0 0 0 
0.0026 0 0 0 0 0 0 0 0 0 0 0 0 0 0 0 0 0 
0.002 0 0 0 0 0 0 0 0 0 0 0 0 0 0 0 0 0 
0.0012 0 0 0 0 0 0 0 0 0 0 0 0 0 0 0 0 0 
0.0004 0 0 0 0 0 0 0 0 0 0 0 0 0 0 0 0 0 
0.0002 0 0 0 0 0 0 0 0 0 0 0 0 0 0 0 0 0 
0 0 0 0 0 0 0 0 0 0 0 0 0 0 0 0 0 0 
1 0.9986 0.996 0.981 0.962 0.9382 0.908 0.8722 0.8244 0.776 0.7262 0.6716 0.6154 0.5602 0.4976 0.4348 0.3664 0.2836 
0.6822 0.4512 0.3184 0.2024 0.1248 0.0712 0.0354 0.0166 0.0052 0.0014 0.0002 0.0002 0.0002 0 0 0 0 0 
0.5354 0.234 0.1028 0.0312 0.0044 0.0008 0 0 0 0 0 0 0 0 0 0 0 0 
0.4262 0.124 0.038 0.0044 0 0 0 0 0 0 0 0 0 0 0 0 0 0 
0.318 0.0602 0.011 0 0 0 0 0 0 0 0 0 0 0 0 0 0 0 
0.242 0.027 0.0008 0 0 0 0 0 0 0 0 0 0 0 0 0 0 0 
0.1646 0.009 0 0 0 0 0 0 0 0 0 0 0 0 0 0 0 0 
0.1194 0.0034 0 0 0 0 0 0 0 0 0 0 0 0 0 0 0 0 
0.0846 0.0004 0 0 0 0 0 0 0 0 0 0 0 0 0 0 0 0 
0.0574 0 0 0 0 0 0 0 0 0 0 0 0 0 0 0 0 0 
0.0362 0 0 0 0 0 0 0 0 0 0 0 0 0 0 0 0 0 
0.018 0 0 0 0 0 0 0 0 0 0 0 0 0 0 0 0 0 
0.0116 0 0 0 0 0 0 0 0 0 0 0 0 0 0 0 0 0 
0.0076 0 0 0 0 0 0 0 0 0 0 0 0 0 0 0 0 0 
0.0036 0 0 0 0 0 0 0 0 0 0 0 0 0 0 0 0 0 
0.0022 0 0 0 0 0 0 0 0 0 0 0 0 0 0 0 0 0 
0.0002 0 0 0 0 0 0 0 0 0 0 0 0 0 0 0 0 0 
0 0 0 0 0 0 0 0 0 0 0 0 0 0 0 0 0 0 
1 0.9964 0.9928 0.969 0.9268 0.8858 0.818 0.7504 0.6652 0.5924 0.5058 0.4278 0.3554 0.2974 0.2354 0.1866 0.1368 0.099 
0.8688 0.7672 0.6284 0.4618 0.294 0.1828 0.0964 0.0482 0.0154 0.005 0.0004 0 0 0 0 0 0 0 
0.6958 0.4626 0.2412 0.0872 0.0148 0.0052 0.0004 0 0 0 0 0 0 0 0 0 0 0 
0.5436 0.2672 0.089 0.0156 0.0002 0 0 0 0 0 0 0 0 0 0 0 0 0 
0.395 0.1316 0.0214 0.0018 0 0 0 0 0 0 0 0 0 0 0 0 0 0 
0.2764 0.052 0.0058 0.0004 0 0 0 0 0 0 0 0 0 0 0 0 0 0 
0.1864 0.0168 0.0008 0.0002 0 0 0 0 0 0 0 0 0 0 0 0 0 0 
0.1204 0.0034 0 0 0 0 0 0 0 0 0 0 0 0 0 0 0 0 
0.0692 0.0012 0 0 0 0 0 0 0 0 0 0 0 0 0 0 0 0 
0.0396 0 0 0 0 0 0 0 0 0 0 0 0 0 0 0 0 0 
0.023 0.0002 0 0 0 0 0 0 0 0 0 0 0 0 0 0 0 0 
0.0122 0 0 0 0 0 0 0 0 0 0 0 0 0 0 0 0 0 
0.006 0 0 0 0 0 0 0 0 0 0 0 0 0 0 0 0 0 
0.0034 0 0 0 0 0 0 0 0 0 0 0 0 0 0 0 0 0 
0.0004 0 0 0 0 0 0 0 0 0 0 0 0 0 0 0 0 0 
0 0 0 0 0 0 0 0 0 0 0 0 0 0 0 0 0 0 
0.0002 0 0 0 0 0 0 0 0 0 0 0 0 0 0 0 0 0 
0 0 0 0 0 0 0 0 0 0 0 0 0 0 0 0 0 0 
1 0.9988 0.9952 0.9878 0.9746 0.9594 0.941 0.922 0.8942 0.8576 0.824 0.7918 0.7518 0.696 0.6366 0.5624 0.467 0.3504 
0.626 0.2312 0.1354 0.0782 0.0452 0.0294 0.0156 0.0084 0.0028 0.001 0 0 0 0 0 0 0 0 
0.4704 0.0994 0.0326 0.0098 0.0016 0 0 0 0 0 0 0 0 0 0 0 0 0 
0.3742 0.0522 0.01 0.0006 0 0 0 0 0 0 0 0 0 0 0 0 0 0 
0.2852 0.0272 0.0022 0.0002 0 0 0 0 0 0 0 0 0 0 0 0 0 0 
0.2268 0.012 0.0006 0 0 0 0 0 0 0 0 0 0 0 0 0 0 0 
0.1772 0.0054 0 0 0 0 0 0 0 0 0 0 0 0 0 0 0 0 
0.1362 0.0016 0 0 0 0 0 0 0 0 0 0 0 0 0 0 0 0 
0.0996 0 0 0 0 0 0 0 0 0 0 0 0 0 0 0 0 0 
0.0714 0 0 0 0 0 0 0 0 0 0 0 0 0 0 0 0 0 
0.0482 0 0 0 0 0 0 0 0 0 0 0 0 0 0 0 0 0 
0.033 0 0 0 0 0 0 0 0 0 0 0 0 0 0 0 0 0 
0.021 0 0 0 0 0 0 0 0 0 0 0 0 0 0 0 0 0 
0.0108 0 0 0 0 0 0 0 0 0 0 0 0 0 0 0 0 0 
0.0044 0 0 0 0 0 0 0 0 0 0 0 0 0 0 0 0 0 
0.002 0 0 0 0 0 0 0 0 0 0 0 0 0 0 0 0 0 
0.0004 0 0 0 0 0 0 0 0 0 0 0 0 0 0 0 0 0 
0 0 0 0 0 0 0 0 0 0 0 0 0 0 0 0 0 0 
1 0.9986 0.9966 0.989 0.9818 0.9688 0.9524 0.937 0.9112 0.8818 0.844 0.8052 0.759 0.7058 0.6336 0.561 0.459 0.33 
0.6508 0.1692 0.0816 0.0444 0.0226 0.012 0.006 0.0028 0.001 0.0002 0.0002 0 0 0 0 0 0 0 
0.5048 0.0614 0.013 0.0028 0.0006 0 0 0 0 0 0 0 0 0 0 0 0 0 
0.3898 0.0274 0.0036 0.0002 0 0 0 0 0 0 0 0 0 0 0 0 0 0 
0.32 0.0146 0.0008 0 0 0 0 0 0 0 0 0 0 0 0 0 0 0 
0.2486 0.006 0 0 0 0 0 0 0 0 0 0 0 0 0 0 0 0 
0.197 0.0024 0 0 0 0 0 0 0 0 0 0 0 0 0 0 0 0 
0.1566 0.0006 0 0 0 0 0 0 0 0 0 0 0 0 0 0 0 0 
0.1184 0 0 0 0 0 0 0 0 0 0 0 0 0 0 0 0 0 
0.0858 0 0 0 0 0 0 0 0 0 0 0 0 0 0 0 0 0 
0.057 0 0 0 0 0 0 0 0 0 0 0 0 0 0 0 0 0 
0.037 0 0 0 0 0 0 0 0 0 0 0 0 0 0 0 0 0 
0.024 0 0 0 0 0 0 0 0 0 0 0 0 0 0 0 0 0 
0.0128 0 0 0 0 0 0 0 0 0 0 0 0 0 0 0 0 0 
0.007 0 0 0 0 0 0 0 0 0 0 0 0 0 0 0 0 0 
0.002 0 0 0 0 0 0 0 0 0 0 0 0 0 0 0 0 0 
0.0002 0 0 0 0 0 0 0 0 0 0 0 0 0 0 0 0 0 
0 0 0 0 0 0 0 0 0 0 0 0 0 0 0 0 0 0 
1 0.9982 0.9972 0.9902 0.9888 0.9794 0.9704 0.964 0.95 0.9344 0.912 0.8866 0.8598 0.8138 0.77 0.712 0.6356 0.5038 
0.4896 0.0004 0 0 0 0 0 0 0 0 0 0 0 0 0 0 0 0 
0.3622 0 0 0 0 0 0 0 0 0 0 0 0 0 0 0 0 0 
0.2924 0 0 0 0 0 0 0 0 0 0 0 0 0 0 0 0 0 
0.2408 0 0 0 0 0 0 0 0 0 0 0 0 0 0 0 0 0 
0.195 0 0 0 0 0 0 0 0 0 0 0 0 0 0 0 0 0 
0.1504 0 0 0 0 0 0 0 0 0 0 0 0 0 0 0 0 0 
0.1166 0 0 0 0 0 0 0 0 0 0 0 0 0 0 0 0 0 
0.091 0 0 0 0 0 0 0 0 0 0 0 0 0 0 0 0 0 
0.0654 0 0 0 0 0 0 0 0 0 0 0 0 0 0 0 0 0 
0.047 0 0 0 0 0 0 0 0 0 0 0 0 0 0 0 0 0 
0.0348 0 0 0 0 0 0 0 0 0 0 0 0 0 0 0 0 0 
0.0226 0 0 0 0 0 0 0 0 0 0 0 0 0 0 0 0 0 
0.0136 0 0 0 0 0 0 0 0 0 0 0 0 0 0 0 0 0 
0.0072 0 0 0 0 0 0 0 0 0 0 0 0 0 0 0 0 0 
0.004 0 0 0 0 0 0 0 0 0 0 0 0 0 0 0 0 0 
0.0008 0 0 0 0 0 0 0 0 0 0 0 0 0 0 0 0 0 
0 0 0 0 0 0 0 0 0 0 0 0 0 0 0 0 0 0 
1 0.9974 0.9924 0.9766 0.9454 0.9046 0.8632 0.8012 0.7382 0.66 0.5826 0.5012 0.4244 0.3538 0.2848 0.23 0.1608 0.1074 
0.861 0.6872 0.5124 0.3498 0.217 0.132 0.0746 0.0332 0.0114 0.0034 0.0016 0.0006 0.0002 0 0 0 0 0 
0.691 0.3838 0.1634 0.0488 0.0066 0.0024 0.0006 0.0002 0 0 0 0 0 0 0 0 0 0 
0.552 0.2012 0.0496 0.0078 0 0 0 0 0 0 0 0 0 0 0 0 0 0 
0.4256 0.0932 0.014 0.0004 0 0 0 0 0 0 0 0 0 0 0 0 0 0 
0.3168 0.0386 0.0028 0.0002 0 0 0 0 0 0 0 0 0 0 0 0 0 0 
0.2202 0.0126 0 0 0 0 0 0 0 0 0 0 0 0 0 0 0 0 
0.1484 0.0026 0 0 0 0 0 0 0 0 0 0 0 0 0 0 0 0 
0.0932 0.0004 0 0 0 0 0 0 0 0 0 0 0 0 0 0 0 0 
0.0524 0.0002 0 0 0 0 0 0 0 0 0 0 0 0 0 0 0 0 
0.0292 0 0 0 0 0 0 0 0 0 0 0 0 0 0 0 0 0 
0.0172 0 0 0 0 0 0 0 0 0 0 0 0 0 0 0 0 0 
0.01 0 0 0 0 0 0 0 0 0 0 0 0 0 0 0 0 0 
0.0042 0 0 0 0 0 0 0 0 0 0 0 0 0 0 0 0 0 
0.0014 0 0 0 0 0 0 0 0 0 0 0 0 0 0 0 0 0 
0.0004 0 0 0 0 0 0 0 0 0 0 0 0 0 0 0 0 0 
0.0002 0 0 0 0 0 0 0 0 0 0 0 0 0 0 0 0 0 
0 0 0 0 0 0 0 0 0 0 0 0 0 0 0 0 0 0 
1 0.9986 0.9978 0.9876 0.9812 0.9722 0.9574 0.9418 0.9208 0.8856 0.8566 0.813 0.7704 0.7124 0.6466 0.5692 0.464 0.3254 
0.6594 0.0808 0.0336 0.0172 0.0072 0.004 0.0016 0.0014 0.0002 0.0004 0 0.0002 0 0 0 0 0 0 
0.5144 0.0222 0.0044 0.0008 0.0002 0 0 0 0 0 0 0 0 0 0 0 0 0 
0.4126 0.0102 0.0012 0 0 0 0 0 0 0 0 0 0 0 0 0 0 0 
0.3396 0.0046 0.0006 0 0 0 0 0 0 0 0 0 0 0 0 0 0 0 
0.2776 0.0024 0 0 0 0 0 0 0 0 0 0 0 0 0 0 0 0 
0.2218 0.001 0 0 0 0 0 0 0 0 0 0 0 0 0 0 0 0 
0.1744 0.0002 0 0 0 0 0 0 0 0 0 0 0 0 0 0 0 0 
0.133 0.0002 0 0 0 0 0 0 0 0 0 0 0 0 0 0 0 0 
0.1026 0 0 0 0 0 0 0 0 0 0 0 0 0 0 0 0 0 
0.0688 0 0 0 0 0 0 0 0 0 0 0 0 0 0 0 0 0 
0.046 0 0 0 0 0 0 0 0 0 0 0 0 0 0 0 0 0 
0.0298 0 0 0 0 0 0 0 0 0 0 0 0 0 0 0 0 0 
0.0146 0 0 0 0 0 0 0 0 0 0 0 0 0 0 0 0 0 
0.0064 0 0 0 0 0 0 0 0 0 0 0 0 0 0 0 0 0 
0.003 0 0 0 0 0 0 0 0 0 0 0 0 0 0 0 0 0 
0.0008 0 0 0 0 0 0 0 0 0 0 0 0 0 0 0 0 0 
0 0 0 0 0 0 0 0 0 0 0 0 0 0 0 0 0 0 
1 0.9984 0.9956 0.9864 0.9792 0.9734 0.956 0.9378 0.9128 0.8878 0.8502 0.8026 0.7552 0.6924 0.6168 0.5338 0.4274 0.2834 
0.6996 0.0522 0.0178 0.0084 0.0038 0.002 0.0006 0.0004 0.0002 0.0002 0 0 0 0 0 0 0 0 
0.5508 0.0108 0.002 0.0006 0.0002 0 0 0 0 0 0 0 0 0 0 0 0 0 
0.4634 0.0042 0.0004 0.0002 0 0 0 0 0 0 0 0 0 0 0 0 0 0 
0.3832 0.0022 0 0 0 0 0 0 0 0 0 0 0 0 0 0 0 0 
0.3112 0.0008 0 0 0 0 0 0 0 0 0 0 0 0 0 0 0 0 
0.2474 0.0002 0 0 0 0 0 0 0 0 0 0 0 0 0 0 0 0 
0.1972 0 0 0 0 0 0 0 0 0 0 0 0 0 0 0 0 0 
0.1502 0 0 0 0 0 0 0 0 0 0 0 0 0 0 0 0 0 
0.1102 0 0 0 0 0 0 0 0 0 0 0 0 0 0 0 0 0 
0.0748 0 0 0 0 0 0 0 0 0 0 0 0 0 0 0 0 0 
0.05 0 0 0 0 0 0 0 0 0 0 0 0 0 0 0 0 0 
0.0322 0 0 0 0 0 0 0 0 0 0 0 0 0 0 0 0 0 
0.0192 0 0 0 0 0 0 0 0 0 0 0 0 0 0 0 0 0 
0.0084 0 0 0 0 0 0 0 0 0 0 0 0 0 0 0 0 0 
0.004 0 0 0 0 0 0 0 0 0 0 0 0 0 0 0 0 0 
0.0016 0 0 0 0 0 0 0 0 0 0 0 0 0 0 0 0 0 
0.0002 0 0 0 0 0 0 0 0 0 0 0 0 0 0 0 0 0 
1 0.9986 0.9972 0.9922 0.984 0.9768 0.9644 0.949 0.9328 0.9152 0.8934 0.8658 0.831 0.7902 0.7356 0.6686 0.5832 0.445 
0.552 0 0 0 0 0 0 0 0 0 0 0 0 0 0 0 0 0 
0.4122 0 0 0 0 0 0 0 0 0 0 0 0 0 0 0 0 0 
0.3374 0 0 0 0 0 0 0 0 0 0 0 0 0 0 0 0 0 
0.2716 0 0 0 0 0 0 0 0 0 0 0 0 0 0 0 0 0 
0.2214 0 0 0 0 0 0 0 0 0 0 0 0 0 0 0 0 0 
0.1742 0 0 0 0 0 0 0 0 0 0 0 0 0 0 0 0 0 
0.142 0 0 0 0 0 0 0 0 0 0 0 0 0 0 0 0 0 
0.1124 0 0 0 0 0 0 0 0 0 0 0 0 0 0 0 0 0 
0.0854 0 0 0 0 0 0 0 0 0 0 0 0 0 0 0 0 0 
0.0614 0 0 0 0 0 0 0 0 0 0 0 0 0 0 0 0 0 
0.0458 0 0 0 0 0 0 0 0 0 0 0 0 0 0 0 0 0 
0.0306 0 0 0 0 0 0 0 0 0 0 0 0 0 0 0 0 0 
0.018 0 0 0 0 0 0 0 0 0 0 0 0 0 0 0 0 0 
0.0086 0 0 0 0 0 0 0 0 0 0 0 0 0 0 0 0 0 
0.0034 0 0 0 0 0 0 0 0 0 0 0 0 0 0 0 0 0 
0.0006 0 0 0 0 0 0 0 0 0 0 0 0 0 0 0 0 0 
0 0 0 0 0 0 0 0 0 0 0 0 0 0 0 0 0 0 
1 0.9982 0.9956 0.9866 0.978 0.9626 0.953 0.933 0.9114 0.883 0.8448 0.8102 0.7532 0.6942 0.6234 0.5326 0.4238 0.2756 
0.705 0.0284 0.0064 0.0014 0.0008 0.0006 0 0 0 0 0 0 0 0 0 0 0 0 
0.565 0.004 0.0004 0 0 0 0 0 0 0 0 0 0 0 0 0 0 0 
0.4628 0.0012 0 0 0 0 0 0 0 0 0 0 0 0 0 0 0 0 
0.3804 0.0006 0 0 0 0 0 0 0 0 0 0 0 0 0 0 0 0 
0.3178 0.0006 0 0 0 0 0 0 0 0 0 0 0 0 0 0 0 0 
0.26 0.0004 0 0 0 0 0 0 0 0 0 0 0 0 0 0 0 0 
0.1998 0 0 0 0 0 0 0 0 0 0 0 0 0 0 0 0 0 
0.1568 0 0 0 0 0 0 0 0 0 0 0 0 0 0 0 0 0 
0.1178 0 0 0 0 0 0 0 0 0 0 0 0 0 0 0 0 0 
0.0884 0 0 0 0 0 0 0 0 0 0 0 0 0 0 0 0 0 
0.0628 0 0 0 0 0 0 0 0 0 0 0 0 0 0 0 0 0 
0.0408 0 0 0 0 0 0 0 0 0 0 0 0 0 0 0 0 0 
0.0212 0 0 0 0 0 0 0 0 0 0 0 0 0 0 0 0 0 
0.0112 0 0 0 0 0 0 0 0 0 0 0 0 0 0 0 0 0 
0.0046 0 0 0 0 0 0 0 0 0 0 0 0 0 0 0 0 0 
0.0014 0 0 0 0 0 0 0 0 0 0 0 0 0 0 0 0 0 
0.0002 0 0 0 0 0 0 0 0 0 0 0 0 0 0 0 0 0 
1 0.9988 0.9976 0.99 0.9856 0.9748 0.9676 0.9512 0.9396 0.9208 0.8976 0.8634 0.8312 0.7876 0.7308 0.6632 0.575 0.4308 
0.5622 0 0 0 0 0 0 0 0 0 0 0 0 0 0 0 0 0 
0.418 0 0 0 0 0 0 0 0 0 0 0 0 0 0 0 0 0 
0.3418 0 0 0 0 0 0 0 0 0 0 0 0 0 0 0 0 0 
0.2758 0 0 0 0 0 0 0 0 0 0 0 0 0 0 0 0 0 
0.2242 0 0 0 0 0 0 0 0 0 0 0 0 0 0 0 0 0 
0.1804 0 0 0 0 0 0 0 0 0 0 0 0 0 0 0 0 0 
0.1402 0 0 0 0 0 0 0 0 0 0 0 0 0 0 0 0 0 
0.1148 0 0 0 0 0 0 0 0 0 0 0 0 0 0 0 0 0 
0.0824 0 0 0 0 0 0 0 0 0 0 0 0 0 0 0 0 0 
0.0596 0 0 0 0 0 0 0 0 0 0 0 0 0 0 0 0 0 
0.0412 0 0 0 0 0 0 0 0 0 0 0 0 0 0 0 0 0 
0.028 0 0 0 0 0 0 0 0 0 0 0 0 0 0 0 0 0 
0.0146 0 0 0 0 0 0 0 0 0 0 0 0 0 0 0 0 0 
0.0082 0 0 0 0 0 0 0 0 0 0 0 0 0 0 0 0 0 
0.0024 0 0 0 0 0 0 0 0 0 0 0 0 0 0 0 0 0 
0.0006 0 0 0 0 0 0 0 0 0 0 0 0 0 0 0 0 0 
0 0 0 0 0 0 0 0 0 0 0 0 0 0 0 0 0 0 
1 0.9988 0.9954 0.9928 0.9832 0.9762 0.9652 0.95 0.934 0.9128 0.884 0.8572 0.8228 0.7738 0.7276 0.6522 0.5632 0.4248 
0.5666 0 0 0 0 0 0 0 0 0 0 0 0 0 0 0 0 0 
0.4294 0 0 0 0 0 0 0 0 0 0 0 0 0 0 0 0 0 
0.3486 0 0 0 0 0 0 0 0 0 0 0 0 0 0 0 0 0 
0.2886 0 0 0 0 0 0 0 0 0 0 0 0 0 0 0 0 0 
0.2346 0 0 0 0 0 0 0 0 0 0 0 0 0 0 0 0 0 
0.1862 0 0 0 0 0 0 0 0 0 0 0 0 0 0 0 0 0 
0.1522 0 0 0 0 0 0 0 0 0 0 0 0 0 0 0 0 0 
0.12 0 0 0 0 0 0 0 0 0 0 0 0 0 0 0 0 0 
0.0914 0 0 0 0 0 0 0 0 0 0 0 0 0 0 0 0 0 
0.064 0 0 0 0 0 0 0 0 0 0 0 0 0 0 0 0 0 
0.045 0 0 0 0 0 0 0 0 0 0 0 0 0 0 0 0 0 
0.0304 0 0 0 0 0 0 0 0 0 0 0 0 0 0 0 0 0 
0.0148 0 0 0 0 0 0 0 0 0 0 0 0 0 0 0 0 0 
0.0086 0 0 0 0 0 0 0 0 0 0 0 0 0 0 0 0 0 
0.004 0 0 0 0 0 0 0 0 0 0 0 0 0 0 0 0 0 
0.0016 0 0 0 0 0 0 0 0 0 0 0 0 0 0 0 0 0 
0 0 0 0 0 0 0 0 0 0 0 0 0 0 0 0 0 0 
1 0.999 0.9984 0.9918 0.9876 0.979 0.976 0.9616 0.951 0.9384 0.9184 0.901 0.8772 0.8406 0.8092 0.7606 0.6914 0.5828 
0.414 0 0 0 0 0 0 0 0 0 0 0 0 0 0 0 0 0 
0.3076 0 0 0 0 0 0 0 0 0 0 0 0 0 0 0 0 0 
0.244 0 0 0 0 0 0 0 0 0 0 0 0 0 0 0 0 0 
0.1992 0 0 0 0 0 0 0 0 0 0 0 0 0 0 0 0 0 
0.1582 0 0 0 0 0 0 0 0 0 0 0 0 0 0 0 0 0 
0.1298 0 0 0 0 0 0 0 0 0 0 0 0 0 0 0 0 0 
0.1044 0 0 0 0 0 0 0 0 0 0 0 0 0 0 0 0 0 
0.0826 0 0 0 0 0 0 0 0 0 0 0 0 0 0 0 0 0 
0.0638 0 0 0 0 0 0 0 0 0 0 0 0 0 0 0 0 0 
0.0488 0 0 0 0 0 0 0 0 0 0 0 0 0 0 0 0 0 
0.0336 0 0 0 0 0 0 0 0 0 0 0 0 0 0 0 0 0 
0.0232 0 0 0 0 0 0 0 0 0 0 0 0 0 0 0 0 0 
0.0154 0 0 0 0 0 0 0 0 0 0 0 0 0 0 0 0 0 
0.0076 0 0 0 0 0 0 0 0 0 0 0 0 0 0 0 0 0 
0.0028 0 0 0 0 0 0 0 0 0 0 0 0 0 0 0 0 0 
0.0008 0 0 0 0 0 0 0 0 0 0 0 0 0 0 0 0 0 
0.0002 0 0 0 0 0 0 0 0 0 0 0 0 0 0 0 0 0 
1 0.9968 0.9914 0.9794 0.96 0.9282 0.8898 0.8502 0.7892 0.725 0.6416 0.569 0.4792 0.4044 0.3194 0.2408 0.1614 0.0958 
0.8718 0.5786 0.3656 0.2206 0.1326 0.0788 0.0406 0.0186 0.0056 0.002 0.0008 0.0002 0.0002 0 0 0 0 0 
0.7242 0.264 0.075 0.0188 0.0022 0.0012 0.0002 0 0 0 0 0 0 0 0 0 0 0 
0.5988 0.1266 0.0188 0.0012 0 0.0002 0 0 0 0 0 0 0 0 0 0 0 0 
0.477 0.0556 0.003 0.0004 0 0 0 0 0 0 0 0 0 0 0 0 0 0 
0.3838 0.0236 0.0012 0.0002 0 0 0 0 0 0 0 0 0 0 0 0 0 0 
0.2932 0.0088 0 0 0 0 0 0 0 0 0 0 0 0 0 0 0 0 
0.2144 0.0012 0 0 0 0 0 0 0 0 0 0 0 0 0 0 0 0 
0.1454 0.0006 0 0 0 0 0 0 0 0 0 0 0 0 0 0 0 0 
0.0982 0 0 0 0 0 0 0 0 0 0 0 0 0 0 0 0 0 
0.06 0 0 0 0 0 0 0 0 0 0 0 0 0 0 0 0 0 
0.0358 0 0 0 0 0 0 0 0 0 0 0 0 0 0 0 0 0 
0.0162 0 0 0 0 0 0 0 0 0 0 0 0 0 0 0 0 0 
0.0084 0 0 0 0 0 0 0 0 0 0 0 0 0 0 0 0 0 
0.0026 0 0 0 0 0 0 0 0 0 0 0 0 0 0 0 0 0 
0.0012 0 0 0 0 0 0 0 0 0 0 0 0 0 0 0 0 0 
0.0002 0 0 0 0 0 0 0 0 0 0 0 0 0 0 0 0 0 
0.0002 0 0 0 0 0 0 0 0 0 0 0 0 0 0 0 0 0 
1 0.9978 0.995 0.9878 0.9802 0.9674 0.9512 0.9322 0.9116 0.8826 0.8378 0.7974 0.7462 0.681 0.5992 0.4996 0.3934 0.2458 
0.7368 0.0224 0.004 0.0014 0.0008 0.0002 0.0004 0 0 0 0 0 0 0 0 0 0 0 
0.5996 0.0032 0 0 0 0 0 0 0 0 0 0 0 0 0 0 0 0 
0.4964 0.0022 0 0 0 0 0 0 0 0 0 0 0 0 0 0 0 0 
0.4088 0.0008 0 0 0 0 0 0 0 0 0 0 0 0 0 0 0 0 
0.329 0.0002 0 0 0 0 0 0 0 0 0 0 0 0 0 0 0 0 
0.2666 0.0002 0 0 0 0 0 0 0 0 0 0 0 0 0 0 0 0 
0.2106 0 0 0 0 0 0 0 0 0 0 0 0 0 0 0 0 0 
0.1632 0 0 0 0 0 0 0 0 0 0 0 0 0 0 0 0 0 
0.1214 0 0 0 0 0 0 0 0 0 0 0 0 0 0 0 0 0 
0.09 0 0 0 0 0 0 0 0 0 0 0 0 0 0 0 0 0 
0.0584 0 0 0 0 0 0 0 0 0 0 0 0 0 0 0 0 0 
0.0386 0 0 0 0 0 0 0 0 0 0 0 0 0 0 0 0 0 
0.0218 0 0 0 0 0 0 0 0 0 0 0 0 0 0 0 0 0 
0.01 0 0 0 0 0 0 0 0 0 0 0 0 0 0 0 0 0 
0.0052 0 0 0 0 0 0 0 0 0 0 0 0 0 0 0 0 0 
0.0016 0 0 0 0 0 0 0 0 0 0 0 0 0 0 0 0 0 
0 0 0 0 0 0 0 0 0 0 0 0 0 0 0 0 0 0 
1 0.9992 0.995 0.9898 0.9746 0.9628 0.9508 0.9258 0.8982 0.8706 0.8264 0.7744 0.7104 0.6458 0.5658 0.4706 0.3594 0.226 
0.7584 0.0114 0.0018 0.0008 0 0 0 0 0 0 0 0 0 0 0 0 0 0 
0.6232 0.0016 0 0 0 0 0 0 0 0 0 0 0 0 0 0 0 0 
0.5264 0.0004 0 0 0 0 0 0 0 0 0 0 0 0 0 0 0 0 
0.4448 0 0 0 0 0 0 0 0 0 0 0 0 0 0 0 0 0 
0.3658 0 0 0 0 0 0 0 0 0 0 0 0 0 0 0 0 0 
0.3004 0 0 0 0 0 0 0 0 0 0 0 0 0 0 0 0 0 
0.2462 0 0 0 0 0 0 0 0 0 0 0 0 0 0 0 0 0 
0.187 0 0 0 0 0 0 0 0 0 0 0 0 0 0 0 0 0 
0.1388 0 0 0 0 0 0 0 0 0 0 0 0 0 0 0 0 0 
0.1004 0 0 0 0 0 0 0 0 0 0 0 0 0 0 0 0 0 
0.0692 0 0 0 0 0 0 0 0 0 0 0 0 0 0 0 0 0 
0.0396 0 0 0 0 0 0 0 0 0 0 0 0 0 0 0 0 0 
0.0234 0 0 0 0 0 0 0 0 0 0 0 0 0 0 0 0 0 
0.0104 0 0 0 0 0 0 0 0 0 0 0 0 0 0 0 0 0 
0.0028 0 0 0 0 0 0 0 0 0 0 0 0 0 0 0 0 0 
0.0014 0 0 0 0 0 0 0 0 0 0 0 0 0 0 0 0 0 
0.0002 0 0 0 0 0 0 0 0 0 0 0 0 0 0 0 0 0 
1 0.999 0.997 0.9912 0.9828 0.9736 0.961 0.9456 0.9258 0.9094 0.877 0.8458 0.8012 0.755 0.6916 0.613 0.5214 0.3806 
0.6092 0 0 0 0 0 0 0 0 0 0 0 0 0 0 0 0 0 
0.4778 0 0 0 0 0 0 0 0 0 0 0 0 0 0 0 0 0 
0.3868 0 0 0 0 0 0 0 0 0 0 0 0 0 0 0 0 0 
0.324 0 0 0 0 0 0 0 0 0 0 0 0 0 0 0 0 0 
0.2566 0 0 0 0 0 0 0 0 0 0 0 0 0 0 0 0 0 
0.2016 0 0 0 0 0 0 0 0 0 0 0 0 0 0 0 0 0 
0.1642 0 0 0 0 0 0 0 0 0 0 0 0 0 0 0 0 0 
0.1318 0 0 0 0 0 0 0 0 0 0 0 0 0 0 0 0 0 
0.098 0 0 0 0 0 0 0 0 0 0 0 0 0 0 0 0 0 
0.0708 0 0 0 0 0 0 0 0 0 0 0 0 0 0 0 0 0 
0.0464 0 0 0 0 0 0 0 0 0 0 0 0 0 0 0 0 0 
0.0318 0 0 0 0 0 0 0 0 0 0 0 0 0 0 0 0 0 
0.0184 0 0 0 0 0 0 0 0 0 0 0 0 0 0 0 0 0 
0.0082 0 0 0 0 0 0 0 0 0 0 0 0 0 0 0 0 0 
0.003 0 0 0 0 0 0 0 0 0 0 0 0 0 0 0 0 0 
0.0004 0 0 0 0 0 0 0 0 0 0 0 0 0 0 0 0 0 
0 0 0 0 0 0 0 0 0 0 0 0 0 0 0 0 0 0 
1 0.998 0.9972 0.9868 0.9816 0.9698 0.9546 0.9328 0.9054 0.8758 0.8356 0.7866 0.7292 0.6666 0.5874 0.4868 0.3656 0.2146 
0.7722 0.0054 0.0006 0 0 0 0 0 0 0 0 0 0 0 0 0 0 0 
0.6246 0.0004 0 0 0 0 0 0 0 0 0 0 0 0 0 0 0 0 
0.5124 0.0002 0 0 0 0 0 0 0 0 0 0 0 0 0 0 0 0 
0.4246 0.0002 0 0 0 0 0 0 0 0 0 0 0 0 0 0 0 0 
0.3502 0.0002 0 0 0 0 0 0 0 0 0 0 0 0 0 0 0 0 
0.2812 0 0 0 0 0 0 0 0 0 0 0 0 0 0 0 0 0 
0.2236 0 0 0 0 0 0 0 0 0 0 0 0 0 0 0 0 0 
0.1744 0 0 0 0 0 0 0 0 0 0 0 0 0 0 0 0 0 
0.1318 0 0 0 0 0 0 0 0 0 0 0 0 0 0 0 0 0 
0.0936 0 0 0 0 0 0 0 0 0 0 0 0 0 0 0 0 0 
0.0586 0 0 0 0 0 0 0 0 0 0 0 0 0 0 0 0 0 
0.0374 0 0 0 0 0 0 0 0 0 0 0 0 0 0 0 0 0 
0.0194 0 0 0 0 0 0 0 0 0 0 0 0 0 0 0 0 0 
0.0084 0 0 0 0 0 0 0 0 0 0 0 0 0 0 0 0 0 
0.0048 0 0 0 0 0 0 0 0 0 0 0 0 0 0 0 0 0 
0.0012 0 0 0 0 0 0 0 0 0 0 0 0 0 0 0 0 0 
0.0002 0 0 0 0 0 0 0 0 0 0 0 0 0 0 0 0 0 
1 0.9978 0.9956 0.99 0.9856 0.9742 0.965 0.95 0.933 0.9094 0.8848 0.8512 0.8084 0.7618 0.7016 0.6252 0.5264 0.3786 
0.6134 0 0 0 0 0 0 0 0 0 0 0 0 0 0 0 0 0 
0.4722 0 0 0 0 0 0 0 0 0 0 0 0 0 0 0 0 0 
0.3728 0 0 0 0 0 0 0 0 0 0 0 0 0 0 0 0 0 
0.3014 0 0 0 0 0 0 0 0 0 0 0 0 0 0 0 0 0 
0.2462 0 0 0 0 0 0 0 0 0 0 0 0 0 0 0 0 0 
0.205 0 0 0 0 0 0 0 0 0 0 0 0 0 0 0 0 0 
0.1616 0 0 0 0 0 0 0 0 0 0 0 0 0 0 0 0 0 
0.1242 0 0 0 0 0 0 0 0 0 0 0 0 0 0 0 0 0 
0.0912 0 0 0 0 0 0 0 0 0 0 0 0 0 0 0 0 0 
0.067 0 0 0 0 0 0 0 0 0 0 0 0 0 0 0 0 0 
0.0458 0 0 0 0 0 0 0 0 0 0 0 0 0 0 0 0 0 
0.0288 0 0 0 0 0 0 0 0 0 0 0 0 0 0 0 0 0 
0.0192 0 0 0 0 0 0 0 0 0 0 0 0 0 0 0 0 0 
0.0084 0 0 0 0 0 0 0 0 0 0 0 0 0 0 0 0 0 
0.0028 0 0 0 0 0 0 0 0 0 0 0 0 0 0 0 0 0 
0.0014 0 0 0 0 0 0 0 0 0 0 0 0 0 0 0 0 0 
0 0 0 0 0 0 0 0 0 0 0 0 0 0 0 0 0 0 
1 0.999 0.9968 0.9904 0.983 0.9724 0.9628 0.9476 0.9274 0.9044 0.877 0.8444 0.8012 0.7506 0.6936 0.616 0.5114 0.3652 
0.6222 0 0 0 0 0 0 0 0 0 0 0 0 0 0 0 0 0 
0.48 0 0 0 0 0 0 0 0 0 0 0 0 0 0 0 0 0 
0.3914 0 0 0 0 0 0 0 0 0 0 0 0 0 0 0 0 0 
0.3154 0 0 0 0 0 0 0 0 0 0 0 0 0 0 0 0 0 
0.2552 0 0 0 0 0 0 0 0 0 0 0 0 0 0 0 0 0 
0.2132 0 0 0 0 0 0 0 0 0 0 0 0 0 0 0 0 0 
0.173 0 0 0 0 0 0 0 0 0 0 0 0 0 0 0 0 0 
0.1304 0 0 0 0 0 0 0 0 0 0 0 0 0 0 0 0 0 
0.096 0 0 0 0 0 0 0 0 0 0 0 0 0 0 0 0 0 
0.07 0 0 0 0 0 0 0 0 0 0 0 0 0 0 0 0 0 
0.0508 0 0 0 0 0 0 0 0 0 0 0 0 0 0 0 0 0 
0.031 0 0 0 0 0 0 0 0 0 0 0 0 0 0 0 0 0 
0.0166 0 0 0 0 0 0 0 0 0 0 0 0 0 0 0 0 0 
0.008 0 0 0 0 0 0 0 0 0 0 0 0 0 0 0 0 0 
0.0026 0 0 0 0 0 0 0 0 0 0 0 0 0 0 0 0 0 
0.0008 0 0 0 0 0 0 0 0 0 0 0 0 0 0 0 0 0 
0.0002 0 0 0 0 0 0 0 0 0 0 0 0 0 0 0 0 0 
1 0.9986 0.9974 0.9904 0.9868 0.9808 0.976 0.9662 0.9522 0.9392 0.9186 0.8986 0.8698 0.83 0.7928 0.741 0.6646 0.5336 
0.4612 0 0 0 0 0 0 0 0 0 0 0 0 0 0 0 0 0 
0.3358 0 0 0 0 0 0 0 0 0 0 0 0 0 0 0 0 0 
0.2652 0 0 0 0 0 0 0 0 0 0 0 0 0 0 0 0 0 
0.2166 0 0 0 0 0 0 0 0 0 0 0 0 0 0 0 0 0 
0.1728 0 0 0 0 0 0 0 0 0 0 0 0 0 0 0 0 0 
0.1364 0 0 0 0 0 0 0 0 0 0 0 0 0 0 0 0 0 
0.1094 0 0 0 0 0 0 0 0 0 0 0 0 0 0 0 0 0 
0.0822 0 0 0 0 0 0 0 0 0 0 0 0 0 0 0 0 0 
0.0634 0 0 0 0 0 0 0 0 0 0 0 0 0 0 0 0 0 
0.0458 0 0 0 0 0 0 0 0 0 0 0 0 0 0 0 0 0 
0.0328 0 0 0 0 0 0 0 0 0 0 0 0 0 0 0 0 0 
0.02 0 0 0 0 0 0 0 0 0 0 0 0 0 0 0 0 0 
0.0128 0 0 0 0 0 0 0 0 0 0 0 0 0 0 0 0 0 
0.006 0 0 0 0 0 0 0 0 0 0 0 0 0 0 0 0 0 
0.0022 0 0 0 0 0 0 0 0 0 0 0 0 0 0 0 0 0 
0.0008 0 0 0 0 0 0 0 0 0 0 0 0 0 0 0 0 0 
0 0 0 0 0 0 0 0 0 0 0 0 0 0 0 0 0 0 
1 0.9974 0.996 0.9878 0.9752 0.9664 0.9534 0.9262 0.9006 0.8676 0.828 0.7818 0.7262 0.6536 0.5758 0.4806 0.365 0.218 
0.7624 0.0038 0.0008 0.0002 0 0 0 0 0 0 0 0 0 0 0 0 0 0 
0.6206 0.0008 0 0 0 0 0 0 0 0 0 0 0 0 0 0 0 0 
0.5258 0.0002 0 0 0 0 0 0 0 0 0 0 0 0 0 0 0 0 
0.4346 0 0 0 0 0 0 0 0 0 0 0 0 0 0 0 0 0 
0.3548 0 0 0 0 0 0 0 0 0 0 0 0 0 0 0 0 0 
0.2936 0 0 0 0 0 0 0 0 0 0 0 0 0 0 0 0 0 
0.2362 0 0 0 0 0 0 0 0 0 0 0 0 0 0 0 0 0 
0.1908 0 0 0 0 0 0 0 0 0 0 0 0 0 0 0 0 0 
0.1362 0 0 0 0 0 0 0 0 0 0 0 0 0 0 0 0 0 
0.0988 0 0 0 0 0 0 0 0 0 0 0 0 0 0 0 0 0 
0.064 0 0 0 0 0 0 0 0 0 0 0 0 0 0 0 0 0 
0.04 0 0 0 0 0 0 0 0 0 0 0 0 0 0 0 0 0 
0.0214 0 0 0 0 0 0 0 0 0 0 0 0 0 0 0 0 0 
0.0112 0 0 0 0 0 0 0 0 0 0 0 0 0 0 0 0 0 
0.0032 0 0 0 0 0 0 0 0 0 0 0 0 0 0 0 0 0 
0.001 0 0 0 0 0 0 0 0 0 0 0 0 0 0 0 0 0 
0 0 0 0 0 0 0 0 0 0 0 0 0 0 0 0 0 0 
1 0.9982 0.9968 0.9906 0.981 0.9772 0.9632 0.9438 0.928 0.9036 0.8742 0.8362 0.7986 0.7592 0.6918 0.6188 0.5236 0.3784 
0.613 0 0 0 0 0 0 0 0 0 0 0 0 0 0 0 0 0 
0.4726 0 0 0 0 0 0 0 0 0 0 0 0 0 0 0 0 0 
0.379 0 0 0 0 0 0 0 0 0 0 0 0 0 0 0 0 0 
0.3128 0 0 0 0 0 0 0 0 0 0 0 0 0 0 0 0 0 
0.259 0 0 0 0 0 0 0 0 0 0 0 0 0 0 0 0 0 
0.214 0 0 0 0 0 0 0 0 0 0 0 0 0 0 0 0 0 
0.1672 0 0 0 0 0 0 0 0 0 0 0 0 0 0 0 0 0 
0.131 0 0 0 0 0 0 0 0 0 0 0 0 0 0 0 0 0 
0.1006 0 0 0 0 0 0 0 0 0 0 0 0 0 0 0 0 0 
0.071 0 0 0 0 0 0 0 0 0 0 0 0 0 0 0 0 0 
0.0508 0 0 0 0 0 0 0 0 0 0 0 0 0 0 0 0 0 
0.0324 0 0 0 0 0 0 0 0 0 0 0 0 0 0 0 0 0 
0.0162 0 0 0 0 0 0 0 0 0 0 0 0 0 0 0 0 0 
0.0106 0 0 0 0 0 0 0 0 0 0 0 0 0 0 0 0 0 
0.0052 0 0 0 0 0 0 0 0 0 0 0 0 0 0 0 0 0 
0.0014 0 0 0 0 0 0 0 0 0 0 0 0 0 0 0 0 0 
0 0 0 0 0 0 0 0 0 0 0 0 0 0 0 0 0 0 
1 0.9988 0.9976 0.9916 0.9806 0.9694 0.963 0.9398 0.923 0.8992 0.867 0.835 0.7934 0.7474 0.6824 0.6064 0.5104 0.3618 
0.6302 0 0 0 0 0 0 0 0 0 0 0 0 0 0 0 0 0 
0.485 0 0 0 0 0 0 0 0 0 0 0 0 0 0 0 0 0 
0.4006 0 0 0 0 0 0 0 0 0 0 0 0 0 0 0 0 0 
0.3232 0 0 0 0 0 0 0 0 0 0 0 0 0 0 0 0 0 
0.2674 0 0 0 0 0 0 0 0 0 0 0 0 0 0 0 0 0 
0.2136 0 0 0 0 0 0 0 0 0 0 0 0 0 0 0 0 0 
0.1724 0 0 0 0 0 0 0 0 0 0 0 0 0 0 0 0 0 
0.1358 0 0 0 0 0 0 0 0 0 0 0 0 0 0 0 0 0 
0.103 0 0 0 0 0 0 0 0 0 0 0 0 0 0 0 0 0 
0.077 0 0 0 0 0 0 0 0 0 0 0 0 0 0 0 0 0 
0.0554 0 0 0 0 0 0 0 0 0 0 0 0 0 0 0 0 0 
0.0358 0 0 0 0 0 0 0 0 0 0 0 0 0 0 0 0 0 
0.02 0 0 0 0 0 0 0 0 0 0 0 0 0 0 0 0 0 
0.009 0 0 0 0 0 0 0 0 0 0 0 0 0 0 0 0 0 
0.0038 0 0 0 0 0 0 0 0 0 0 0 0 0 0 0 0 0 
0.0006 0 0 0 0 0 0 0 0 0 0 0 0 0 0 0 0 0 
0.0004 0 0 0 0 0 0 0 0 0 0 0 0 0 0 0 0 0 
1 0.9994 0.9976 0.9934 0.9868 0.98 0.9728 0.9626 0.9524 0.9344 0.9158 0.8922 0.8654 0.8332 0.795 0.7372 0.6666 0.5352 
0.459 0 0 0 0 0 0 0 0 0 0 0 0 0 0 0 0 0 
0.3372 0 0 0 0 0 0 0 0 0 0 0 0 0 0 0 0 0 
0.264 0 0 0 0 0 0 0 0 0 0 0 0 0 0 0 0 0 
0.214 0 0 0 0 0 0 0 0 0 0 0 0 0 0 0 0 0 
0.1728 0 0 0 0 0 0 0 0 0 0 0 0 0 0 0 0 0 
0.143 0 0 0 0 0 0 0 0 0 0 0 0 0 0 0 0 0 
0.113 0 0 0 0 0 0 0 0 0 0 0 0 0 0 0 0 0 
0.087 0 0 0 0 0 0 0 0 0 0 0 0 0 0 0 0 0 
0.066 0 0 0 0 0 0 0 0 0 0 0 0 0 0 0 0 0 
0.0468 0 0 0 0 0 0 0 0 0 0 0 0 0 0 0 0 0 
0.0344 0 0 0 0 0 0 0 0 0 0 0 0 0 0 0 0 0 
0.0208 0 0 0 0 0 0 0 0 0 0 0 0 0 0 0 0 0 
0.012 0 0 0 0 0 0 0 0 0 0 0 0 0 0 0 0 0 
0.0062 0 0 0 0 0 0 0 0 0 0 0 0 0 0 0 0 0 
0.0026 0 0 0 0 0 0 0 0 0 0 0 0 0 0 0 0 0 
0.001 0 0 0 0 0 0 0 0 0 0 0 0 0 0 0 0 0 
0.0002 0 0 0 0 0 0 0 0 0 0 0 0 0 0 0 0 0 
1 0.9982 0.9958 0.988 0.985 0.9726 0.962 0.9446 0.9274 0.9142 0.8794 0.8494 0.8044 0.7616 0.7 0.6242 0.5292 0.37 
0.6192 0 0 0 0 0 0 0 0 0 0 0 0 0 0 0 0 0 
0.472 0 0 0 0 0 0 0 0 0 0 0 0 0 0 0 0 0 
0.3744 0 0 0 0 0 0 0 0 0 0 0 0 0 0 0 0 0 
0.3036 0 0 0 0 0 0 0 0 0 0 0 0 0 0 0 0 0 
0.2496 0 0 0 0 0 0 0 0 0 0 0 0 0 0 0 0 0 
0.2036 0 0 0 0 0 0 0 0 0 0 0 0 0 0 0 0 0 
0.1632 0 0 0 0 0 0 0 0 0 0 0 0 0 0 0 0 0 
0.1284 0 0 0 0 0 0 0 0 0 0 0 0 0 0 0 0 0 
0.0956 0 0 0 0 0 0 0 0 0 0 0 0 0 0 0 0 0 
0.0678 0 0 0 0 0 0 0 0 0 0 0 0 0 0 0 0 0 
0.0474 0 0 0 0 0 0 0 0 0 0 0 0 0 0 0 0 0 
0.0326 0 0 0 0 0 0 0 0 0 0 0 0 0 0 0 0 0 
0.0198 0 0 0 0 0 0 0 0 0 0 0 0 0 0 0 0 0 
0.0108 0 0 0 0 0 0 0 0 0 0 0 0 0 0 0 0 0 
0.0046 0 0 0 0 0 0 0 0 0 0 0 0 0 0 0 0 0 
0.0012 0 0 0 0 0 0 0 0 0 0 0 0 0 0 0 0 0 
0.0002 0 0 0 0 0 0 0 0 0 0 0 0 0 0 0 0 0 
1 0.9988 0.9966 0.991 0.9866 0.9778 0.9696 0.9612 0.9464 0.9324 0.9146 0.8926 0.869 0.8334 0.7916 0.7444 0.67 0.5434 
0.4556 0 0 0 0 0 0 0 0 0 0 0 0 0 0 0 0 0 
0.3296 0 0 0 0 0 0 0 0 0 0 0 0 0 0 0 0 0 
0.2598 0 0 0 0 0 0 0 0 0 0 0 0 0 0 0 0 0 
0.2118 0 0 0 0 0 0 0 0 0 0 0 0 0 0 0 0 0 
0.1736 0 0 0 0 0 0 0 0 0 0 0 0 0 0 0 0 0 
0.1354 0 0 0 0 0 0 0 0 0 0 0 0 0 0 0 0 0 
0.1122 0 0 0 0 0 0 0 0 0 0 0 0 0 0 0 0 0 
0.089 0 0 0 0 0 0 0 0 0 0 0 0 0 0 0 0 0 
0.0668 0 0 0 0 0 0 0 0 0 0 0 0 0 0 0 0 0 
0.051 0 0 0 0 0 0 0 0 0 0 0 0 0 0 0 0 0 
0.038 0 0 0 0 0 0 0 0 0 0 0 0 0 0 0 0 0 
0.027 0 0 0 0 0 0 0 0 0 0 0 0 0 0 0 0 0 
0.0158 0 0 0 0 0 0 0 0 0 0 0 0 0 0 0 0 0 
0.0092 0 0 0 0 0 0 0 0 0 0 0 0 0 0 0 0 0 
0.004 0 0 0 0 0 0 0 0 0 0 0 0 0 0 0 0 0 
0.0014 0 0 0 0 0 0 0 0 0 0 0 0 0 0 0 0 0 
0.0004 0 0 0 0 0 0 0 0 0 0 0 0 0 0 0 0 0 
1 0.9984 0.9988 0.9928 0.985 0.981 0.9704 0.9574 0.9476 0.935 0.915 0.8944 0.8592 0.826 0.7772 0.7276 0.6452 0.5226 
0.4712 0 0 0 0 0 0 0 0 0 0 0 0 0 0 0 0 0 
0.354 0 0 0 0 0 0 0 0 0 0 0 0 0 0 0 0 0 
0.274 0 0 0 0 0 0 0 0 0 0 0 0 0 0 0 0 0 
0.224 0 0 0 0 0 0 0 0 0 0 0 0 0 0 0 0 0 
0.1824 0 0 0 0 0 0 0 0 0 0 0 0 0 0 0 0 0 
0.1482 0 0 0 0 0 0 0 0 0 0 0 0 0 0 0 0 0 
0.1172 0 0 0 0 0 0 0 0 0 0 0 0 0 0 0 0 0 
0.091 0 0 0 0 0 0 0 0 0 0 0 0 0 0 0 0 0 
0.068 0 0 0 0 0 0 0 0 0 0 0 0 0 0 0 0 0 
0.0488 0 0 0 0 0 0 0 0 0 0 0 0 0 0 0 0 0 
0.035 0 0 0 0 0 0 0 0 0 0 0 0 0 0 0 0 0 
0.0244 0 0 0 0 0 0 0 0 0 0 0 0 0 0 0 0 0 
0.015 0 0 0 0 0 0 0 0 0 0 0 0 0 0 0 0 0 
0.0088 0 0 0 0 0 0 0 0 0 0 0 0 0 0 0 0 0 
0.0038 0 0 0 0 0 0 0 0 0 0 0 0 0 0 0 0 0 
0.0006 0 0 0 0 0 0 0 0 0 0 0 0 0 0 0 0 0 
0 0 0 0 0 0 0 0 0 0 0 0 0 0 0 0 0 0 
1 0.9992 0.999 0.9942 0.9916 0.9886 0.981 0.9722 0.9664 0.9576 0.944 0.9312 0.914 0.896 0.8698 0.8282 0.776 0.6776 
0.3216 0 0 0 0 0 0 0 0 0 0 0 0 0 0 0 0 0 
0.2274 0 0 0 0 0 0 0 0 0 0 0 0 0 0 0 0 0 
0.174 0 0 0 0 0 0 0 0 0 0 0 0 0 0 0 0 0 
0.1374 0 0 0 0 0 0 0 0 0 0 0 0 0 0 0 0 0 
0.1078 0 0 0 0 0 0 0 0 0 0 0 0 0 0 0 0 0 
0.087 0 0 0 0 0 0 0 0 0 0 0 0 0 0 0 0 0 
0.0702 0 0 0 0 0 0 0 0 0 0 0 0 0 0 0 0 0 
0.0556 0 0 0 0 0 0 0 0 0 0 0 0 0 0 0 0 0 
0.0424 0 0 0 0 0 0 0 0 0 0 0 0 0 0 0 0 0 
0.0324 0 0 0 0 0 0 0 0 0 0 0 0 0 0 0 0 0 
0.0238 0 0 0 0 0 0 0 0 0 0 0 0 0 0 0 0 0 
0.0168 0 0 0 0 0 0 0 0 0 0 0 0 0 0 0 0 0 
0.01 0 0 0 0 0 0 0 0 0 0 0 0 0 0 0 0 0 
0.0042 0 0 0 0 0 0 0 0 0 0 0 0 0 0 0 0 0 
0.0024 0 0 0 0 0 0 0 0 0 0 0 0 0 0 0 0 0 
0.0004 0 0 0 0 0 0 0 0 0 0 0 0 0 0 0 0 0 
0 0 0 0 0 0 0 0 0 0 0 0 0 0 0 0 0 0 
