1 0.998187 0.995812 0.985481 0.971525 0.953456 0.927419 0.895387 0.854981 0.807075 0.752931 0.691275 0.626337 0.5567 0.481387 0.400706 0.3133 0.215394 
0.748487 0.380756 0.233919 0.136581 0.0795937 0.044575 0.0231187 0.0105688 0.003425 0.000775 8.125e-05 1.25e-05 0 0 0 0 0 0 
0.603775 0.179275 0.064725 0.01605 0.0031625 0.0004 6.25e-06 6.25e-06 0 0 0 0 0 0 0 0 0 0 
0.487369 0.0903438 0.0190812 0.001575 5e-05 0 0 0 0 0 0 0 0 0 0 0 0 0 
0.388369 0.0424563 0.0048625 0.0001125 0 0 0 0 0 0 0 0 0 0 0 0 0 0 
0.30075 0.0165937 0.00069375 0 0 0 0 0 0 0 0 0 0 0 0 0 0 0 
0.226556 0.00525 7.5e-05 0 0 0 0 0 0 0 0 0 0 0 0 0 0 0 
0.163956 0.0014125 2.5e-05 0 0 0 0 0 0 0 0 0 0 0 0 0 0 0 
0.114225 0.00024375 0 0 0 0 0 0 0 0 0 0 0 0 0 0 0 0 
0.076175 4.375e-05 0 0 0 0 0 0 0 0 0 0 0 0 0 0 0 0 
0.0484625 6.25e-06 0 0 0 0 0 0 0 0 0 0 0 0 0 0 0 0 
0.0279 0 0 0 0 0 0 0 0 0 0 0 0 0 0 0 0 0 
0.015625 0 0 0 0 0 0 0 0 0 0 0 0 0 0 0 0 0 
0.00745 0 0 0 0 0 0 0 0 0 0 0 0 0 0 0 0 0 
0.00278125 0 0 0 0 0 0 0 0 0 0 0 0 0 0 0 0 0 
0.0007375 0 0 0 0 0 0 0 0 0 0 0 0 0 0 0 0 0 
0.00015 0 0 0 0 0 0 0 0 0 0 0 0 0 0 0 0 0 
1.875e-05 0 0 0 0 0 0 0 0 0 0 0 0 0 0 0 0 0 
1 0.997562 0.993775 0.9793 0.954712 0.922587 0.881238 0.833287 0.773663 0.706875 0.6352 0.564263 0.492512 0.422537 0.351512 0.280337 0.2087 0.139812 
0.822437 0.586925 0.416537 0.269187 0.161937 0.0943375 0.0489875 0.0225625 0.0077875 0.001975 0.0005125 0.0001625 6.25e-05 1.25e-05 0 0 0 0 
0.671912 0.317237 0.136737 0.037275 0.0066625 0.001075 0.0001 2.5e-05 0 0 0 0 0 0 0 0 0 0 
0.538413 0.172912 0.0454625 0.0049625 0.00015 2.5e-05 0 0 0 0 0 0 0 0 0 0 0 0 
0.418137 0.0824375 0.0104125 0.000375 0 0 0 0 0 0 0 0 0 0 0 0 0 0 
0.312337 0.0328375 0.001825 2.5e-05 0 0 0 0 0 0 0 0 0 0 0 0 0 0 
0.225787 0.0113375 0.0001875 0 0 0 0 0 0 0 0 0 0 0 0 0 0 0 
0.154537 0.0027 2.5e-05 0 0 0 0 0 0 0 0 0 0 0 0 0 0 0 
0.100462 0.0005375 1.25e-05 0 0 0 0 0 0 0 0 0 0 0 0 0 0 0 
0.0634875 3.75e-05 0 0 0 0 0 0 0 0 0 0 0 0 0 0 0 0 
0.038375 1.25e-05 0 0 0 0 0 0 0 0 0 0 0 0 0 0 0 0 
0.0214375 0 0 0 0 0 0 0 0 0 0 0 0 0 0 0 0 0 
0.010925 0 0 0 0 0 0 0 0 0 0 0 0 0 0 0 0 0 
0.0048125 0 0 0 0 0 0 0 0 0 0 0 0 0 0 0 0 0 
0.0019375 0 0 0 0 0 0 0 0 0 0 0 0 0 0 0 0 0 
0.000625 0 0 0 0 0 0 0 0 0 0 0 0 0 0 0 0 0 
0.0001 0 0 0 0 0 0 0 0 0 0 0 0 0 0 0 0 0 
2.5e-05 0 0 0 0 0 0 0 0 0 0 0 0 0 0 0 0 0 
1 0.998562 0.996975 0.990612 0.982575 0.972875 0.961 0.946625 0.926787 0.903625 0.873637 0.837375 0.7949 0.741037 0.680587 0.603075 0.502775 0.361575 
0.624462 0.0398 0.013175 0.0053625 0.0030125 0.0015125 0.0007 0.0002 8.75e-05 0 0 0 0 0 0 0 0 0 
0.483462 0.009925 0.0013875 0.000125 1.25e-05 1.25e-05 0 0 0 0 0 0 0 0 0 0 0 0 
0.391762 0.0042375 0.000325 0 0 0 0 0 0 0 0 0 0 0 0 0 0 0 
0.318913 0.0016 8.75e-05 1.25e-05 0 0 0 0 0 0 0 0 0 0 0 0 0 0 
0.25815 0.0006875 1.25e-05 0 0 0 0 0 0 0 0 0 0 0 0 0 0 0 
0.20855 0.0002375 0 0 0 0 0 0 0 0 0 0 0 0 0 0 0 0 
0.16525 6.25e-05 0 0 0 0 0 0 0 0 0 0 0 0 0 0 0 0 
0.127875 1.25e-05 0 0 0 0 0 0 0 0 0 0 0 0 0 0 0 0 
0.0952875 0 0 0 0 0 0 0 0 0 0 0 0 0 0 0 0 0 
0.0672125 0 0 0 0 0 0 0 0 0 0 0 0 0 0 0 0 0 
0.04475 0 0 0 0 0 0 0 0 0 0 0 0 0 0 0 0 0 
0.029175 0 0 0 0 0 0 0 0 0 0 0 0 0 0 0 0 0 
0.0166375 0 0 0 0 0 0 0 0 0 0 0 0 0 0 0 0 0 
0.00805 0 0 0 0 0 0 0 0 0 0 0 0 0 0 0 0 0 
0.002725 0 0 0 0 0 0 0 0 0 0 0 0 0 0 0 0 0 
0.000525 0 0 0 0 0 0 0 0 0 0 0 0 0 0 0 0 0 
2.5e-05 0 0 0 0 0 0 0 0 0 0 0 0 0 0 0 0 0 
1 0.99685 0.9921 0.971325 0.93335 0.8909 0.835525 0.768525 0.685825 0.605975 0.518125 0.441675 0.36915 0.305975 0.24135 0.187875 0.135275 0.093625 
0.87385 0.74485 0.5918 0.425725 0.263925 0.163225 0.087325 0.0423 0.013475 0.004175 0.001275 0.000325 0.000125 0 0 0 0 0 
0.71335 0.4468 0.21705 0.072125 0.011975 0.002575 0.000175 5e-05 2.5e-05 0 0 0 0 0 0 0 0 0 
0.56655 0.25175 0.07505 0.0106 0.000475 7.5e-05 2.5e-05 0 0 0 0 0 0 0 0 0 0 0 
0.424825 0.121275 0.01835 0.000975 0 0 0 0 0 0 0 0 0 0 0 0 0 0 
0.304225 0.048375 0.00335 0.000125 0 0 0 0 0 0 0 0 0 0 0 0 0 0 
0.203925 0.014775 0.000475 5e-05 0 0 0 0 0 0 0 0 0 0 0 0 0 0 
0.129525 0.0038 0.0001 2.5e-05 0 0 0 0 0 0 0 0 0 0 0 0 0 0 
0.078575 0.001 0 0 0 0 0 0 0 0 0 0 0 0 0 0 0 0 
0.045325 0.000175 0 0 0 0 0 0 0 0 0 0 0 0 0 0 0 0 
0.025175 2.5e-05 0 0 0 0 0 0 0 0 0 0 0 0 0 0 0 0 
0.012975 0 0 0 0 0 0 0 0 0 0 0 0 0 0 0 0 0 
0.005375 0 0 0 0 0 0 0 0 0 0 0 0 0 0 0 0 0 
0.00195 0 0 0 0 0 0 0 0 0 0 0 0 0 0 0 0 0 
0.000675 0 0 0 0 0 0 0 0 0 0 0 0 0 0 0 0 0 
7.5e-05 0 0 0 0 0 0 0 0 0 0 0 0 0 0 0 0 0 
5e-05 0 0 0 0 0 0 0 0 0 0 0 0 0 0 0 0 0 
0 0 0 0 0 0 0 0 0 0 0 0 0 0 0 0 0 0 
1 0.998275 0.99645 0.9892 0.979575 0.96725 0.952075 0.931325 0.909575 0.879775 0.845025 0.8033 0.754675 0.694425 0.62755 0.547675 0.451725 0.3168 
0.6626 0.150125 0.067825 0.034525 0.019375 0.0109 0.005825 0.002775 0.001025 0.000225 2.5e-05 0 0 0 0 0 0 0 
0.515675 0.050075 0.01195 0.00255 0.000375 2.5e-05 0 0 0 0 0 0 0 0 0 0 0 0 
0.4145 0.02315 0.002975 0.000175 0 0 0 0 0 0 0 0 0 0 0 0 0 0 
0.334425 0.011425 0.000625 2.5e-05 0 0 0 0 0 0 0 0 0 0 0 0 0 0 
0.2714 0.005125 0.000175 0 0 0 0 0 0 0 0 0 0 0 0 0 0 0 
0.212425 0.001925 2.5e-05 0 0 0 0 0 0 0 0 0 0 0 0 0 0 0 
0.16595 0.0005 0 0 0 0 0 0 0 0 0 0 0 0 0 0 0 0 
0.1249 5e-05 0 0 0 0 0 0 0 0 0 0 0 0 0 0 0 0 
0.09175 2.5e-05 0 0 0 0 0 0 0 0 0 0 0 0 0 0 0 0 
0.064375 0 0 0 0 0 0 0 0 0 0 0 0 0 0 0 0 0 
0.04315 0 0 0 0 0 0 0 0 0 0 0 0 0 0 0 0 0 
0.0265 0 0 0 0 0 0 0 0 0 0 0 0 0 0 0 0 0 
0.014025 0 0 0 0 0 0 0 0 0 0 0 0 0 0 0 0 0 
0.0068 0 0 0 0 0 0 0 0 0 0 0 0 0 0 0 0 0 
0.0024 0 0 0 0 0 0 0 0 0 0 0 0 0 0 0 0 0 
0.0006 0 0 0 0 0 0 0 0 0 0 0 0 0 0 0 0 0 
5e-05 0 0 0 0 0 0 0 0 0 0 0 0 0 0 0 0 0 
1 0.9986 0.996525 0.988875 0.979925 0.967975 0.95155 0.933625 0.908225 0.878725 0.84315 0.79735 0.7426 0.68035 0.6077 0.519975 0.414 0.27295 
0.708875 0.1016 0.038325 0.016325 0.008275 0.0046 0.0025 0.001225 0.0005 0.000125 2.5e-05 0 0 0 0 0 0 0 
0.56075 0.02895 0.004925 0.000625 0.00015 0 0 0 0 0 0 0 0 0 0 0 0 0 
0.46085 0.01235 0.000925 2.5e-05 0 0 0 0 0 0 0 0 0 0 0 0 0 0 
0.375525 0.0057 0.000325 0 0 0 0 0 0 0 0 0 0 0 0 0 0 0 
0.3048 0.002425 2.5e-05 0 0 0 0 0 0 0 0 0 0 0 0 0 0 0 
0.245175 0.0007 0 0 0 0 0 0 0 0 0 0 0 0 0 0 0 0 
0.191875 0.000275 0 0 0 0 0 0 0 0 0 0 0 0 0 0 0 0 
0.1455 0.000125 0 0 0 0 0 0 0 0 0 0 0 0 0 0 0 0 
0.1067 5e-05 0 0 0 0 0 0 0 0 0 0 0 0 0 0 0 0 
0.0775 0 0 0 0 0 0 0 0 0 0 0 0 0 0 0 0 0 
0.050325 0 0 0 0 0 0 0 0 0 0 0 0 0 0 0 0 0 
0.030625 0 0 0 0 0 0 0 0 0 0 0 0 0 0 0 0 0 
0.0171 0 0 0 0 0 0 0 0 0 0 0 0 0 0 0 0 0 
0.007875 0 0 0 0 0 0 0 0 0 0 0 0 0 0 0 0 0 
0.002775 0 0 0 0 0 0 0 0 0 0 0 0 0 0 0 0 0 
0.00055 0 0 0 0 0 0 0 0 0 0 0 0 0 0 0 0 0 
2.5e-05 0 0 0 0 0 0 0 0 0 0 0 0 0 0 0 0 0 
1 0.9986 0.996925 0.99185 0.98515 0.97725 0.9672 0.954725 0.939975 0.920925 0.898725 0.86965 0.8374 0.796775 0.7461 0.680225 0.59005 0.45025 
0.54295 7.5e-05 0 0 0 0 0 0 0 0 0 0 0 0 0 0 0 0 
0.4071 0 0 0 0 0 0 0 0 0 0 0 0 0 0 0 0 0 
0.32515 0 0 0 0 0 0 0 0 0 0 0 0 0 0 0 0 0 
0.260325 0 0 0 0 0 0 0 0 0 0 0 0 0 0 0 0 0 
0.21305 0 0 0 0 0 0 0 0 0 0 0 0 0 0 0 0 0 
0.171 0 0 0 0 0 0 0 0 0 0 0 0 0 0 0 0 0 
0.135925 0 0 0 0 0 0 0 0 0 0 0 0 0 0 0 0 0 
0.106575 0 0 0 0 0 0 0 0 0 0 0 0 0 0 0 0 0 
0.080675 0 0 0 0 0 0 0 0 0 0 0 0 0 0 0 0 0 
0.058975 0 0 0 0 0 0 0 0 0 0 0 0 0 0 0 0 0 
0.040375 0 0 0 0 0 0 0 0 0 0 0 0 0 0 0 0 0 
0.026825 0 0 0 0 0 0 0 0 0 0 0 0 0 0 0 0 0 
0.016225 0 0 0 0 0 0 0 0 0 0 0 0 0 0 0 0 0 
0.008475 0 0 0 0 0 0 0 0 0 0 0 0 0 0 0 0 0 
0.003675 0 0 0 0 0 0 0 0 0 0 0 0 0 0 0 0 0 
0.000775 0 0 0 0 0 0 0 0 0 0 0 0 0 0 0 0 0 
7.5e-05 0 0 0 0 0 0 0 0 0 0 0 0 0 0 0 0 0 
1 0.99695 0.991 0.9695 0.915 0.8689 0.79325 0.7136 0.6188 0.5267 0.4307 0.3577 0.2836 0.2276 0.1705 0.13075 0.0906 0.06345 
0.90435 0.8319 0.71465 0.558 0.35625 0.22685 0.12315 0.06135 0.02105 0.00715 0.0027 0.0012 0.00045 0.0001 5e-05 5e-05 0 0 
0.72835 0.52875 0.28635 0.10515 0.01575 0.00375 0.00035 0.0001 0 5e-05 0 0 0 0 0 0 0 0 
0.57625 0.31055 0.10515 0.01915 0.0008 0.0002 0 5e-05 0 5e-05 0 0 0 0 0 0 0 0 
0.4138 0.1449 0.02555 0.00175 0.0001 0 0 0 0 0 0 0 0 0 0 0 0 0 
0.28845 0.0604 0.00505 0.0003 0 0 0 0 0 0 0 0 0 0 0 0 0 0 
0.17745 0.01805 0.00095 0.00015 0 0 0 0 0 0 0 0 0 0 0 0 0 0 
0.1071 0.00525 0.0002 0 0 0 0 0 0 0 0 0 0 0 0 0 0 0 
0.05815 0.0014 5e-05 0 0 0 0 0 0 0 0 0 0 0 0 0 0 0 
0.02835 0.00055 0 0 0 0 0 0 0 0 0 0 0 0 0 0 0 0 
0.01335 0.0002 0 0 0 0 0 0 0 0 0 0 0 0 0 0 0 0 
0.00635 0 0 0 0 0 0 0 0 0 0 0 0 0 0 0 0 0 
0.0022 5e-05 0 0 0 0 0 0 0 0 0 0 0 0 0 0 0 0 
0.00105 0 0 0 0 0 0 0 0 0 0 0 0 0 0 0 0 0 
0.0002 0 0 0 0 0 0 0 0 0 0 0 0 0 0 0 0 0 
0 0 0 0 0 0 0 0 0 0 0 0 0 0 0 0 0 0 
0 0 0 0 0 0 0 0 0 0 0 0 0 0 0 0 0 0 
0 0 0 0 0 0 0 0 0 0 0 0 0 0 0 0 0 0 
1 0.9982 0.9946 0.9843 0.96765 0.9476 0.92125 0.88695 0.8522 0.806 0.75685 0.70355 0.64595 0.58285 0.5167 0.44375 0.36165 0.26315 
0.71105 0.39245 0.25245 0.1529 0.0919 0.0521 0.0276 0.0142 0.00495 0.00115 0.00035 0.00015 0 0 0 0 0 0 
0.548 0.1867 0.07065 0.0175 0.00395 0.00035 0 0 0 0 0 0 0 0 0 0 0 0 
0.4349 0.09745 0.0233 0.00225 0.0002 0 0 0 0 0 0 0 0 0 0 0 0 0 
0.3372 0.0471 0.0054 0 0 0 0 0 0 0 0 0 0 0 0 0 0 0 
0.2593 0.0188 0.0009 0 0 0 0 0 0 0 0 0 0 0 0 0 0 0 
0.1924 0.00635 0.00015 0 0 0 0 0 0 0 0 0 0 0 0 0 0 0 
0.13935 0.0017 5e-05 0 0 0 0 0 0 0 0 0 0 0 0 0 0 0 
0.09965 0.00055 0 0 0 0 0 0 0 0 0 0 0 0 0 0 0 0 
0.06825 0.0001 0 0 0 0 0 0 0 0 0 0 0 0 0 0 0 0 
0.044 0 0 0 0 0 0 0 0 0 0 0 0 0 0 0 0 0 
0.0267 0 0 0 0 0 0 0 0 0 0 0 0 0 0 0 0 0 
0.01675 0 0 0 0 0 0 0 0 0 0 0 0 0 0 0 0 0 
0.00955 0 0 0 0 0 0 0 0 0 0 0 0 0 0 0 0 0 
0.0043 0 0 0 0 0 0 0 0 0 0 0 0 0 0 0 0 0 
0.0014 0 0 0 0 0 0 0 0 0 0 0 0 0 0 0 0 0 
0.00035 0 0 0 0 0 0 0 0 0 0 0 0 0 0 0 0 0 
0 0 0 0 0 0 0 0 0 0 0 0 0 0 0 0 0 0 
1 0.99815 0.9951 0.98575 0.9707 0.9562 0.9335 0.90795 0.8716 0.83155 0.7848 0.73095 0.6709 0.6013 0.528 0.4442 0.34775 0.23165 
0.7435 0.30415 0.16665 0.0946 0.05455 0.03165 0.01635 0.00805 0.00275 0.0008 0.0002 0 0 0 0 0 0 0 
0.58545 0.12005 0.03375 0.0078 0.00115 0.0001 0 0 0 0 0 0 0 0 0 0 0 0 
0.4712 0.05565 0.0092 0.0008 0 0 0 0 0 0 0 0 0 0 0 0 0 0 
0.37765 0.0264 0.00235 0.00015 0 0 0 0 0 0 0 0 0 0 0 0 0 0 
0.30265 0.01095 0.00065 0 0 0 0 0 0 0 0 0 0 0 0 0 0 0 
0.2314 0.00355 0.0001 0 0 0 0 0 0 0 0 0 0 0 0 0 0 0 
0.1784 0.0009 0 0 0 0 0 0 0 0 0 0 0 0 0 0 0 0 
0.12945 0.00025 0 0 0 0 0 0 0 0 0 0 0 0 0 0 0 0 
0.09325 0 0 0 0 0 0 0 0 0 0 0 0 0 0 0 0 0 
0.0623 0 0 0 0 0 0 0 0 0 0 0 0 0 0 0 0 0 
0.0395 0 0 0 0 0 0 0 0 0 0 0 0 0 0 0 0 0 
0.0223 0 0 0 0 0 0 0 0 0 0 0 0 0 0 0 0 0 
0.01225 0 0 0 0 0 0 0 0 0 0 0 0 0 0 0 0 0 
0.00475 0 0 0 0 0 0 0 0 0 0 0 0 0 0 0 0 0 
0.0019 0 0 0 0 0 0 0 0 0 0 0 0 0 0 0 0 0 
0.00045 0 0 0 0 0 0 0 0 0 0 0 0 0 0 0 0 0 
0 0 0 0 0 0 0 0 0 0 0 0 0 0 0 0 0 0 
1 0.99875 0.99665 0.9923 0.98555 0.9753 0.96595 0.9523 0.9364 0.91805 0.8895 0.85965 0.82555 0.77955 0.7265 0.6573 0.5624 0.42095 
0.5699 0.00315 0.0009 0.00025 5e-05 5e-05 5e-05 5e-05 0 0 0 0 0 0 0 0 0 0 
0.4333 0.00035 5e-05 0 0 0 0 0 0 0 0 0 0 0 0 0 0 0 
0.3497 0.0001 0 0 0 0 0 0 0 0 0 0 0 0 0 0 0 0 
0.28025 5e-05 0 0 0 0 0 0 0 0 0 0 0 0 0 0 0 0 
0.2296 0 0 0 0 0 0 0 0 0 0 0 0 0 0 0 0 0 
0.18335 0 0 0 0 0 0 0 0 0 0 0 0 0 0 0 0 0 
0.1445 0 0 0 0 0 0 0 0 0 0 0 0 0 0 0 0 0 
0.11545 0 0 0 0 0 0 0 0 0 0 0 0 0 0 0 0 0 
0.0844 0 0 0 0 0 0 0 0 0 0 0 0 0 0 0 0 0 
0.0614 0 0 0 0 0 0 0 0 0 0 0 0 0 0 0 0 0 
0.0422 0 0 0 0 0 0 0 0 0 0 0 0 0 0 0 0 0 
0.02805 0 0 0 0 0 0 0 0 0 0 0 0 0 0 0 0 0 
0.01705 0 0 0 0 0 0 0 0 0 0 0 0 0 0 0 0 0 
0.009 0 0 0 0 0 0 0 0 0 0 0 0 0 0 0 0 0 
0.0031 0 0 0 0 0 0 0 0 0 0 0 0 0 0 0 0 0 
0.0009 0 0 0 0 0 0 0 0 0 0 0 0 0 0 0 0 0 
0.00015 0 0 0 0 0 0 0 0 0 0 0 0 0 0 0 0 0 
1 0.9981 0.99525 0.9866 0.9756 0.95855 0.94025 0.91435 0.88405 0.84805 0.80035 0.7475 0.68355 0.6101 0.52485 0.43385 0.3266 0.20215 
0.7712 0.21315 0.093 0.04495 0.02405 0.0131 0.0071 0.0037 0.0012 0.00025 5e-05 0 0 0 0 0 0 0 
0.6285 0.07205 0.01225 0.0022 0.00025 5e-05 0 0 0 0 0 0 0 0 0 0 0 0 
0.5155 0.0325 0.0036 0.0001 0 0 0 0 0 0 0 0 0 0 0 0 0 0 
0.42295 0.0136 0.0006 0 0 0 0 0 0 0 0 0 0 0 0 0 0 0 
0.3429 0.0055 0 0 0 0 0 0 0 0 0 0 0 0 0 0 0 0 
0.27015 0.00255 0 0 0 0 0 0 0 0 0 0 0 0 0 0 0 0 
0.2086 0.00055 0 0 0 0 0 0 0 0 0 0 0 0 0 0 0 0 
0.1596 0.0001 0 0 0 0 0 0 0 0 0 0 0 0 0 0 0 0 
0.11665 5e-05 0 0 0 0 0 0 0 0 0 0 0 0 0 0 0 0 
0.0784 0 0 0 0 0 0 0 0 0 0 0 0 0 0 0 0 0 
0.0517 0 0 0 0 0 0 0 0 0 0 0 0 0 0 0 0 0 
0.03075 0 0 0 0 0 0 0 0 0 0 0 0 0 0 0 0 0 
0.0158 0 0 0 0 0 0 0 0 0 0 0 0 0 0 0 0 0 
0.00785 0 0 0 0 0 0 0 0 0 0 0 0 0 0 0 0 0 
0.0027 0 0 0 0 0 0 0 0 0 0 0 0 0 0 0 0 0 
0.0005 0 0 0 0 0 0 0 0 0 0 0 0 0 0 0 0 0 
0 0 0 0 0 0 0 0 0 0 0 0 0 0 0 0 0 0 
1 0.99805 0.99685 0.9898 0.98285 0.97385 0.96245 0.94985 0.93075 0.9097 0.8828 0.85095 0.80825 0.7592 0.6947 0.61745 0.51935 0.373 
0.61725 0.0005 5e-05 0 0 0 0 0 0 0 0 0 0 0 0 0 0 0 
0.47545 0.0001 0 0 0 0 0 0 0 0 0 0 0 0 0 0 0 0 
0.38755 5e-05 0 0 0 0 0 0 0 0 0 0 0 0 0 0 0 0 
0.3114 0 0 0 0 0 0 0 0 0 0 0 0 0 0 0 0 0 
0.2546 0 0 0 0 0 0 0 0 0 0 0 0 0 0 0 0 0 
0.20135 0 0 0 0 0 0 0 0 0 0 0 0 0 0 0 0 0 
0.16035 0 0 0 0 0 0 0 0 0 0 0 0 0 0 0 0 0 
0.123 0 0 0 0 0 0 0 0 0 0 0 0 0 0 0 0 0 
0.09325 0 0 0 0 0 0 0 0 0 0 0 0 0 0 0 0 0 
0.06785 0 0 0 0 0 0 0 0 0 0 0 0 0 0 0 0 0 
0.04695 0 0 0 0 0 0 0 0 0 0 0 0 0 0 0 0 0 
0.0298 0 0 0 0 0 0 0 0 0 0 0 0 0 0 0 0 0 
0.0176 0 0 0 0 0 0 0 0 0 0 0 0 0 0 0 0 0 
0.0091 0 0 0 0 0 0 0 0 0 0 0 0 0 0 0 0 0 
0.00345 0 0 0 0 0 0 0 0 0 0 0 0 0 0 0 0 0 
0.0005 0 0 0 0 0 0 0 0 0 0 0 0 0 0 0 0 0 
0 0 0 0 0 0 0 0 0 0 0 0 0 0 0 0 0 0 
1 0.9984 0.99635 0.99085 0.9811 0.97325 0.96105 0.9462 0.9264 0.90185 0.87465 0.84395 0.79825 0.7497 0.6889 0.6113 0.51125 0.36315 
0.6273 0.00045 5e-05 0 0 0 0 0 0 0 0 0 0 0 0 0 0 0 
0.48435 0 0 0 0 0 0 0 0 0 0 0 0 0 0 0 0 0 
0.3933 0 0 0 0 0 0 0 0 0 0 0 0 0 0 0 0 0 
0.3193 0 0 0 0 0 0 0 0 0 0 0 0 0 0 0 0 0 
0.25975 0 0 0 0 0 0 0 0 0 0 0 0 0 0 0 0 0 
0.21225 0 0 0 0 0 0 0 0 0 0 0 0 0 0 0 0 0 
0.1668 0 0 0 0 0 0 0 0 0 0 0 0 0 0 0 0 0 
0.13115 0 0 0 0 0 0 0 0 0 0 0 0 0 0 0 0 0 
0.10095 0 0 0 0 0 0 0 0 0 0 0 0 0 0 0 0 0 
0.0715 0 0 0 0 0 0 0 0 0 0 0 0 0 0 0 0 0 
0.04905 0 0 0 0 0 0 0 0 0 0 0 0 0 0 0 0 0 
0.03255 0 0 0 0 0 0 0 0 0 0 0 0 0 0 0 0 0 
0.01995 0 0 0 0 0 0 0 0 0 0 0 0 0 0 0 0 0 
0.00965 0 0 0 0 0 0 0 0 0 0 0 0 0 0 0 0 0 
0.00415 0 0 0 0 0 0 0 0 0 0 0 0 0 0 0 0 0 
0.00075 0 0 0 0 0 0 0 0 0 0 0 0 0 0 0 0 0 
0.00015 0 0 0 0 0 0 0 0 0 0 0 0 0 0 0 0 0 
1 0.9989 0.99745 0.9926 0.98655 0.9803 0.9727 0.96225 0.95035 0.93335 0.91345 0.8908 0.8623 0.828 0.7855 0.73195 0.65745 0.53125 
0.4633 0 0 0 0 0 0 0 0 0 0 0 0 0 0 0 0 0 
0.3436 0 0 0 0 0 0 0 0 0 0 0 0 0 0 0 0 0 
0.2696 0 0 0 0 0 0 0 0 0 0 0 0 0 0 0 0 0 
0.2192 0 0 0 0 0 0 0 0 0 0 0 0 0 0 0 0 0 
0.1784 0 0 0 0 0 0 0 0 0 0 0 0 0 0 0 0 0 
0.14385 0 0 0 0 0 0 0 0 0 0 0 0 0 0 0 0 0 
0.11575 0 0 0 0 0 0 0 0 0 0 0 0 0 0 0 0 0 
0.09185 0 0 0 0 0 0 0 0 0 0 0 0 0 0 0 0 0 
0.06935 0 0 0 0 0 0 0 0 0 0 0 0 0 0 0 0 0 
0.05095 0 0 0 0 0 0 0 0 0 0 0 0 0 0 0 0 0 
0.0354 0 0 0 0 0 0 0 0 0 0 0 0 0 0 0 0 0 
0.0224 0 0 0 0 0 0 0 0 0 0 0 0 0 0 0 0 0 
0.0116 0 0 0 0 0 0 0 0 0 0 0 0 0 0 0 0 0 
0.006 0 0 0 0 0 0 0 0 0 0 0 0 0 0 0 0 0 
0.00285 0 0 0 0 0 0 0 0 0 0 0 0 0 0 0 0 0 
0.0007 0 0 0 0 0 0 0 0 0 0 0 0 0 0 0 0 0 
5e-05 0 0 0 0 0 0 0 0 0 0 0 0 0 0 0 0 0 
1 0.996 0.989 0.9659 0.9023 0.8527 0.7603 0.68 0.568 0.4756 0.3691 0.3024 0.2251 0.1814 0.1324 0.1008 0.0668 0.0466 
0.9234 0.872 0.7774 0.6422 0.4069 0.27 0.1414 0.0747 0.0227 0.0068 0.0032 0.002 0.0008 0.0004 0.0003 0.0001 0 0 
0.7481 0.5832 0.3327 0.1367 0.0195 0.0067 0.0008 0.0006 0.0001 0.0001 0 0 0 0 0 0 0 0 
0.5931 0.3536 0.1225 0.0306 0.0021 0.0007 0 0.0001 0 0 0 0 0 0 0 0 0 0 
0.4083 0.1605 0.025 0.0032 0 0 0 0 0 0 0 0 0 0 0 0 0 0 
0.2761 0.0647 0.0067 0.0007 0.0001 0 0 0 0 0 0 0 0 0 0 0 0 0 
0.1629 0.0202 0.0008 0.0001 0 0 0 0 0 0 0 0 0 0 0 0 0 0 
0.0891 0.0059 0.0001 0.0001 0 0 0 0 0 0 0 0 0 0 0 0 0 0 
0.0452 0.0021 0 0 0 0 0 0 0 0 0 0 0 0 0 0 0 0 
0.0214 0.0002 0 0 0 0 0 0 0 0 0 0 0 0 0 0 0 0 
0.0086 0.0003 0 0 0 0 0 0 0 0 0 0 0 0 0 0 0 0 
0.0046 0.0001 0 0 0 0 0 0 0 0 0 0 0 0 0 0 0 0 
0.0019 0 0 0 0 0 0 0 0 0 0 0 0 0 0 0 0 0 
0.001 0 0 0 0 0 0 0 0 0 0 0 0 0 0 0 0 0 
0.0001 0 0 0 0 0 0 0 0 0 0 0 0 0 0 0 0 0 
0.0001 0 0 0 0 0 0 0 0 0 0 0 0 0 0 0 0 0 
0 0 0 0 0 0 0 0 0 0 0 0 0 0 0 0 0 0 
0 0 0 0 0 0 0 0 0 0 0 0 0 0 0 0 0 0 
1 0.9973 0.9935 0.9703 0.936 0.8937 0.8376 0.7648 0.6843 0.6037 0.5298 0.4556 0.3914 0.3346 0.2824 0.23 0.1767 0.1202 
0.8426 0.7013 0.5608 0.3886 0.2497 0.1435 0.0777 0.0324 0.0088 0.0023 0.0007 0.0001 0 0 0 0 0 0 
0.6858 0.4339 0.2291 0.0765 0.0153 0.0025 0.0003 0 0 0 0 0 0 0 0 0 0 0 
0.5524 0.2517 0.0886 0.0104 0.0007 0 0 0 0 0 0 0 0 0 0 0 0 0 
0.4202 0.1252 0.0235 0.0005 0 0 0 0 0 0 0 0 0 0 0 0 0 0 
0.2962 0.0514 0.0053 0 0 0 0 0 0 0 0 0 0 0 0 0 0 0 
0.1974 0.0155 0.0004 0 0 0 0 0 0 0 0 0 0 0 0 0 0 0 
0.1301 0.0047 0 0 0 0 0 0 0 0 0 0 0 0 0 0 0 0 
0.0755 0.0008 0 0 0 0 0 0 0 0 0 0 0 0 0 0 0 0 
0.0435 0.0002 0 0 0 0 0 0 0 0 0 0 0 0 0 0 0 0 
0.0262 0 0 0 0 0 0 0 0 0 0 0 0 0 0 0 0 0 
0.0141 0 0 0 0 0 0 0 0 0 0 0 0 0 0 0 0 0 
0.0068 0 0 0 0 0 0 0 0 0 0 0 0 0 0 0 0 0 
0.0034 0 0 0 0 0 0 0 0 0 0 0 0 0 0 0 0 0 
0.0011 0 0 0 0 0 0 0 0 0 0 0 0 0 0 0 0 0 
0.0004 0 0 0 0 0 0 0 0 0 0 0 0 0 0 0 0 0 
0 0 0 0 0 0 0 0 0 0 0 0 0 0 0 0 0 0 
0 0 0 0 0 0 0 0 0 0 0 0 0 0 0 0 0 0 
1 0.9983 0.9935 0.976 0.9505 0.916 0.8749 0.8226 0.7676 0.6988 0.6359 0.5657 0.4914 0.429 0.3661 0.2973 0.226 0.1578 
0.8065 0.609 0.4484 0.3075 0.1925 0.1174 0.0646 0.0294 0.013 0.0029 0.0008 0.0001 0 0 0 0 0 0 
0.6344 0.3251 0.1448 0.0434 0.0082 0.0011 0 0 0 0 0 0 0 0 0 0 0 0 
0.4971 0.1785 0.05 0.0055 0.0001 0 0 0 0 0 0 0 0 0 0 0 0 0 
0.3754 0.0848 0.0116 0.0005 0 0 0 0 0 0 0 0 0 0 0 0 0 0 
0.2734 0.0338 0.0016 0 0 0 0 0 0 0 0 0 0 0 0 0 0 0 
0.2009 0.0128 0 0 0 0 0 0 0 0 0 0 0 0 0 0 0 0 
0.1358 0.0033 0 0 0 0 0 0 0 0 0 0 0 0 0 0 0 0 
0.0893 0.0001 0 0 0 0 0 0 0 0 0 0 0 0 0 0 0 0 
0.0566 0 0 0 0 0 0 0 0 0 0 0 0 0 0 0 0 0 
0.0343 0 0 0 0 0 0 0 0 0 0 0 0 0 0 0 0 0 
0.0201 0 0 0 0 0 0 0 0 0 0 0 0 0 0 0 0 0 
0.0104 0 0 0 0 0 0 0 0 0 0 0 0 0 0 0 0 0 
0.0047 0 0 0 0 0 0 0 0 0 0 0 0 0 0 0 0 0 
0.0023 0 0 0 0 0 0 0 0 0 0 0 0 0 0 0 0 0 
0.0006 0 0 0 0 0 0 0 0 0 0 0 0 0 0 0 0 0 
0 0 0 0 0 0 0 0 0 0 0 0 0 0 0 0 0 0 
0 0 0 0 0 0 0 0 0 0 0 0 0 0 0 0 0 0 
1 0.9983 0.9976 0.9915 0.9843 0.974 0.9655 0.9508 0.9316 0.9146 0.8861 0.8566 0.8203 0.7729 0.7198 0.6451 0.5556 0.418 
0.5731 0.0612 0.0259 0.0122 0.0076 0.004 0.0021 0.0009 0.0003 0.0001 0.0001 0 0 0 0 0 0 0 
0.4267 0.0186 0.0036 0.0012 0.0001 0.0001 0 0 0 0 0 0 0 0 0 0 0 0 
0.3409 0.0088 0.001 0.0001 0 0 0 0 0 0 0 0 0 0 0 0 0 0 
0.2736 0.0033 0.0002 0 0 0 0 0 0 0 0 0 0 0 0 0 0 0 
0.2171 0.002 0 0 0 0 0 0 0 0 0 0 0 0 0 0 0 0 
0.1784 0.0006 0 0 0 0 0 0 0 0 0 0 0 0 0 0 0 0 
0.1364 0.0002 0 0 0 0 0 0 0 0 0 0 0 0 0 0 0 0 
0.1035 0 0 0 0 0 0 0 0 0 0 0 0 0 0 0 0 0 
0.0731 0 0 0 0 0 0 0 0 0 0 0 0 0 0 0 0 0 
0.0575 0 0 0 0 0 0 0 0 0 0 0 0 0 0 0 0 0 
0.0401 0 0 0 0 0 0 0 0 0 0 0 0 0 0 0 0 0 
0.0227 0 0 0 0 0 0 0 0 0 0 0 0 0 0 0 0 0 
0.0122 0 0 0 0 0 0 0 0 0 0 0 0 0 0 0 0 0 
0.0057 0 0 0 0 0 0 0 0 0 0 0 0 0 0 0 0 0 
0.0018 0 0 0 0 0 0 0 0 0 0 0 0 0 0 0 0 0 
0.0003 0 0 0 0 0 0 0 0 0 0 0 0 0 0 0 0 0 
0.0001 0 0 0 0 0 0 0 0 0 0 0 0 0 0 0 0 0 
1 0.9982 0.9936 0.9805 0.9606 0.9343 0.9027 0.8587 0.8132 0.7607 0.6935 0.6239 0.5554 0.4788 0.4069 0.3243 0.241 0.1604 
0.806 0.5068 0.3337 0.2019 0.1223 0.0771 0.042 0.0191 0.0069 0.0022 0.0004 0 0.0001 0 0 0 0 0 
0.6478 0.2345 0.0824 0.0196 0.0034 0.0007 0 0 0 0 0 0 0 0 0 0 0 0 
0.5193 0.1239 0.0267 0.0023 0 0 0 0 0 0 0 0 0 0 0 0 0 0 
0.4094 0.0528 0.0059 0 0 0 0 0 0 0 0 0 0 0 0 0 0 0 
0.3181 0.0241 0.0014 0 0 0 0 0 0 0 0 0 0 0 0 0 0 0 
0.236 0.0071 0.0001 0 0 0 0 0 0 0 0 0 0 0 0 0 0 0 
0.1692 0.0015 0 0 0 0 0 0 0 0 0 0 0 0 0 0 0 0 
0.1192 0.0003 0 0 0 0 0 0 0 0 0 0 0 0 0 0 0 0 
0.08 0.0001 0 0 0 0 0 0 0 0 0 0 0 0 0 0 0 0 
0.0531 0 0 0 0 0 0 0 0 0 0 0 0 0 0 0 0 0 
0.0316 0 0 0 0 0 0 0 0 0 0 0 0 0 0 0 0 0 
0.0143 0 0 0 0 0 0 0 0 0 0 0 0 0 0 0 0 0 
0.0067 0 0 0 0 0 0 0 0 0 0 0 0 0 0 0 0 0 
0.0027 0 0 0 0 0 0 0 0 0 0 0 0 0 0 0 0 0 
0.0005 0 0 0 0 0 0 0 0 0 0 0 0 0 0 0 0 0 
0.0001 0 0 0 0 0 0 0 0 0 0 0 0 0 0 0 0 0 
0 0 0 0 0 0 0 0 0 0 0 0 0 0 0 0 0 0 
1 0.9984 0.997 0.989 0.9811 0.9739 0.9616 0.9431 0.9247 0.9019 0.8794 0.8394 0.7988 0.75 0.6853 0.6116 0.5042 0.3578 
0.6302 0.02 0.0049 0.0025 0.001 0.0007 0.0003 0.0002 0 0 0 0 0 0 0 0 0 0 
0.4882 0.0045 0.0004 0 0 0 0 0 0 0 0 0 0 0 0 0 0 0 
0.3931 0.0019 0.0002 0 0 0 0 0 0 0 0 0 0 0 0 0 0 0 
0.3155 0.0006 0 0 0 0 0 0 0 0 0 0 0 0 0 0 0 0 
0.2589 0.0004 0 0 0 0 0 0 0 0 0 0 0 0 0 0 0 0 
0.2106 0.0002 0 0 0 0 0 0 0 0 0 0 0 0 0 0 0 0 
0.1622 0 0 0 0 0 0 0 0 0 0 0 0 0 0 0 0 0 
0.1251 0 0 0 0 0 0 0 0 0 0 0 0 0 0 0 0 0 
0.0963 0 0 0 0 0 0 0 0 0 0 0 0 0 0 0 0 0 
0.0693 0 0 0 0 0 0 0 0 0 0 0 0 0 0 0 0 0 
0.0496 0 0 0 0 0 0 0 0 0 0 0 0 0 0 0 0 0 
0.0331 0 0 0 0 0 0 0 0 0 0 0 0 0 0 0 0 0 
0.0191 0 0 0 0 0 0 0 0 0 0 0 0 0 0 0 0 0 
0.0101 0 0 0 0 0 0 0 0 0 0 0 0 0 0 0 0 0 
0.0029 0 0 0 0 0 0 0 0 0 0 0 0 0 0 0 0 0 
0.0007 0 0 0 0 0 0 0 0 0 0 0 0 0 0 0 0 0 
0.0001 0 0 0 0 0 0 0 0 0 0 0 0 0 0 0 0 0 
1 0.9989 0.9961 0.9899 0.9809 0.9735 0.9589 0.9444 0.9256 0.9016 0.8724 0.8324 0.7919 0.7435 0.6786 0.6006 0.4934 0.3413 
0.6493 0.0092 0.0023 0.0005 0.0003 0.0003 0.0001 0 0 0 0 0 0 0 0 0 0 0 
0.5022 0.0016 0.0001 0 0 0 0 0 0 0 0 0 0 0 0 0 0 0 
0.398 0.0005 0 0 0 0 0 0 0 0 0 0 0 0 0 0 0 0 
0.3288 0.0003 0 0 0 0 0 0 0 0 0 0 0 0 0 0 0 0 
0.2699 0.0002 0 0 0 0 0 0 0 0 0 0 0 0 0 0 0 0 
0.2175 0 0 0 0 0 0 0 0 0 0 0 0 0 0 0 0 0 
0.1754 0 0 0 0 0 0 0 0 0 0 0 0 0 0 0 0 0 
0.134 0 0 0 0 0 0 0 0 0 0 0 0 0 0 0 0 0 
0.0997 0 0 0 0 0 0 0 0 0 0 0 0 0 0 0 0 0 
0.072 0 0 0 0 0 0 0 0 0 0 0 0 0 0 0 0 0 
0.0497 0 0 0 0 0 0 0 0 0 0 0 0 0 0 0 0 0 
0.0314 0 0 0 0 0 0 0 0 0 0 0 0 0 0 0 0 0 
0.0187 0 0 0 0 0 0 0 0 0 0 0 0 0 0 0 0 0 
0.0094 0 0 0 0 0 0 0 0 0 0 0 0 0 0 0 0 0 
0.0038 0 0 0 0 0 0 0 0 0 0 0 0 0 0 0 0 0 
0.0008 0 0 0 0 0 0 0 0 0 0 0 0 0 0 0 0 0 
0.0001 0 0 0 0 0 0 0 0 0 0 0 0 0 0 0 0 0 
1 0.9987 0.9971 0.9919 0.9859 0.9779 0.9689 0.9582 0.9425 0.9258 0.9041 0.8801 0.8474 0.8115 0.7665 0.7115 0.6295 0.4925 
0.5029 0 0 0 0 0 0 0 0 0 0 0 0 0 0 0 0 0 
0.3715 0 0 0 0 0 0 0 0 0 0 0 0 0 0 0 0 0 
0.2886 0 0 0 0 0 0 0 0 0 0 0 0 0 0 0 0 0 
0.2374 0 0 0 0 0 0 0 0 0 0 0 0 0 0 0 0 0 
0.1928 0 0 0 0 0 0 0 0 0 0 0 0 0 0 0 0 0 
0.1589 0 0 0 0 0 0 0 0 0 0 0 0 0 0 0 0 0 
0.1304 0 0 0 0 0 0 0 0 0 0 0 0 0 0 0 0 0 
0.1031 0 0 0 0 0 0 0 0 0 0 0 0 0 0 0 0 0 
0.0774 0 0 0 0 0 0 0 0 0 0 0 0 0 0 0 0 0 
0.0543 0 0 0 0 0 0 0 0 0 0 0 0 0 0 0 0 0 
0.0389 0 0 0 0 0 0 0 0 0 0 0 0 0 0 0 0 0 
0.0256 0 0 0 0 0 0 0 0 0 0 0 0 0 0 0 0 0 
0.0156 0 0 0 0 0 0 0 0 0 0 0 0 0 0 0 0 0 
0.0081 0 0 0 0 0 0 0 0 0 0 0 0 0 0 0 0 0 
0.0035 0 0 0 0 0 0 0 0 0 0 0 0 0 0 0 0 0 
0.0009 0 0 0 0 0 0 0 0 0 0 0 0 0 0 0 0 0 
0.0001 0 0 0 0 0 0 0 0 0 0 0 0 0 0 0 0 0 
1 0.9974 0.9937 0.9819 0.9655 0.9475 0.9212 0.8835 0.8445 0.7887 0.7274 0.6573 0.5825 0.4992 0.4126 0.317 0.2215 0.1272 
0.8421 0.3927 0.2063 0.1097 0.0601 0.0366 0.0184 0.0077 0.003 0.0005 0 0.0001 0 0 0 0 0 0 
0.6998 0.1603 0.0381 0.0065 0.0009 0 0 0 0 0 0 0 0 0 0 0 0 0 
0.577 0.0763 0.0095 0.0004 0 0 0 0 0 0 0 0 0 0 0 0 0 0 
0.4801 0.0348 0.0016 0 0 0 0 0 0 0 0 0 0 0 0 0 0 0 
0.3782 0.0126 0.0001 0 0 0 0 0 0 0 0 0 0 0 0 0 0 0 
0.2918 0.0052 0 0 0 0 0 0 0 0 0 0 0 0 0 0 0 0 
0.2266 0.0014 0 0 0 0 0 0 0 0 0 0 0 0 0 0 0 0 
0.1671 0.0005 0 0 0 0 0 0 0 0 0 0 0 0 0 0 0 0 
0.1141 0.0001 0 0 0 0 0 0 0 0 0 0 0 0 0 0 0 0 
0.0748 0 0 0 0 0 0 0 0 0 0 0 0 0 0 0 0 0 
0.0479 0.0001 0 0 0 0 0 0 0 0 0 0 0 0 0 0 0 0 
0.0277 0 0 0 0 0 0 0 0 0 0 0 0 0 0 0 0 0 
0.0127 0 0 0 0 0 0 0 0 0 0 0 0 0 0 0 0 0 
0.006 0 0 0 0 0 0 0 0 0 0 0 0 0 0 0 0 0 
0.0018 0 0 0 0 0 0 0 0 0 0 0 0 0 0 0 0 0 
0.0002 0 0 0 0 0 0 0 0 0 0 0 0 0 0 0 0 0 
0 0 0 0 0 0 0 0 0 0 0 0 0 0 0 0 0 0 
1 0.9986 0.9961 0.9892 0.9799 0.9708 0.9569 0.9374 0.915 0.8868 0.8546 0.8112 0.7642 0.7063 0.6349 0.5492 0.4398 0.2849 
0.7022 0.0055 0.0011 0.0004 0.0002 0.0002 0.0001 0 0 0 0 0 0 0 0 0 0 0 
0.5574 0.0009 0 0 0 0 0 0 0 0 0 0 0 0 0 0 0 0 
0.4526 0.0002 0 0 0 0 0 0 0 0 0 0 0 0 0 0 0 0 
0.3713 0.0002 0 0 0 0 0 0 0 0 0 0 0 0 0 0 0 0 
0.3049 0.0001 0 0 0 0 0 0 0 0 0 0 0 0 0 0 0 0 
0.2487 0.0001 0 0 0 0 0 0 0 0 0 0 0 0 0 0 0 0 
0.1997 0 0 0 0 0 0 0 0 0 0 0 0 0 0 0 0 0 
0.1535 0 0 0 0 0 0 0 0 0 0 0 0 0 0 0 0 0 
0.1141 0 0 0 0 0 0 0 0 0 0 0 0 0 0 0 0 0 
0.0832 0 0 0 0 0 0 0 0 0 0 0 0 0 0 0 0 0 
0.0574 0 0 0 0 0 0 0 0 0 0 0 0 0 0 0 0 0 
0.0365 0 0 0 0 0 0 0 0 0 0 0 0 0 0 0 0 0 
0.0209 0 0 0 0 0 0 0 0 0 0 0 0 0 0 0 0 0 
0.0085 0 0 0 0 0 0 0 0 0 0 0 0 0 0 0 0 0 
0.0034 0 0 0 0 0 0 0 0 0 0 0 0 0 0 0 0 0 
0.0008 0 0 0 0 0 0 0 0 0 0 0 0 0 0 0 0 0 
0.0001 0 0 0 0 0 0 0 0 0 0 0 0 0 0 0 0 0 
1 0.9979 0.9964 0.9863 0.9792 0.9693 0.9543 0.9355 0.9151 0.8835 0.8495 0.8094 0.7581 0.6975 0.6279 0.5448 0.4338 0.2818 
0.7033 0.0033 0.0005 0 0 0 0 0 0 0 0 0 0 0 0 0 0 0 
0.5598 0.0008 0 0 0 0 0 0 0 0 0 0 0 0 0 0 0 0 
0.455 0.0004 0 0 0 0 0 0 0 0 0 0 0 0 0 0 0 0 
0.3776 0.0002 0 0 0 0 0 0 0 0 0 0 0 0 0 0 0 0 
0.3142 0 0 0 0 0 0 0 0 0 0 0 0 0 0 0 0 0 
0.2556 0 0 0 0 0 0 0 0 0 0 0 0 0 0 0 0 0 
0.2013 0 0 0 0 0 0 0 0 0 0 0 0 0 0 0 0 0 
0.1575 0 0 0 0 0 0 0 0 0 0 0 0 0 0 0 0 0 
0.122 0 0 0 0 0 0 0 0 0 0 0 0 0 0 0 0 0 
0.0904 0 0 0 0 0 0 0 0 0 0 0 0 0 0 0 0 0 
0.0612 0 0 0 0 0 0 0 0 0 0 0 0 0 0 0 0 0 
0.0392 0 0 0 0 0 0 0 0 0 0 0 0 0 0 0 0 0 
0.0215 0 0 0 0 0 0 0 0 0 0 0 0 0 0 0 0 0 
0.0102 0 0 0 0 0 0 0 0 0 0 0 0 0 0 0 0 0 
0.0041 0 0 0 0 0 0 0 0 0 0 0 0 0 0 0 0 0 
0.0013 0 0 0 0 0 0 0 0 0 0 0 0 0 0 0 0 0 
0.0003 0 0 0 0 0 0 0 0 0 0 0 0 0 0 0 0 0 
1 0.9987 0.9969 0.9923 0.982 0.9739 0.9654 0.9515 0.9374 0.9173 0.8951 0.869 0.8333 0.7913 0.7433 0.6752 0.5888 0.4467 
0.5477 0 0 0 0 0 0 0 0 0 0 0 0 0 0 0 0 0 
0.408 0 0 0 0 0 0 0 0 0 0 0 0 0 0 0 0 0 
0.3282 0 0 0 0 0 0 0 0 0 0 0 0 0 0 0 0 0 
0.2692 0 0 0 0 0 0 0 0 0 0 0 0 0 0 0 0 0 
0.2147 0 0 0 0 0 0 0 0 0 0 0 0 0 0 0 0 0 
0.173 0 0 0 0 0 0 0 0 0 0 0 0 0 0 0 0 0 
0.1358 0 0 0 0 0 0 0 0 0 0 0 0 0 0 0 0 0 
0.111 0 0 0 0 0 0 0 0 0 0 0 0 0 0 0 0 0 
0.0862 0 0 0 0 0 0 0 0 0 0 0 0 0 0 0 0 0 
0.0624 0 0 0 0 0 0 0 0 0 0 0 0 0 0 0 0 0 
0.0435 0 0 0 0 0 0 0 0 0 0 0 0 0 0 0 0 0 
0.03 0 0 0 0 0 0 0 0 0 0 0 0 0 0 0 0 0 
0.0185 0 0 0 0 0 0 0 0 0 0 0 0 0 0 0 0 0 
0.0095 0 0 0 0 0 0 0 0 0 0 0 0 0 0 0 0 0 
0.003 0 0 0 0 0 0 0 0 0 0 0 0 0 0 0 0 0 
0.0012 0 0 0 0 0 0 0 0 0 0 0 0 0 0 0 0 0 
0 0 0 0 0 0 0 0 0 0 0 0 0 0 0 0 0 0 
1 0.9983 0.9961 0.9865 0.9802 0.9643 0.9507 0.9362 0.9126 0.8845 0.8464 0.8099 0.7559 0.6988 0.6262 0.5376 0.4291 0.2777 
0.7105 0.0014 0.0001 0 0 0 0 0 0 0 0 0 0 0 0 0 0 0 
0.5642 0.0001 0 0 0 0 0 0 0 0 0 0 0 0 0 0 0 0 
0.4652 0 0 0 0 0 0 0 0 0 0 0 0 0 0 0 0 0 
0.3843 0 0 0 0 0 0 0 0 0 0 0 0 0 0 0 0 0 
0.3133 0 0 0 0 0 0 0 0 0 0 0 0 0 0 0 0 0 
0.2526 0 0 0 0 0 0 0 0 0 0 0 0 0 0 0 0 0 
0.205 0 0 0 0 0 0 0 0 0 0 0 0 0 0 0 0 0 
0.16 0 0 0 0 0 0 0 0 0 0 0 0 0 0 0 0 0 
0.1231 0 0 0 0 0 0 0 0 0 0 0 0 0 0 0 0 0 
0.0858 0 0 0 0 0 0 0 0 0 0 0 0 0 0 0 0 0 
0.0634 0 0 0 0 0 0 0 0 0 0 0 0 0 0 0 0 0 
0.0387 0 0 0 0 0 0 0 0 0 0 0 0 0 0 0 0 0 
0.0238 0 0 0 0 0 0 0 0 0 0 0 0 0 0 0 0 0 
0.0108 0 0 0 0 0 0 0 0 0 0 0 0 0 0 0 0 0 
0.0049 0 0 0 0 0 0 0 0 0 0 0 0 0 0 0 0 0 
0.0015 0 0 0 0 0 0 0 0 0 0 0 0 0 0 0 0 0 
0.0003 0 0 0 0 0 0 0 0 0 0 0 0 0 0 0 0 0 
1 0.9982 0.9973 0.9914 0.982 0.9765 0.9651 0.9537 0.9377 0.9217 0.8963 0.8679 0.834 0.7928 0.7423 0.6747 0.5875 0.4468 
0.5467 0 0 0 0 0 0 0 0 0 0 0 0 0 0 0 0 0 
0.4126 0 0 0 0 0 0 0 0 0 0 0 0 0 0 0 0 0 
0.3285 0 0 0 0 0 0 0 0 0 0 0 0 0 0 0 0 0 
0.2658 0 0 0 0 0 0 0 0 0 0 0 0 0 0 0 0 0 
0.2157 0 0 0 0 0 0 0 0 0 0 0 0 0 0 0 0 0 
0.1714 0 0 0 0 0 0 0 0 0 0 0 0 0 0 0 0 0 
0.139 0 0 0 0 0 0 0 0 0 0 0 0 0 0 0 0 0 
0.1108 0 0 0 0 0 0 0 0 0 0 0 0 0 0 0 0 0 
0.0821 0 0 0 0 0 0 0 0 0 0 0 0 0 0 0 0 0 
0.0612 0 0 0 0 0 0 0 0 0 0 0 0 0 0 0 0 0 
0.0426 0 0 0 0 0 0 0 0 0 0 0 0 0 0 0 0 0 
0.0278 0 0 0 0 0 0 0 0 0 0 0 0 0 0 0 0 0 
0.0157 0 0 0 0 0 0 0 0 0 0 0 0 0 0 0 0 0 
0.0094 0 0 0 0 0 0 0 0 0 0 0 0 0 0 0 0 0 
0.0035 0 0 0 0 0 0 0 0 0 0 0 0 0 0 0 0 0 
0.0012 0 0 0 0 0 0 0 0 0 0 0 0 0 0 0 0 0 
0.0001 0 0 0 0 0 0 0 0 0 0 0 0 0 0 0 0 0 
1 0.9984 0.9961 0.9913 0.9837 0.9773 0.9655 0.9527 0.9335 0.9192 0.896 0.8667 0.8338 0.7902 0.7367 0.6667 0.5828 0.4433 
0.5496 0 0 0 0 0 0 0 0 0 0 0 0 0 0 0 0 0 
0.416 0 0 0 0 0 0 0 0 0 0 0 0 0 0 0 0 0 
0.3305 0 0 0 0 0 0 0 0 0 0 0 0 0 0 0 0 0 
0.272 0 0 0 0 0 0 0 0 0 0 0 0 0 0 0 0 0 
0.2236 0 0 0 0 0 0 0 0 0 0 0 0 0 0 0 0 0 
0.1763 0 0 0 0 0 0 0 0 0 0 0 0 0 0 0 0 0 
0.1405 0 0 0 0 0 0 0 0 0 0 0 0 0 0 0 0 0 
0.1102 0 0 0 0 0 0 0 0 0 0 0 0 0 0 0 0 0 
0.0831 0 0 0 0 0 0 0 0 0 0 0 0 0 0 0 0 0 
0.0623 0 0 0 0 0 0 0 0 0 0 0 0 0 0 0 0 0 
0.0432 0 0 0 0 0 0 0 0 0 0 0 0 0 0 0 0 0 
0.0305 0 0 0 0 0 0 0 0 0 0 0 0 0 0 0 0 0 
0.0172 0 0 0 0 0 0 0 0 0 0 0 0 0 0 0 0 0 
0.0077 0 0 0 0 0 0 0 0 0 0 0 0 0 0 0 0 0 
0.0028 0 0 0 0 0 0 0 0 0 0 0 0 0 0 0 0 0 
0.0006 0 0 0 0 0 0 0 0 0 0 0 0 0 0 0 0 0 
0 0 0 0 0 0 0 0 0 0 0 0 0 0 0 0 0 0 
1 0.9988 0.9975 0.9945 0.9886 0.9811 0.9756 0.9648 0.9542 0.9454 0.9265 0.9078 0.888 0.8612 0.8226 0.7787 0.7145 0.6019 
0.3952 0 0 0 0 0 0 0 0 0 0 0 0 0 0 0 0 0 
0.2887 0 0 0 0 0 0 0 0 0 0 0 0 0 0 0 0 0 
0.2277 0 0 0 0 0 0 0 0 0 0 0 0 0 0 0 0 0 
0.1802 0 0 0 0 0 0 0 0 0 0 0 0 0 0 0 0 0 
0.1456 0 0 0 0 0 0 0 0 0 0 0 0 0 0 0 0 0 
0.1179 0 0 0 0 0 0 0 0 0 0 0 0 0 0 0 0 0 
0.0954 0 0 0 0 0 0 0 0 0 0 0 0 0 0 0 0 0 
0.0753 0 0 0 0 0 0 0 0 0 0 0 0 0 0 0 0 0 
0.0574 0 0 0 0 0 0 0 0 0 0 0 0 0 0 0 0 0 
0.0425 0 0 0 0 0 0 0 0 0 0 0 0 0 0 0 0 0 
0.0288 0 0 0 0 0 0 0 0 0 0 0 0 0 0 0 0 0 
0.0197 0 0 0 0 0 0 0 0 0 0 0 0 0 0 0 0 0 
0.013 0 0 0 0 0 0 0 0 0 0 0 0 0 0 0 0 0 
0.0072 0 0 0 0 0 0 0 0 0 0 0 0 0 0 0 0 0 
0.003 0 0 0 0 0 0 0 0 0 0 0 0 0 0 0 0 0 
0.0007 0 0 0 0 0 0 0 0 0 0 0 0 0 0 0 0 0 
0 0 0 0 0 0 0 0 0 0 0 0 0 0 0 0 0 0 
1 0.9948 0.9874 0.9714 0.8914 0.8334 0.7446 0.6552 0.5314 0.4396 0.3242 0.26 0.1876 0.1462 0.108 0.0796 0.0504 0.035 
0.937 0.894 0.8112 0.7002 0.4298 0.286 0.1518 0.0862 0.0252 0.0084 0.0036 0.0022 0.0012 0 0.0006 0 0.0002 0 
0.7658 0.611 0.3602 0.1626 0.0182 0.0056 0.0014 0.001 0 0 0 0 0 0 0 0 0 0 
0.6044 0.3826 0.1404 0.0414 0.0014 0.0004 0.0002 0 0 0 0 0 0 0 0 0 0 0 
0.4202 0.176 0.0282 0.0058 0 0 0 0 0 0 0 0 0 0 0 0 0 0 
0.2818 0.067 0.0066 0.0006 0 0 0 0 0 0 0 0 0 0 0 0 0 0 
0.1582 0.0196 0.0018 0.0004 0 0 0 0 0 0 0 0 0 0 0 0 0 0 
0.0854 0.0054 0 0 0 0 0 0 0 0 0 0 0 0 0 0 0 0 
0.039 0.002 0.0004 0 0 0 0 0 0 0 0 0 0 0 0 0 0 0 
0.0152 0.0004 0.0004 0 0 0 0 0 0 0 0 0 0 0 0 0 0 0 
0.0072 0.0002 0 0 0 0 0 0 0 0 0 0 0 0 0 0 0 0 
0.002 0.0002 0 0 0 0 0 0 0 0 0 0 0 0 0 0 0 0 
0.0008 0 0.0002 0 0 0 0 0 0 0 0 0 0 0 0 0 0 0 
0.0004 0 0.0002 0 0 0 0 0 0 0 0 0 0 0 0 0 0 0 
0 0 0 0 0 0 0 0 0 0 0 0 0 0 0 0 0 0 
0 0 0 0 0 0 0 0 0 0 0 0 0 0 0 0 0 0 
0 0 0 0 0 0 0 0 0 0 0 0 0 0 0 0 0 0 
0 0 0 0 0 0 0 0 0 0 0 0 0 0 0 0 0 0 
1 0.996 0.9914 0.9668 0.9164 0.8418 0.736 0.6254 0.5094 0.4014 0.3102 0.241 0.1866 0.1412 0.1012 0.0734 0.0494 0.029 
0.9294 0.8562 0.7556 0.5658 0.3584 0.198 0.093 0.037 0.0092 0.0024 0.0008 0 0 0 0 0 0 0 
0.828 0.64 0.408 0.1666 0.039 0.006 0.0006 0 0 0 0 0 0 0 0 0 0 0 
0.7 0.4194 0.1716 0.0302 0.002 0 0 0 0 0 0 0 0 0 0 0 0 0 
0.5212 0.2108 0.0448 0.0018 0 0 0 0 0 0 0 0 0 0 0 0 0 0 
0.348 0.0776 0.0072 0 0 0 0 0 0 0 0 0 0 0 0 0 0 0 
0.206 0.0196 0.001 0 0 0 0 0 0 0 0 0 0 0 0 0 0 0 
0.116 0.0044 0 0 0 0 0 0 0 0 0 0 0 0 0 0 0 0 
0.0576 0.0006 0 0 0 0 0 0 0 0 0 0 0 0 0 0 0 0 
0.0278 0 0 0 0 0 0 0 0 0 0 0 0 0 0 0 0 0 
0.0116 0 0 0 0 0 0 0 0 0 0 0 0 0 0 0 0 0 
0.006 0 0 0 0 0 0 0 0 0 0 0 0 0 0 0 0 0 
0.003 0 0 0 0 0 0 0 0 0 0 0 0 0 0 0 0 0 
0.0008 0 0 0 0 0 0 0 0 0 0 0 0 0 0 0 0 0 
0.0004 0 0 0 0 0 0 0 0 0 0 0 0 0 0 0 0 0 
0 0 0 0 0 0 0 0 0 0 0 0 0 0 0 0 0 0 
0 0 0 0 0 0 0 0 0 0 0 0 0 0 0 0 0 0 
0 0 0 0 0 0 0 0 0 0 0 0 0 0 0 0 0 0 
1 0.9966 0.9904 0.9692 0.9266 0.8644 0.792 0.7094 0.623 0.5248 0.436 0.35 0.2752 0.2228 0.1692 0.1338 0.0958 0.0646 
0.8992 0.8244 0.7016 0.528 0.3504 0.2036 0.1108 0.0526 0.017 0.0058 0.0012 0.0004 0 0 0 0 0 0 
0.747 0.5368 0.2958 0.101 0.0206 0.0044 0.0002 0.0002 0 0 0 0 0 0 0 0 0 0 
0.5914 0.3196 0.111 0.014 0.0008 0.0002 0 0 0 0 0 0 0 0 0 0 0 0 
0.4268 0.1524 0.0254 0.0008 0.0002 0 0 0 0 0 0 0 0 0 0 0 0 0 
0.3004 0.0592 0.005 0.0004 0.0002 0 0 0 0 0 0 0 0 0 0 0 0 0 
0.1942 0.0186 0.0008 0 0 0 0 0 0 0 0 0 0 0 0 0 0 0 
0.11 0.0048 0.0002 0 0 0 0 0 0 0 0 0 0 0 0 0 0 0 
0.0592 0.0008 0 0 0 0 0 0 0 0 0 0 0 0 0 0 0 0 
0.0308 0.0002 0 0 0 0 0 0 0 0 0 0 0 0 0 0 0 0 
0.0144 0 0 0 0 0 0 0 0 0 0 0 0 0 0 0 0 0 
0.0076 0 0 0 0 0 0 0 0 0 0 0 0 0 0 0 0 0 
0.0038 0 0 0 0 0 0 0 0 0 0 0 0 0 0 0 0 0 
0.001 0 0 0 0 0 0 0 0 0 0 0 0 0 0 0 0 0 
0.0006 0 0 0 0 0 0 0 0 0 0 0 0 0 0 0 0 0 
0.0002 0 0 0 0 0 0 0 0 0 0 0 0 0 0 0 0 0 
0.0002 0 0 0 0 0 0 0 0 0 0 0 0 0 0 0 0 0 
0 0 0 0 0 0 0 0 0 0 0 0 0 0 0 0 0 0 
1 0.9984 0.996 0.9808 0.9572 0.931 0.8984 0.8686 0.8228 0.774 0.7268 0.67 0.6172 0.5614 0.5042 0.4468 0.3714 0.2876 
0.6856 0.4472 0.3128 0.202 0.1234 0.0744 0.0416 0.0198 0.0072 0.0014 0 0.0002 0 0 0 0 0 0 
0.529 0.2318 0.1046 0.0274 0.006 0.0012 0.0002 0 0 0 0 0 0 0 0 0 0 0 
0.4114 0.121 0.0336 0.004 0 0 0 0 0 0 0 0 0 0 0 0 0 0 
0.3238 0.064 0.0102 0.0002 0 0 0 0 0 0 0 0 0 0 0 0 0 0 
0.244 0.024 0.0024 0 0 0 0 0 0 0 0 0 0 0 0 0 0 0 
0.176 0.01 0 0 0 0 0 0 0 0 0 0 0 0 0 0 0 0 
0.1232 0.0022 0.0002 0 0 0 0 0 0 0 0 0 0 0 0 0 0 0 
0.0828 0.0008 0 0 0 0 0 0 0 0 0 0 0 0 0 0 0 0 
0.0576 0 0 0 0 0 0 0 0 0 0 0 0 0 0 0 0 0 
0.0348 0 0 0 0 0 0 0 0 0 0 0 0 0 0 0 0 0 
0.0218 0 0 0 0 0 0 0 0 0 0 0 0 0 0 0 0 0 
0.0126 0 0 0 0 0 0 0 0 0 0 0 0 0 0 0 0 0 
0.0068 0 0 0 0 0 0 0 0 0 0 0 0 0 0 0 0 0 
0.003 0 0 0 0 0 0 0 0 0 0 0 0 0 0 0 0 0 
0.001 0 0 0 0 0 0 0 0 0 0 0 0 0 0 0 0 0 
0.0002 0 0 0 0 0 0 0 0 0 0 0 0 0 0 0 0 0 
0 0 0 0 0 0 0 0 0 0 0 0 0 0 0 0 0 0 
1 0.9968 0.9942 0.9742 0.9308 0.8858 0.8268 0.752 0.6708 0.5838 0.4978 0.4288 0.353 0.2958 0.232 0.1856 0.1334 0.0954 
0.8694 0.7636 0.6398 0.4732 0.2966 0.1872 0.1054 0.0532 0.0186 0.0058 0.0022 0.0006 0 0 0 0 0 0 
0.6844 0.4612 0.24 0.078 0.0152 0.005 0.0004 0 0 0 0 0 0 0 0 0 0 0 
0.5444 0.2664 0.0916 0.0118 0.001 0 0.0002 0 0 0 0 0 0 0 0 0 0 0 
0.4048 0.1254 0.022 0.0016 0 0 0 0 0 0 0 0 0 0 0 0 0 0 
0.2854 0.0532 0.006 0.0002 0 0 0 0 0 0 0 0 0 0 0 0 0 0 
0.1858 0.018 0.0014 0 0 0 0 0 0 0 0 0 0 0 0 0 0 0 
0.1138 0.0034 0 0 0 0 0 0 0 0 0 0 0 0 0 0 0 0 
0.0632 0.001 0 0 0 0 0 0 0 0 0 0 0 0 0 0 0 0 
0.0316 0.0002 0 0 0 0 0 0 0 0 0 0 0 0 0 0 0 0 
0.016 0 0 0 0 0 0 0 0 0 0 0 0 0 0 0 0 0 
0.01 0 0 0 0 0 0 0 0 0 0 0 0 0 0 0 0 0 
0.0034 0 0 0 0 0 0 0 0 0 0 0 0 0 0 0 0 0 
0.0008 0 0 0 0 0 0 0 0 0 0 0 0 0 0 0 0 0 
0.0002 0 0 0 0 0 0 0 0 0 0 0 0 0 0 0 0 0 
0.0002 0 0 0 0 0 0 0 0 0 0 0 0 0 0 0 0 0 
0.0002 0 0 0 0 0 0 0 0 0 0 0 0 0 0 0 0 0 
0 0 0 0 0 0 0 0 0 0 0 0 0 0 0 0 0 0 
1 0.9982 0.9976 0.9894 0.9772 0.9674 0.9458 0.9284 0.904 0.8672 0.833 0.7828 0.7446 0.682 0.6246 0.549 0.4586 0.3538 
0.6262 0.2374 0.1362 0.0806 0.0446 0.0268 0.0142 0.0072 0.0018 0.0006 0.0002 0 0 0 0 0 0 0 
0.4914 0.1004 0.0348 0.0078 0.002 0.0004 0 0 0 0 0 0 0 0 0 0 0 0 
0.3798 0.0448 0.007 0.0008 0 0 0 0 0 0 0 0 0 0 0 0 0 0 
0.2972 0.0214 0.0026 0 0 0 0 0 0 0 0 0 0 0 0 0 0 0 
0.2326 0.0092 0.0002 0 0 0 0 0 0 0 0 0 0 0 0 0 0 0 
0.1728 0.0024 0 0 0 0 0 0 0 0 0 0 0 0 0 0 0 0 
0.1348 0.0002 0 0 0 0 0 0 0 0 0 0 0 0 0 0 0 0 
0.098 0 0 0 0 0 0 0 0 0 0 0 0 0 0 0 0 0 
0.0684 0 0 0 0 0 0 0 0 0 0 0 0 0 0 0 0 0 
0.051 0 0 0 0 0 0 0 0 0 0 0 0 0 0 0 0 0 
0.032 0 0 0 0 0 0 0 0 0 0 0 0 0 0 0 0 0 
0.0148 0 0 0 0 0 0 0 0 0 0 0 0 0 0 0 0 0 
0.0078 0 0 0 0 0 0 0 0 0 0 0 0 0 0 0 0 0 
0.0038 0 0 0 0 0 0 0 0 0 0 0 0 0 0 0 0 0 
0.0018 0 0 0 0 0 0 0 0 0 0 0 0 0 0 0 0 0 
0.0004 0 0 0 0 0 0 0 0 0 0 0 0 0 0 0 0 0 
0 0 0 0 0 0 0 0 0 0 0 0 0 0 0 0 0 0 
1 0.9984 0.996 0.9884 0.979 0.9636 0.9526 0.9318 0.91 0.8806 0.8434 0.8054 0.7594 0.705 0.6372 0.5586 0.461 0.3324 
0.6526 0.1598 0.0748 0.0374 0.0204 0.012 0.0066 0.003 0.0014 0.0004 0 0 0 0 0 0 0 0 
0.5004 0.054 0.0128 0.003 0 0 0 0 0 0 0 0 0 0 0 0 0 0 
0.4046 0.0252 0.004 0 0 0 0 0 0 0 0 0 0 0 0 0 0 0 
0.3208 0.0148 0.001 0 0 0 0 0 0 0 0 0 0 0 0 0 0 0 
0.2532 0.0056 0 0 0 0 0 0 0 0 0 0 0 0 0 0 0 0 
0.2068 0.0016 0 0 0 0 0 0 0 0 0 0 0 0 0 0 0 0 
0.1582 0.0004 0 0 0 0 0 0 0 0 0 0 0 0 0 0 0 0 
0.1156 0 0 0 0 0 0 0 0 0 0 0 0 0 0 0 0 0 
0.085 0 0 0 0 0 0 0 0 0 0 0 0 0 0 0 0 0 
0.063 0 0 0 0 0 0 0 0 0 0 0 0 0 0 0 0 0 
0.045 0 0 0 0 0 0 0 0 0 0 0 0 0 0 0 0 0 
0.0286 0 0 0 0 0 0 0 0 0 0 0 0 0 0 0 0 0 
0.0148 0 0 0 0 0 0 0 0 0 0 0 0 0 0 0 0 0 
0.0072 0 0 0 0 0 0 0 0 0 0 0 0 0 0 0 0 0 
0.0026 0 0 0 0 0 0 0 0 0 0 0 0 0 0 0 0 0 
0.0006 0 0 0 0 0 0 0 0 0 0 0 0 0 0 0 0 0 
0 0 0 0 0 0 0 0 0 0 0 0 0 0 0 0 0 0 
1 0.998 0.998 0.9932 0.987 0.9794 0.9724 0.9592 0.948 0.9282 0.9116 0.8864 0.855 0.8182 0.7738 0.7126 0.6362 0.5046 
0.4858 0 0 0 0 0 0 0 0 0 0 0 0 0 0 0 0 0 
0.3702 0 0 0 0 0 0 0 0 0 0 0 0 0 0 0 0 0 
0.2914 0 0 0 0 0 0 0 0 0 0 0 0 0 0 0 0 0 
0.2338 0 0 0 0 0 0 0 0 0 0 0 0 0 0 0 0 0 
0.1884 0 0 0 0 0 0 0 0 0 0 0 0 0 0 0 0 0 
0.149 0 0 0 0 0 0 0 0 0 0 0 0 0 0 0 0 0 
0.1218 0 0 0 0 0 0 0 0 0 0 0 0 0 0 0 0 0 
0.0914 0 0 0 0 0 0 0 0 0 0 0 0 0 0 0 0 0 
0.0704 0 0 0 0 0 0 0 0 0 0 0 0 0 0 0 0 0 
0.0514 0 0 0 0 0 0 0 0 0 0 0 0 0 0 0 0 0 
0.036 0 0 0 0 0 0 0 0 0 0 0 0 0 0 0 0 0 
0.0218 0 0 0 0 0 0 0 0 0 0 0 0 0 0 0 0 0 
0.0144 0 0 0 0 0 0 0 0 0 0 0 0 0 0 0 0 0 
0.007 0 0 0 0 0 0 0 0 0 0 0 0 0 0 0 0 0 
0.004 0 0 0 0 0 0 0 0 0 0 0 0 0 0 0 0 0 
0.0014 0 0 0 0 0 0 0 0 0 0 0 0 0 0 0 0 0 
0 0 0 0 0 0 0 0 0 0 0 0 0 0 0 0 0 0 
1 0.9972 0.9906 0.9734 0.9438 0.9128 0.866 0.8138 0.7508 0.672 0.5958 0.5136 0.4344 0.3634 0.2962 0.2318 0.1678 0.1138 
0.8544 0.6834 0.5124 0.356 0.21 0.1332 0.0738 0.0366 0.0164 0.0038 0.0016 0.0006 0.0002 0 0 0 0 0 
0.6842 0.3676 0.1558 0.0472 0.005 0.0014 0 0 0 0 0 0 0 0 0 0 0 0 
0.5414 0.1934 0.0486 0.0062 0 0 0 0 0 0 0 0 0 0 0 0 0 0 
0.4074 0.0904 0.0104 0.0008 0 0 0 0 0 0 0 0 0 0 0 0 0 0 
0.305 0.035 0.0022 0 0 0 0 0 0 0 0 0 0 0 0 0 0 0 
0.2164 0.012 0 0 0 0 0 0 0 0 0 0 0 0 0 0 0 0 
0.1438 0.0034 0.0002 0 0 0 0 0 0 0 0 0 0 0 0 0 0 0 
0.0862 0.0008 0 0 0 0 0 0 0 0 0 0 0 0 0 0 0 0 
0.0526 0.0002 0 0 0 0 0 0 0 0 0 0 0 0 0 0 0 0 
0.0336 0 0 0 0 0 0 0 0 0 0 0 0 0 0 0 0 0 
0.0164 0 0 0 0 0 0 0 0 0 0 0 0 0 0 0 0 0 
0.0072 0 0 0 0 0 0 0 0 0 0 0 0 0 0 0 0 0 
0.0036 0 0 0 0 0 0 0 0 0 0 0 0 0 0 0 0 0 
0.0014 0 0 0 0 0 0 0 0 0 0 0 0 0 0 0 0 0 
0.0004 0 0 0 0 0 0 0 0 0 0 0 0 0 0 0 0 0 
0.0002 0 0 0 0 0 0 0 0 0 0 0 0 0 0 0 0 0 
0 0 0 0 0 0 0 0 0 0 0 0 0 0 0 0 0 0 
1 0.9986 0.997 0.9884 0.9826 0.9714 0.9602 0.945 0.918 0.8966 0.867 0.8296 0.786 0.7294 0.667 0.5802 0.4844 0.3438 
0.6456 0.0774 0.0296 0.0144 0.0074 0.0046 0.0042 0.0022 0.0006 0.0002 0 0 0 0 0 0 0 0 
0.4934 0.0212 0.0036 0.0004 0 0 0 0 0 0 0 0 0 0 0 0 0 0 
0.4022 0.0084 0.0004 0 0 0 0 0 0 0 0 0 0 0 0 0 0 0 
0.3256 0.0036 0.0004 0 0 0 0 0 0 0 0 0 0 0 0 0 0 0 
0.26 0.0022 0.0002 0 0 0 0 0 0 0 0 0 0 0 0 0 0 0 
0.2098 0.0004 0 0 0 0 0 0 0 0 0 0 0 0 0 0 0 0 
0.1614 0.0002 0 0 0 0 0 0 0 0 0 0 0 0 0 0 0 0 
0.1254 0.0002 0 0 0 0 0 0 0 0 0 0 0 0 0 0 0 0 
0.0892 0 0 0 0 0 0 0 0 0 0 0 0 0 0 0 0 0 
0.0636 0 0 0 0 0 0 0 0 0 0 0 0 0 0 0 0 0 
0.0454 0 0 0 0 0 0 0 0 0 0 0 0 0 0 0 0 0 
0.026 0 0 0 0 0 0 0 0 0 0 0 0 0 0 0 0 0 
0.0144 0 0 0 0 0 0 0 0 0 0 0 0 0 0 0 0 0 
0.0068 0 0 0 0 0 0 0 0 0 0 0 0 0 0 0 0 0 
0.0036 0 0 0 0 0 0 0 0 0 0 0 0 0 0 0 0 0 
0.0006 0 0 0 0 0 0 0 0 0 0 0 0 0 0 0 0 0 
0 0 0 0 0 0 0 0 0 0 0 0 0 0 0 0 0 0 
1 0.9978 0.9976 0.987 0.9814 0.967 0.9544 0.9364 0.915 0.8828 0.8542 0.8094 0.7656 0.7064 0.6394 0.5634 0.4396 0.2938 
0.694 0.054 0.017 0.0072 0.003 0.0014 0.0004 0.0006 0.0002 0.0002 0 0 0 0 0 0 0 0 
0.5408 0.011 0.0014 0 0 0 0 0 0 0 0 0 0 0 0 0 0 0 
0.4312 0.0056 0.0004 0 0 0 0 0 0 0 0 0 0 0 0 0 0 0 
0.3542 0.0024 0.0002 0 0 0 0 0 0 0 0 0 0 0 0 0 0 0 
0.2928 0.0006 0 0 0 0 0 0 0 0 0 0 0 0 0 0 0 0 
0.2356 0.0002 0 0 0 0 0 0 0 0 0 0 0 0 0 0 0 0 
0.1916 0 0 0 0 0 0 0 0 0 0 0 0 0 0 0 0 0 
0.1466 0 0 0 0 0 0 0 0 0 0 0 0 0 0 0 0 0 
0.1098 0 0 0 0 0 0 0 0 0 0 0 0 0 0 0 0 0 
0.0822 0 0 0 0 0 0 0 0 0 0 0 0 0 0 0 0 0 
0.055 0 0 0 0 0 0 0 0 0 0 0 0 0 0 0 0 0 
0.0352 0 0 0 0 0 0 0 0 0 0 0 0 0 0 0 0 0 
0.0202 0 0 0 0 0 0 0 0 0 0 0 0 0 0 0 0 0 
0.0092 0 0 0 0 0 0 0 0 0 0 0 0 0 0 0 0 0 
0.004 0 0 0 0 0 0 0 0 0 0 0 0 0 0 0 0 0 
0.0006 0 0 0 0 0 0 0 0 0 0 0 0 0 0 0 0 0 
0 0 0 0 0 0 0 0 0 0 0 0 0 0 0 0 0 0 
1 0.999 0.9968 0.9928 0.986 0.9772 0.9716 0.9544 0.9422 0.9264 0.9038 0.8754 0.8388 0.7992 0.7478 0.6918 0.5952 0.4476 
0.5422 0 0 0 0 0 0 0 0 0 0 0 0 0 0 0 0 0 
0.4076 0 0 0 0 0 0 0 0 0 0 0 0 0 0 0 0 0 
0.3172 0 0 0 0 0 0 0 0 0 0 0 0 0 0 0 0 0 
0.2558 0 0 0 0 0 0 0 0 0 0 0 0 0 0 0 0 0 
0.2062 0 0 0 0 0 0 0 0 0 0 0 0 0 0 0 0 0 
0.1658 0 0 0 0 0 0 0 0 0 0 0 0 0 0 0 0 0 
0.1318 0 0 0 0 0 0 0 0 0 0 0 0 0 0 0 0 0 
0.1026 0 0 0 0 0 0 0 0 0 0 0 0 0 0 0 0 0 
0.0768 0 0 0 0 0 0 0 0 0 0 0 0 0 0 0 0 0 
0.0566 0 0 0 0 0 0 0 0 0 0 0 0 0 0 0 0 0 
0.0374 0 0 0 0 0 0 0 0 0 0 0 0 0 0 0 0 0 
0.0268 0 0 0 0 0 0 0 0 0 0 0 0 0 0 0 0 0 
0.0144 0 0 0 0 0 0 0 0 0 0 0 0 0 0 0 0 0 
0.0076 0 0 0 0 0 0 0 0 0 0 0 0 0 0 0 0 0 
0.004 0 0 0 0 0 0 0 0 0 0 0 0 0 0 0 0 0 
0.001 0 0 0 0 0 0 0 0 0 0 0 0 0 0 0 0 0 
0.0002 0 0 0 0 0 0 0 0 0 0 0 0 0 0 0 0 0 
1 0.9972 0.996 0.9872 0.9776 0.9666 0.9568 0.936 0.9176 0.8862 0.8554 0.8124 0.7648 0.6958 0.6198 0.537 0.4216 0.2846 
0.7026 0.0306 0.01 0.0038 0.002 0.0012 0.0002 0 0 0 0 0 0 0 0 0 0 0 
0.5626 0.006 0.001 0 0 0 0 0 0 0 0 0 0 0 0 0 0 0 
0.4576 0.0014 0.0002 0 0 0 0 0 0 0 0 0 0 0 0 0 0 0 
0.3808 0.0004 0 0 0 0 0 0 0 0 0 0 0 0 0 0 0 0 
0.3112 0 0 0 0 0 0 0 0 0 0 0 0 0 0 0 0 0 
0.2538 0 0 0 0 0 0 0 0 0 0 0 0 0 0 0 0 0 
0.1938 0 0 0 0 0 0 0 0 0 0 0 0 0 0 0 0 0 
0.1496 0 0 0 0 0 0 0 0 0 0 0 0 0 0 0 0 0 
0.113 0 0 0 0 0 0 0 0 0 0 0 0 0 0 0 0 0 
0.0798 0 0 0 0 0 0 0 0 0 0 0 0 0 0 0 0 0 
0.0566 0 0 0 0 0 0 0 0 0 0 0 0 0 0 0 0 0 
0.0354 0 0 0 0 0 0 0 0 0 0 0 0 0 0 0 0 0 
0.0204 0 0 0 0 0 0 0 0 0 0 0 0 0 0 0 0 0 
0.0098 0 0 0 0 0 0 0 0 0 0 0 0 0 0 0 0 0 
0.0032 0 0 0 0 0 0 0 0 0 0 0 0 0 0 0 0 0 
0.0004 0 0 0 0 0 0 0 0 0 0 0 0 0 0 0 0 0 
0 0 0 0 0 0 0 0 0 0 0 0 0 0 0 0 0 0 
1 0.9986 0.997 0.9922 0.9838 0.9744 0.9652 0.949 0.9374 0.9146 0.8922 0.8626 0.83 0.7834 0.722 0.6552 0.5652 0.4272 
0.5662 0 0 0 0 0 0 0 0 0 0 0 0 0 0 0 0 0 
0.4272 0 0 0 0 0 0 0 0 0 0 0 0 0 0 0 0 0 
0.346 0 0 0 0 0 0 0 0 0 0 0 0 0 0 0 0 0 
0.2852 0 0 0 0 0 0 0 0 0 0 0 0 0 0 0 0 0 
0.228 0 0 0 0 0 0 0 0 0 0 0 0 0 0 0 0 0 
0.1806 0 0 0 0 0 0 0 0 0 0 0 0 0 0 0 0 0 
0.1484 0 0 0 0 0 0 0 0 0 0 0 0 0 0 0 0 0 
0.109 0 0 0 0 0 0 0 0 0 0 0 0 0 0 0 0 0 
0.0906 0 0 0 0 0 0 0 0 0 0 0 0 0 0 0 0 0 
0.0634 0 0 0 0 0 0 0 0 0 0 0 0 0 0 0 0 0 
0.047 0 0 0 0 0 0 0 0 0 0 0 0 0 0 0 0 0 
0.0282 0 0 0 0 0 0 0 0 0 0 0 0 0 0 0 0 0 
0.0176 0 0 0 0 0 0 0 0 0 0 0 0 0 0 0 0 0 
0.0088 0 0 0 0 0 0 0 0 0 0 0 0 0 0 0 0 0 
0.0028 0 0 0 0 0 0 0 0 0 0 0 0 0 0 0 0 0 
0.0008 0 0 0 0 0 0 0 0 0 0 0 0 0 0 0 0 0 
0.0002 0 0 0 0 0 0 0 0 0 0 0 0 0 0 0 0 0 
1 0.9992 0.9966 0.991 0.9828 0.9748 0.9668 0.9542 0.9408 0.9228 0.8972 0.8674 0.833 0.7834 0.722 0.6564 0.565 0.4238 
0.575 0 0 0 0 0 0 0 0 0 0 0 0 0 0 0 0 0 
0.4336 0 0 0 0 0 0 0 0 0 0 0 0 0 0 0 0 0 
0.3478 0 0 0 0 0 0 0 0 0 0 0 0 0 0 0 0 0 
0.2852 0 0 0 0 0 0 0 0 0 0 0 0 0 0 0 0 0 
0.2286 0 0 0 0 0 0 0 0 0 0 0 0 0 0 0 0 0 
0.1826 0 0 0 0 0 0 0 0 0 0 0 0 0 0 0 0 0 
0.1352 0 0 0 0 0 0 0 0 0 0 0 0 0 0 0 0 0 
0.1048 0 0 0 0 0 0 0 0 0 0 0 0 0 0 0 0 0 
0.0774 0 0 0 0 0 0 0 0 0 0 0 0 0 0 0 0 0 
0.0548 0 0 0 0 0 0 0 0 0 0 0 0 0 0 0 0 0 
0.0398 0 0 0 0 0 0 0 0 0 0 0 0 0 0 0 0 0 
0.026 0 0 0 0 0 0 0 0 0 0 0 0 0 0 0 0 0 
0.0162 0 0 0 0 0 0 0 0 0 0 0 0 0 0 0 0 0 
0.0104 0 0 0 0 0 0 0 0 0 0 0 0 0 0 0 0 0 
0.0046 0 0 0 0 0 0 0 0 0 0 0 0 0 0 0 0 0 
0.0006 0 0 0 0 0 0 0 0 0 0 0 0 0 0 0 0 0 
0.0002 0 0 0 0 0 0 0 0 0 0 0 0 0 0 0 0 0 
1 0.9992 0.9972 0.9946 0.9872 0.9848 0.976 0.9692 0.9574 0.9396 0.926 0.9076 0.8848 0.8558 0.8214 0.7682 0.6942 0.5706 
0.4284 0 0 0 0 0 0 0 0 0 0 0 0 0 0 0 0 0 
0.3066 0 0 0 0 0 0 0 0 0 0 0 0 0 0 0 0 0 
0.235 0 0 0 0 0 0 0 0 0 0 0 0 0 0 0 0 0 
0.187 0 0 0 0 0 0 0 0 0 0 0 0 0 0 0 0 0 
0.1526 0 0 0 0 0 0 0 0 0 0 0 0 0 0 0 0 0 
0.1238 0 0 0 0 0 0 0 0 0 0 0 0 0 0 0 0 0 
0.094 0 0 0 0 0 0 0 0 0 0 0 0 0 0 0 0 0 
0.0742 0 0 0 0 0 0 0 0 0 0 0 0 0 0 0 0 0 
0.0588 0 0 0 0 0 0 0 0 0 0 0 0 0 0 0 0 0 
0.0398 0 0 0 0 0 0 0 0 0 0 0 0 0 0 0 0 0 
0.0286 0 0 0 0 0 0 0 0 0 0 0 0 0 0 0 0 0 
0.0186 0 0 0 0 0 0 0 0 0 0 0 0 0 0 0 0 0 
0.0106 0 0 0 0 0 0 0 0 0 0 0 0 0 0 0 0 0 
0.006 0 0 0 0 0 0 0 0 0 0 0 0 0 0 0 0 0 
0.0018 0 0 0 0 0 0 0 0 0 0 0 0 0 0 0 0 0 
0.0004 0 0 0 0 0 0 0 0 0 0 0 0 0 0 0 0 0 
0 0 0 0 0 0 0 0 0 0 0 0 0 0 0 0 0 0 
1 0.9978 0.9914 0.978 0.9518 0.924 0.8858 0.8416 0.782 0.7166 0.6442 0.566 0.4846 0.4056 0.3206 0.2446 0.165 0.0996 
0.8654 0.5696 0.3696 0.2214 0.1248 0.076 0.0386 0.0174 0.0084 0.0024 0.0008 0.0004 0 0 0 0 0 0 
0.7252 0.261 0.081 0.0208 0.003 0.001 0 0 0 0 0 0 0 0 0 0 0 0 
0.6056 0.1412 0.0258 0.003 0.0004 0 0 0 0 0 0 0 0 0 0 0 0 0 
0.4836 0.0662 0.005 0.0004 0 0 0 0 0 0 0 0 0 0 0 0 0 0 
0.386 0.028 0.0006 0 0 0 0 0 0 0 0 0 0 0 0 0 0 0 
0.2866 0.0102 0.0002 0 0 0 0 0 0 0 0 0 0 0 0 0 0 0 
0.2098 0.003 0 0 0 0 0 0 0 0 0 0 0 0 0 0 0 0 
0.143 0.0008 0 0 0 0 0 0 0 0 0 0 0 0 0 0 0 0 
0.0946 0 0 0 0 0 0 0 0 0 0 0 0 0 0 0 0 0 
0.058 0 0 0 0 0 0 0 0 0 0 0 0 0 0 0 0 0 
0.0338 0 0 0 0 0 0 0 0 0 0 0 0 0 0 0 0 0 
0.0166 0 0 0 0 0 0 0 0 0 0 0 0 0 0 0 0 0 
0.0078 0 0 0 0 0 0 0 0 0 0 0 0 0 0 0 0 0 
0.003 0 0 0 0 0 0 0 0 0 0 0 0 0 0 0 0 0 
0.0008 0 0 0 0 0 0 0 0 0 0 0 0 0 0 0 0 0 
0 0 0 0 0 0 0 0 0 0 0 0 0 0 0 0 0 0 
0 0 0 0 0 0 0 0 0 0 0 0 0 0 0 0 0 0 
1 0.9988 0.9958 0.99 0.9794 0.967 0.9568 0.9296 0.9106 0.8774 0.8374 0.7934 0.7314 0.6742 0.6056 0.5158 0.3998 0.2548 
0.7298 0.0206 0.005 0.002 0.0006 0.0004 0.0002 0.0002 0.0002 0 0 0 0 0 0 0 0 0 
0.5858 0.004 0.0004 0 0 0 0 0 0 0 0 0 0 0 0 0 0 0 
0.4836 0.0014 0.0002 0 0 0 0 0 0 0 0 0 0 0 0 0 0 0 
0.4022 0.0004 0 0 0 0 0 0 0 0 0 0 0 0 0 0 0 0 
0.3356 0.0002 0 0 0 0 0 0 0 0 0 0 0 0 0 0 0 0 
0.2778 0.0002 0 0 0 0 0 0 0 0 0 0 0 0 0 0 0 0 
0.2236 0 0 0 0 0 0 0 0 0 0 0 0 0 0 0 0 0 
0.1724 0 0 0 0 0 0 0 0 0 0 0 0 0 0 0 0 0 
0.1246 0 0 0 0 0 0 0 0 0 0 0 0 0 0 0 0 0 
0.0898 0 0 0 0 0 0 0 0 0 0 0 0 0 0 0 0 0 
0.0586 0 0 0 0 0 0 0 0 0 0 0 0 0 0 0 0 0 
0.034 0 0 0 0 0 0 0 0 0 0 0 0 0 0 0 0 0 
0.0172 0 0 0 0 0 0 0 0 0 0 0 0 0 0 0 0 0 
0.0086 0 0 0 0 0 0 0 0 0 0 0 0 0 0 0 0 0 
0.0022 0 0 0 0 0 0 0 0 0 0 0 0 0 0 0 0 0 
0.0004 0 0 0 0 0 0 0 0 0 0 0 0 0 0 0 0 0 
0 0 0 0 0 0 0 0 0 0 0 0 0 0 0 0 0 0 
1 0.9984 0.9952 0.9878 0.9748 0.9656 0.948 0.9286 0.905 0.8788 0.8384 0.7888 0.7222 0.6512 0.5786 0.483 0.3684 0.2224 
0.7604 0.0148 0.0022 0.0006 0.0004 0.0002 0.0002 0 0 0 0 0 0 0 0 0 0 0 
0.6142 0.003 0 0 0 0 0 0 0 0 0 0 0 0 0 0 0 0 
0.5134 0.0012 0 0 0 0 0 0 0 0 0 0 0 0 0 0 0 0 
0.4254 0.0006 0 0 0 0 0 0 0 0 0 0 0 0 0 0 0 0 
0.3548 0.0004 0 0 0 0 0 0 0 0 0 0 0 0 0 0 0 0 
0.2938 0.0004 0 0 0 0 0 0 0 0 0 0 0 0 0 0 0 0 
0.233 0 0 0 0 0 0 0 0 0 0 0 0 0 0 0 0 0 
0.1708 0 0 0 0 0 0 0 0 0 0 0 0 0 0 0 0 0 
0.1302 0 0 0 0 0 0 0 0 0 0 0 0 0 0 0 0 0 
0.0954 0 0 0 0 0 0 0 0 0 0 0 0 0 0 0 0 0 
0.066 0 0 0 0 0 0 0 0 0 0 0 0 0 0 0 0 0 
0.0418 0 0 0 0 0 0 0 0 0 0 0 0 0 0 0 0 0 
0.0234 0 0 0 0 0 0 0 0 0 0 0 0 0 0 0 0 0 
0.0128 0 0 0 0 0 0 0 0 0 0 0 0 0 0 0 0 0 
0.004 0 0 0 0 0 0 0 0 0 0 0 0 0 0 0 0 0 
0.0014 0 0 0 0 0 0 0 0 0 0 0 0 0 0 0 0 0 
0 0 0 0 0 0 0 0 0 0 0 0 0 0 0 0 0 0 
1 0.9986 0.997 0.9918 0.9824 0.9734 0.96 0.9476 0.9276 0.9086 0.885 0.8538 0.8104 0.7626 0.6996 0.6272 0.5332 0.3788 
0.6094 0 0 0 0 0 0 0 0 0 0 0 0 0 0 0 0 0 
0.4638 0 0 0 0 0 0 0 0 0 0 0 0 0 0 0 0 0 
0.3746 0 0 0 0 0 0 0 0 0 0 0 0 0 0 0 0 0 
0.3122 0 0 0 0 0 0 0 0 0 0 0 0 0 0 0 0 0 
0.2512 0 0 0 0 0 0 0 0 0 0 0 0 0 0 0 0 0 
0.2032 0 0 0 0 0 0 0 0 0 0 0 0 0 0 0 0 0 
0.1552 0 0 0 0 0 0 0 0 0 0 0 0 0 0 0 0 0 
0.1204 0 0 0 0 0 0 0 0 0 0 0 0 0 0 0 0 0 
0.093 0 0 0 0 0 0 0 0 0 0 0 0 0 0 0 0 0 
0.0704 0 0 0 0 0 0 0 0 0 0 0 0 0 0 0 0 0 
0.0478 0 0 0 0 0 0 0 0 0 0 0 0 0 0 0 0 0 
0.03 0 0 0 0 0 0 0 0 0 0 0 0 0 0 0 0 0 
0.018 0 0 0 0 0 0 0 0 0 0 0 0 0 0 0 0 0 
0.0088 0 0 0 0 0 0 0 0 0 0 0 0 0 0 0 0 0 
0.0038 0 0 0 0 0 0 0 0 0 0 0 0 0 0 0 0 0 
0.0006 0 0 0 0 0 0 0 0 0 0 0 0 0 0 0 0 0 
0 0 0 0 0 0 0 0 0 0 0 0 0 0 0 0 0 0 
1 0.998 0.9956 0.9856 0.9806 0.962 0.948 0.9224 0.8932 0.8654 0.8244 0.7688 0.7138 0.646 0.5614 0.4648 0.3506 0.2136 
0.769 0.0076 0.001 0.0008 0.0006 0.0002 0.0002 0.0002 0.0002 0 0 0 0 0 0 0 0 0 
0.63 0.0006 0 0 0 0 0 0 0 0 0 0 0 0 0 0 0 0 
0.5334 0.0004 0 0 0 0 0 0 0 0 0 0 0 0 0 0 0 0 
0.4404 0 0 0 0 0 0 0 0 0 0 0 0 0 0 0 0 0 
0.3718 0 0 0 0 0 0 0 0 0 0 0 0 0 0 0 0 0 
0.2964 0 0 0 0 0 0 0 0 0 0 0 0 0 0 0 0 0 
0.2484 0 0 0 0 0 0 0 0 0 0 0 0 0 0 0 0 0 
0.1938 0 0 0 0 0 0 0 0 0 0 0 0 0 0 0 0 0 
0.1404 0 0 0 0 0 0 0 0 0 0 0 0 0 0 0 0 0 
0.1072 0 0 0 0 0 0 0 0 0 0 0 0 0 0 0 0 0 
0.0744 0 0 0 0 0 0 0 0 0 0 0 0 0 0 0 0 0 
0.046 0 0 0 0 0 0 0 0 0 0 0 0 0 0 0 0 0 
0.0258 0 0 0 0 0 0 0 0 0 0 0 0 0 0 0 0 0 
0.0132 0 0 0 0 0 0 0 0 0 0 0 0 0 0 0 0 0 
0.0032 0 0 0 0 0 0 0 0 0 0 0 0 0 0 0 0 0 
0.0006 0 0 0 0 0 0 0 0 0 0 0 0 0 0 0 0 0 
0 0 0 0 0 0 0 0 0 0 0 0 0 0 0 0 0 0 
1 0.9986 0.9964 0.989 0.9836 0.9738 0.9576 0.9426 0.9238 0.902 0.8802 0.844 0.803 0.752 0.6882 0.6068 0.5116 0.3624 
0.6256 0 0 0 0 0 0 0 0 0 0 0 0 0 0 0 0 0 
0.4884 0 0 0 0 0 0 0 0 0 0 0 0 0 0 0 0 0 
0.3932 0 0 0 0 0 0 0 0 0 0 0 0 0 0 0 0 0 
0.3184 0 0 0 0 0 0 0 0 0 0 0 0 0 0 0 0 0 
0.258 0 0 0 0 0 0 0 0 0 0 0 0 0 0 0 0 0 
0.21 0 0 0 0 0 0 0 0 0 0 0 0 0 0 0 0 0 
0.1638 0 0 0 0 0 0 0 0 0 0 0 0 0 0 0 0 0 
0.131 0 0 0 0 0 0 0 0 0 0 0 0 0 0 0 0 0 
0.0988 0 0 0 0 0 0 0 0 0 0 0 0 0 0 0 0 0 
0.0756 0 0 0 0 0 0 0 0 0 0 0 0 0 0 0 0 0 
0.053 0 0 0 0 0 0 0 0 0 0 0 0 0 0 0 0 0 
0.0348 0 0 0 0 0 0 0 0 0 0 0 0 0 0 0 0 0 
0.0188 0 0 0 0 0 0 0 0 0 0 0 0 0 0 0 0 0 
0.0098 0 0 0 0 0 0 0 0 0 0 0 0 0 0 0 0 0 
0.004 0 0 0 0 0 0 0 0 0 0 0 0 0 0 0 0 0 
0.001 0 0 0 0 0 0 0 0 0 0 0 0 0 0 0 0 0 
0.0002 0 0 0 0 0 0 0 0 0 0 0 0 0 0 0 0 0 
1 0.9986 0.997 0.992 0.9848 0.9724 0.959 0.9494 0.9282 0.9054 0.8768 0.8456 0.8078 0.752 0.6908 0.6132 0.5148 0.3674 
0.6252 0 0 0 0 0 0 0 0 0 0 0 0 0 0 0 0 0 
0.4784 0 0 0 0 0 0 0 0 0 0 0 0 0 0 0 0 0 
0.383 0 0 0 0 0 0 0 0 0 0 0 0 0 0 0 0 0 
0.3158 0 0 0 0 0 0 0 0 0 0 0 0 0 0 0 0 0 
0.2608 0 0 0 0 0 0 0 0 0 0 0 0 0 0 0 0 0 
0.2126 0 0 0 0 0 0 0 0 0 0 0 0 0 0 0 0 0 
0.163 0 0 0 0 0 0 0 0 0 0 0 0 0 0 0 0 0 
0.1296 0 0 0 0 0 0 0 0 0 0 0 0 0 0 0 0 0 
0.0972 0 0 0 0 0 0 0 0 0 0 0 0 0 0 0 0 0 
0.0696 0 0 0 0 0 0 0 0 0 0 0 0 0 0 0 0 0 
0.049 0 0 0 0 0 0 0 0 0 0 0 0 0 0 0 0 0 
0.0282 0 0 0 0 0 0 0 0 0 0 0 0 0 0 0 0 0 
0.0194 0 0 0 0 0 0 0 0 0 0 0 0 0 0 0 0 0 
0.009 0 0 0 0 0 0 0 0 0 0 0 0 0 0 0 0 0 
0.0036 0 0 0 0 0 0 0 0 0 0 0 0 0 0 0 0 0 
0.0004 0 0 0 0 0 0 0 0 0 0 0 0 0 0 0 0 0 
0 0 0 0 0 0 0 0 0 0 0 0 0 0 0 0 0 0 
1 0.999 0.998 0.992 0.9866 0.9766 0.97 0.9612 0.9476 0.9324 0.9104 0.8886 0.8706 0.8322 0.789 0.733 0.6562 0.5332 
0.4628 0 0 0 0 0 0 0 0 0 0 0 0 0 0 0 0 0 
0.3412 0 0 0 0 0 0 0 0 0 0 0 0 0 0 0 0 0 
0.2678 0 0 0 0 0 0 0 0 0 0 0 0 0 0 0 0 0 
0.217 0 0 0 0 0 0 0 0 0 0 0 0 0 0 0 0 0 
0.1756 0 0 0 0 0 0 0 0 0 0 0 0 0 0 0 0 0 
0.1418 0 0 0 0 0 0 0 0 0 0 0 0 0 0 0 0 0 
0.1144 0 0 0 0 0 0 0 0 0 0 0 0 0 0 0 0 0 
0.0902 0 0 0 0 0 0 0 0 0 0 0 0 0 0 0 0 0 
0.069 0 0 0 0 0 0 0 0 0 0 0 0 0 0 0 0 0 
0.0518 0 0 0 0 0 0 0 0 0 0 0 0 0 0 0 0 0 
0.0368 0 0 0 0 0 0 0 0 0 0 0 0 0 0 0 0 0 
0.0252 0 0 0 0 0 0 0 0 0 0 0 0 0 0 0 0 0 
0.0164 0 0 0 0 0 0 0 0 0 0 0 0 0 0 0 0 0 
0.009 0 0 0 0 0 0 0 0 0 0 0 0 0 0 0 0 0 
0.0036 0 0 0 0 0 0 0 0 0 0 0 0 0 0 0 0 0 
0.0008 0 0 0 0 0 0 0 0 0 0 0 0 0 0 0 0 0 
0 0 0 0 0 0 0 0 0 0 0 0 0 0 0 0 0 0 
1 0.9984 0.9962 0.9866 0.9796 0.9644 0.9484 0.9304 0.9018 0.8696 0.8344 0.7892 0.7414 0.666 0.5816 0.4826 0.3664 0.2176 
0.7678 0.0036 0.0002 0 0 0 0 0 0 0 0 0 0 0 0 0 0 0 
0.6252 0.0006 0 0 0 0 0 0 0 0 0 0 0 0 0 0 0 0 
0.5196 0.0002 0 0 0 0 0 0 0 0 0 0 0 0 0 0 0 0 
0.4304 0.0002 0 0 0 0 0 0 0 0 0 0 0 0 0 0 0 0 
0.3482 0 0 0 0 0 0 0 0 0 0 0 0 0 0 0 0 0 
0.283 0 0 0 0 0 0 0 0 0 0 0 0 0 0 0 0 0 
0.2228 0 0 0 0 0 0 0 0 0 0 0 0 0 0 0 0 0 
0.1724 0 0 0 0 0 0 0 0 0 0 0 0 0 0 0 0 0 
0.1316 0 0 0 0 0 0 0 0 0 0 0 0 0 0 0 0 0 
0.0944 0 0 0 0 0 0 0 0 0 0 0 0 0 0 0 0 0 
0.0652 0 0 0 0 0 0 0 0 0 0 0 0 0 0 0 0 0 
0.0396 0 0 0 0 0 0 0 0 0 0 0 0 0 0 0 0 0 
0.023 0 0 0 0 0 0 0 0 0 0 0 0 0 0 0 0 0 
0.0112 0 0 0 0 0 0 0 0 0 0 0 0 0 0 0 0 0 
0.0046 0 0 0 0 0 0 0 0 0 0 0 0 0 0 0 0 0 
0.0016 0 0 0 0 0 0 0 0 0 0 0 0 0 0 0 0 0 
0 0 0 0 0 0 0 0 0 0 0 0 0 0 0 0 0 0 
1 0.9982 0.997 0.992 0.982 0.9746 0.96 0.9452 0.9226 0.904 0.8724 0.84 0.7912 0.7466 0.6888 0.615 0.5188 0.3632 
0.6248 0 0 0 0 0 0 0 0 0 0 0 0 0 0 0 0 0 
0.485 0 0 0 0 0 0 0 0 0 0 0 0 0 0 0 0 0 
0.393 0 0 0 0 0 0 0 0 0 0 0 0 0 0 0 0 0 
0.314 0 0 0 0 0 0 0 0 0 0 0 0 0 0 0 0 0 
0.2598 0 0 0 0 0 0 0 0 0 0 0 0 0 0 0 0 0 
0.2116 0 0 0 0 0 0 0 0 0 0 0 0 0 0 0 0 0 
0.1722 0 0 0 0 0 0 0 0 0 0 0 0 0 0 0 0 0 
0.1346 0 0 0 0 0 0 0 0 0 0 0 0 0 0 0 0 0 
0.1014 0 0 0 0 0 0 0 0 0 0 0 0 0 0 0 0 0 
0.0754 0 0 0 0 0 0 0 0 0 0 0 0 0 0 0 0 0 
0.052 0 0 0 0 0 0 0 0 0 0 0 0 0 0 0 0 0 
0.0346 0 0 0 0 0 0 0 0 0 0 0 0 0 0 0 0 0 
0.0166 0 0 0 0 0 0 0 0 0 0 0 0 0 0 0 0 0 
0.009 0 0 0 0 0 0 0 0 0 0 0 0 0 0 0 0 0 
0.0038 0 0 0 0 0 0 0 0 0 0 0 0 0 0 0 0 0 
0.0006 0 0 0 0 0 0 0 0 0 0 0 0 0 0 0 0 0 
0 0 0 0 0 0 0 0 0 0 0 0 0 0 0 0 0 0 
1 0.9986 0.9974 0.9894 0.9812 0.9716 0.9616 0.946 0.933 0.9066 0.8768 0.8414 0.8036 0.7518 0.6904 0.6168 0.5158 0.3646 
0.627 0 0 0 0 0 0 0 0 0 0 0 0 0 0 0 0 0 
0.479 0 0 0 0 0 0 0 0 0 0 0 0 0 0 0 0 0 
0.3874 0 0 0 0 0 0 0 0 0 0 0 0 0 0 0 0 0 
0.3156 0 0 0 0 0 0 0 0 0 0 0 0 0 0 0 0 0 
0.256 0 0 0 0 0 0 0 0 0 0 0 0 0 0 0 0 0 
0.2078 0 0 0 0 0 0 0 0 0 0 0 0 0 0 0 0 0 
0.1688 0 0 0 0 0 0 0 0 0 0 0 0 0 0 0 0 0 
0.1326 0 0 0 0 0 0 0 0 0 0 0 0 0 0 0 0 0 
0.098 0 0 0 0 0 0 0 0 0 0 0 0 0 0 0 0 0 
0.0688 0 0 0 0 0 0 0 0 0 0 0 0 0 0 0 0 0 
0.0462 0 0 0 0 0 0 0 0 0 0 0 0 0 0 0 0 0 
0.0302 0 0 0 0 0 0 0 0 0 0 0 0 0 0 0 0 0 
0.0192 0 0 0 0 0 0 0 0 0 0 0 0 0 0 0 0 0 
0.01 0 0 0 0 0 0 0 0 0 0 0 0 0 0 0 0 0 
0.0056 0 0 0 0 0 0 0 0 0 0 0 0 0 0 0 0 0 
0.0012 0 0 0 0 0 0 0 0 0 0 0 0 0 0 0 0 0 
0 0 0 0 0 0 0 0 0 0 0 0 0 0 0 0 0 0 
1 0.9988 0.9982 0.9938 0.9864 0.981 0.9712 0.9606 0.9524 0.936 0.917 0.897 0.8686 0.8358 0.802 0.7434 0.6666 0.5442 
0.4528 0 0 0 0 0 0 0 0 0 0 0 0 0 0 0 0 0 
0.3346 0 0 0 0 0 0 0 0 0 0 0 0 0 0 0 0 0 
0.2618 0 0 0 0 0 0 0 0 0 0 0 0 0 0 0 0 0 
0.2072 0 0 0 0 0 0 0 0 0 0 0 0 0 0 0 0 0 
0.1728 0 0 0 0 0 0 0 0 0 0 0 0 0 0 0 0 0 
0.1384 0 0 0 0 0 0 0 0 0 0 0 0 0 0 0 0 0 
0.1074 0 0 0 0 0 0 0 0 0 0 0 0 0 0 0 0 0 
0.0832 0 0 0 0 0 0 0 0 0 0 0 0 0 0 0 0 0 
0.0606 0 0 0 0 0 0 0 0 0 0 0 0 0 0 0 0 0 
0.0472 0 0 0 0 0 0 0 0 0 0 0 0 0 0 0 0 0 
0.0332 0 0 0 0 0 0 0 0 0 0 0 0 0 0 0 0 0 
0.024 0 0 0 0 0 0 0 0 0 0 0 0 0 0 0 0 0 
0.0144 0 0 0 0 0 0 0 0 0 0 0 0 0 0 0 0 0 
0.0066 0 0 0 0 0 0 0 0 0 0 0 0 0 0 0 0 0 
0.002 0 0 0 0 0 0 0 0 0 0 0 0 0 0 0 0 0 
0.0008 0 0 0 0 0 0 0 0 0 0 0 0 0 0 0 0 0 
0 0 0 0 0 0 0 0 0 0 0 0 0 0 0 0 0 0 
1 0.999 0.997 0.9886 0.9816 0.971 0.9592 0.943 0.9276 0.91 0.8854 0.84 0.809 0.7582 0.6982 0.6272 0.526 0.381 
0.6108 0 0 0 0 0 0 0 0 0 0 0 0 0 0 0 0 0 
0.4754 0 0 0 0 0 0 0 0 0 0 0 0 0 0 0 0 0 
0.3724 0 0 0 0 0 0 0 0 0 0 0 0 0 0 0 0 0 
0.303 0 0 0 0 0 0 0 0 0 0 0 0 0 0 0 0 0 
0.2528 0 0 0 0 0 0 0 0 0 0 0 0 0 0 0 0 0 
0.2092 0 0 0 0 0 0 0 0 0 0 0 0 0 0 0 0 0 
0.1626 0 0 0 0 0 0 0 0 0 0 0 0 0 0 0 0 0 
0.1242 0 0 0 0 0 0 0 0 0 0 0 0 0 0 0 0 0 
0.0956 0 0 0 0 0 0 0 0 0 0 0 0 0 0 0 0 0 
0.0724 0 0 0 0 0 0 0 0 0 0 0 0 0 0 0 0 0 
0.0494 0 0 0 0 0 0 0 0 0 0 0 0 0 0 0 0 0 
0.0334 0 0 0 0 0 0 0 0 0 0 0 0 0 0 0 0 0 
0.021 0 0 0 0 0 0 0 0 0 0 0 0 0 0 0 0 0 
0.01 0 0 0 0 0 0 0 0 0 0 0 0 0 0 0 0 0 
0.0036 0 0 0 0 0 0 0 0 0 0 0 0 0 0 0 0 0 
0.0016 0 0 0 0 0 0 0 0 0 0 0 0 0 0 0 0 0 
0.0006 0 0 0 0 0 0 0 0 0 0 0 0 0 0 0 0 0 
1 0.9986 0.9974 0.9944 0.9882 0.9766 0.9662 0.9576 0.9434 0.9304 0.908 0.8876 0.8554 0.8214 0.7744 0.721 0.6464 0.5248 
0.472 0 0 0 0 0 0 0 0 0 0 0 0 0 0 0 0 0 
0.3498 0 0 0 0 0 0 0 0 0 0 0 0 0 0 0 0 0 
0.281 0 0 0 0 0 0 0 0 0 0 0 0 0 0 0 0 0 
0.2358 0 0 0 0 0 0 0 0 0 0 0 0 0 0 0 0 0 
0.188 0 0 0 0 0 0 0 0 0 0 0 0 0 0 0 0 0 
0.1456 0 0 0 0 0 0 0 0 0 0 0 0 0 0 0 0 0 
0.118 0 0 0 0 0 0 0 0 0 0 0 0 0 0 0 0 0 
0.0948 0 0 0 0 0 0 0 0 0 0 0 0 0 0 0 0 0 
0.0706 0 0 0 0 0 0 0 0 0 0 0 0 0 0 0 0 0 
0.0544 0 0 0 0 0 0 0 0 0 0 0 0 0 0 0 0 0 
0.04 0 0 0 0 0 0 0 0 0 0 0 0 0 0 0 0 0 
0.0284 0 0 0 0 0 0 0 0 0 0 0 0 0 0 0 0 0 
0.018 0 0 0 0 0 0 0 0 0 0 0 0 0 0 0 0 0 
0.0082 0 0 0 0 0 0 0 0 0 0 0 0 0 0 0 0 0 
0.0028 0 0 0 0 0 0 0 0 0 0 0 0 0 0 0 0 0 
0.0008 0 0 0 0 0 0 0 0 0 0 0 0 0 0 0 0 0 
0 0 0 0 0 0 0 0 0 0 0 0 0 0 0 0 0 0 
1 0.9982 0.9982 0.9938 0.9818 0.976 0.9694 0.9574 0.943 0.9244 0.9088 0.887 0.8578 0.8226 0.7842 0.7304 0.6538 0.5268 
0.4702 0 0 0 0 0 0 0 0 0 0 0 0 0 0 0 0 0 
0.3438 0 0 0 0 0 0 0 0 0 0 0 0 0 0 0 0 0 
0.2772 0 0 0 0 0 0 0 0 0 0 0 0 0 0 0 0 0 
0.2208 0 0 0 0 0 0 0 0 0 0 0 0 0 0 0 0 0 
0.1776 0 0 0 0 0 0 0 0 0 0 0 0 0 0 0 0 0 
0.151 0 0 0 0 0 0 0 0 0 0 0 0 0 0 0 0 0 
0.1212 0 0 0 0 0 0 0 0 0 0 0 0 0 0 0 0 0 
0.0962 0 0 0 0 0 0 0 0 0 0 0 0 0 0 0 0 0 
0.074 0 0 0 0 0 0 0 0 0 0 0 0 0 0 0 0 0 
0.0554 0 0 0 0 0 0 0 0 0 0 0 0 0 0 0 0 0 
0.0402 0 0 0 0 0 0 0 0 0 0 0 0 0 0 0 0 0 
0.0286 0 0 0 0 0 0 0 0 0 0 0 0 0 0 0 0 0 
0.017 0 0 0 0 0 0 0 0 0 0 0 0 0 0 0 0 0 
0.009 0 0 0 0 0 0 0 0 0 0 0 0 0 0 0 0 0 
0.0034 0 0 0 0 0 0 0 0 0 0 0 0 0 0 0 0 0 
0.0006 0 0 0 0 0 0 0 0 0 0 0 0 0 0 0 0 0 
0.0002 0 0 0 0 0 0 0 0 0 0 0 0 0 0 0 0 0 
1 0.9992 0.9982 0.994 0.99 0.9848 0.9784 0.9736 0.9628 0.9518 0.9442 0.9242 0.904 0.8814 0.8488 0.8122 0.764 0.6664 
0.3312 0 0 0 0 0 0 0 0 0 0 0 0 0 0 0 0 0 
0.239 0 0 0 0 0 0 0 0 0 0 0 0 0 0 0 0 0 
0.1902 0 0 0 0 0 0 0 0 0 0 0 0 0 0 0 0 0 
0.151 0 0 0 0 0 0 0 0 0 0 0 0 0 0 0 0 0 
0.1268 0 0 0 0 0 0 0 0 0 0 0 0 0 0 0 0 0 
0.1012 0 0 0 0 0 0 0 0 0 0 0 0 0 0 0 0 0 
0.077 0 0 0 0 0 0 0 0 0 0 0 0 0 0 0 0 0 
0.0644 0 0 0 0 0 0 0 0 0 0 0 0 0 0 0 0 0 
0.0482 0 0 0 0 0 0 0 0 0 0 0 0 0 0 0 0 0 
0.0348 0 0 0 0 0 0 0 0 0 0 0 0 0 0 0 0 0 
0.0248 0 0 0 0 0 0 0 0 0 0 0 0 0 0 0 0 0 
0.0154 0 0 0 0 0 0 0 0 0 0 0 0 0 0 0 0 0 
0.0102 0 0 0 0 0 0 0 0 0 0 0 0 0 0 0 0 0 
0.0046 0 0 0 0 0 0 0 0 0 0 0 0 0 0 0 0 0 
0.0024 0 0 0 0 0 0 0 0 0 0 0 0 0 0 0 0 0 
0.0004 0 0 0 0 0 0 0 0 0 0 0 0 0 0 0 0 0 
0.0004 0 0 0 0 0 0 0 0 0 0 0 0 0 0 0 0 0 
