1 1 1 0.999512 0.938069 0.874994 0.738381 0.599294 0.386687 0.268906 0.154225 0.100231 0.0537562 0.0346875 0.0178938 0.0112375 0.00465625 0.00260625 
0.996737 0.989769 0.924513 0.783431 0.416369 0.242131 0.100337 0.0467812 0.0061375 0.0010375 0.000375 0.00016875 2.5e-05 6.25e-06 6.25e-06 1.25e-05 6.25e-06 0 
0.947187 0.793187 0.397356 0.152281 0.0029 0.0005 5.625e-05 2.5e-05 0 0 0 0 0 0 0 0 0 0 
0.838225 0.497225 0.122706 0.032725 3.75e-05 0 0 0 0 0 0 0 0 0 0 0 0 0 
0.609787 0.179906 0.00655625 0.00035 0 0 0 0 0 0 0 0 0 0 0 0 0 0 
0.388519 0.0434937 0.000525 0.00010625 0 0 0 0 0 0 0 0 0 0 0 0 0 0 
0.176113 0.0042 6.25e-06 0 0 0 0 0 0 0 0 0 0 0 0 0 0 0 
0.078725 0.00048125 6.25e-06 0 0 0 0 0 0 0 0 0 0 0 0 0 0 0 
0.023825 8.125e-05 0 0 0 0 0 0 0 0 0 0 0 0 0 0 0 0 
0.0085375 0 0 0 0 0 0 0 0 0 0 0 0 0 0 0 0 0 
0.00110625 0 0 0 0 0 0 0 0 0 0 0 0 0 0 0 0 0 
0.00028125 0 0 0 0 0 0 0 0 0 0 0 0 0 0 0 0 0 
0 0 0 0 0 0 0 0 0 0 0 0 0 0 0 0 0 0 
0 0 0 0 0 0 0 0 0 0 0 0 0 0 0 0 0 0 
0 0 0 0 0 0 0 0 0 0 0 0 0 0 0 0 0 0 
0 0 0 0 0 0 0 0 0 0 0 0 0 0 0 0 0 0 
0 0 0 0 0 0 0 0 0 0 0 0 0 0 0 0 0 0 
0 0 0 0 0 0 0 0 0 0 0 0 0 0 0 0 0 0 

1 1 0.995137 0.985762 0.908912 0.85315 0.748962 0.644062 0.475812 0.374738 0.2546 0.187125 0.122175 0.0883625 0.05345 0.038925 0.0214 0.0135625 
0.978812 0.940812 0.851887 0.734737 0.418087 0.269338 0.133175 0.070375 0.0145875 0.003875 0.0016125 0.000775 0.000275 8.75e-05 3.75e-05 0 6.25e-05 0 
0.8613 0.678575 0.35465 0.155312 0.0072125 0.0022375 0.0006875 0.0002 0 0 0 0 0 0 0 0 0 0 
0.722125 0.4192 0.1247 0.038175 0.0006 0.000125 1.25e-05 0 0 0 0 0 0 0 0 0 0 0 
0.5078 0.1688 0.0135375 0.0024625 0 0 0 0 0 0 0 0 0 0 0 0 0 0 
0.339738 0.05665 0.002925 0.0008 0 0 0 0 0 0 0 0 0 0 0 0 0 0 
0.1763 0.0119125 0.00045 5e-05 0 0 0 0 0 0 0 0 0 0 0 0 0 0 
0.0967875 0.0035625 0.000125 7.5e-05 0 0 0 0 0 0 0 0 0 0 0 0 0 0 
0.04065 0.001175 2.5e-05 0 0 0 0 0 0 0 0 0 0 0 0 0 0 0 
0.01835 0.0002 2.5e-05 1.25e-05 0 0 0 0 0 0 0 0 0 0 0 0 0 0 
0.0051 2.5e-05 0 0 0 0 0 0 0 0 0 0 0 0 0 0 0 0 
0.0019625 2.5e-05 0 0 0 0 0 0 0 0 0 0 0 0 0 0 0 0 
0.0004125 0 0 0 0 0 0 0 0 0 0 0 0 0 0 0 0 0 
0.000175 0 0 0 0 0 0 0 0 0 0 0 0 0 0 0 0 0 
5e-05 0 0 0 0 0 0 0 0 0 0 0 0 0 0 0 0 0 
0 0 0 0 0 0 0 0 0 0 0 0 0 0 0 0 0 0 
2.5e-05 1.25e-05 0 0 0 0 0 0 0 0 0 0 0 0 0 0 0 0 
1.25e-05 0 0 0 0 0 0 0 0 0 0 0 0 0 0 0 0 0 

1 0.999525 0.998687 0.993975 0.987437 0.978487 0.965037 0.945587 0.916487 0.874675 0.82025 0.752825 0.676125 0.590562 0.499487 0.401987 0.300388 0.188775 
0.79375 0.111488 0.04045 0.0178625 0.0086 0.004475 0.00225 0.001 0.000325 8.75e-05 2.5e-05 0 0 0 0 0 0 0 
0.672862 0.035225 0.0049625 0.000675 0.0001 1.25e-05 0 0 0 0 0 0 0 0 0 0 0 0 
0.572437 0.0151125 0.0011375 5e-05 0 0 0 0 0 0 0 0 0 0 0 0 0 0 
0.478487 0.0061 0.0002625 0 0 0 0 0 0 0 0 0 0 0 0 0 0 0 
0.391387 0.0028875 2.5e-05 0 0 0 0 0 0 0 0 0 0 0 0 0 0 0 
0.306362 0.00095 0 0 0 0 0 0 0 0 0 0 0 0 0 0 0 0 
0.231212 0.00025 0 0 0 0 0 0 0 0 0 0 0 0 0 0 0 0 
0.1647 5e-05 0 0 0 0 0 0 0 0 0 0 0 0 0 0 0 0 
0.1095 0 0 0 0 0 0 0 0 0 0 0 0 0 0 0 0 0 
0.0674625 1.25e-05 0 0 0 0 0 0 0 0 0 0 0 0 0 0 0 0 
0.036725 0 0 0 0 0 0 0 0 0 0 0 0 0 0 0 0 0 
0.0187375 0 0 0 0 0 0 0 0 0 0 0 0 0 0 0 0 0 
0.0080875 0 0 0 0 0 0 0 0 0 0 0 0 0 0 0 0 0 
0.0027875 0 0 0 0 0 0 0 0 0 0 0 0 0 0 0 0 0 
0.0007625 0 0 0 0 0 0 0 0 0 0 0 0 0 0 0 0 0 
6.25e-05 0 0 0 0 0 0 0 0 0 0 0 0 0 0 0 0 0 
0 0 0 0 0 0 0 0 0 0 0 0 0 0 0 0 0 0 

1 0.99965 0.9955 0.98605 0.9009 0.8445 0.74175 0.64415 0.484775 0.3903 0.272625 0.207075 0.140775 0.106525 0.068425 0.050725 0.029075 0.019675 
0.971425 0.9338 0.8496 0.74395 0.430175 0.2845 0.1451 0.080525 0.016725 0.00485 0.0023 0.0011 0.0005 0.000175 7.5e-05 2.5e-05 0.0001 0 
0.8272 0.659575 0.36415 0.168125 0.0089 0.003325 0.001025 0.000375 0 0 0 0 0 0 0 0 0 0 
0.681 0.413775 0.134475 0.04375 0.000725 0.00025 2.5e-05 0 0 0 0 0 0 0 0 0 0 0 
0.462775 0.170425 0.016975 0.003275 0.0001 5e-05 0 0 0 0 0 0 0 0 0 0 0 0 
0.304975 0.0589 0.003575 0.001075 0 2.5e-05 0 0 0 0 0 0 0 0 0 0 0 0 
0.1575 0.013625 0.00035 0.000125 0 0 0 0 0 0 0 0 0 0 0 0 0 0 
0.08505 0.00395 0.000175 7.5e-05 0 0 0 0 0 0 0 0 0 0 0 0 0 0 
0.036075 0.0013 7.5e-05 2.5e-05 0 0 0 0 0 0 0 0 0 0 0 0 0 0 
0.0165 0.000325 2.5e-05 0 0 0 0 0 0 0 0 0 0 0 0 0 0 0 
0.004775 7.5e-05 2.5e-05 2.5e-05 0 0 0 0 0 0 0 0 0 0 0 0 0 0 
0.0023 5e-05 0 0 0 0 0 0 0 0 0 0 0 0 0 0 0 0 
0.000675 2.5e-05 0 0 0 0 0 0 0 0 0 0 0 0 0 0 0 0 
0.000375 0 0 0 0 0 0 0 0 0 0 0 0 0 0 0 0 0 
0.000125 2.5e-05 0 0 0 0 0 0 0 0 0 0 0 0 0 0 0 0 
0.0001 0 0 0 0 0 0 0 0 0 0 0 0 0 0 0 0 0 
2.5e-05 0 0 0 0 0 0 0 0 0 0 0 0 0 0 0 0 0 
0 0 0 0 0 0 0 0 0 0 0 0 0 0 0 0 0 0 

1 0.99895 0.9963 0.9854 0.9668 0.941625 0.9058 0.862925 0.81275 0.75065 0.6851 0.61435 0.542625 0.4708 0.399 0.324675 0.24505 0.166175 
0.810225 0.512275 0.340075 0.216125 0.128975 0.0743 0.038225 0.016625 0.004875 0.0012 0.00045 0.0001 0 0 0 0 0 0 
0.65145 0.253275 0.099775 0.0261 0.0045 0.000575 7.5e-05 0 0 0 0 0 0 0 0 0 0 0 
0.523525 0.13265 0.031875 0.002975 0.00015 0 0 0 0 0 0 0 0 0 0 0 0 0 
0.408525 0.0626 0.007725 0.0002 0 0 0 0 0 0 0 0 0 0 0 0 0 0 
0.310525 0.02395 0.00115 2.5e-05 0 0 0 0 0 0 0 0 0 0 0 0 0 0 
0.225725 0.007625 0.000225 0 0 0 0 0 0 0 0 0 0 0 0 0 0 0 
0.15685 0.001975 2.5e-05 0 0 0 0 0 0 0 0 0 0 0 0 0 0 0 
0.10395 0.000525 0 0 0 0 0 0 0 0 0 0 0 0 0 0 0 0 
0.06665 7.5e-05 0 0 0 0 0 0 0 0 0 0 0 0 0 0 0 0 
0.0406 0 0 0 0 0 0 0 0 0 0 0 0 0 0 0 0 0 
0.0223 0 0 0 0 0 0 0 0 0 0 0 0 0 0 0 0 0 
0.01135 0 0 0 0 0 0 0 0 0 0 0 0 0 0 0 0 0 
0.005275 0 0 0 0 0 0 0 0 0 0 0 0 0 0 0 0 0 
0.002225 0 0 0 0 0 0 0 0 0 0 0 0 0 0 0 0 0 
0.0005 0 0 0 0 0 0 0 0 0 0 0 0 0 0 0 0 0 
7.5e-05 0 0 0 0 0 0 0 0 0 0 0 0 0 0 0 0 0 
0 0 0 0 0 0 0 0 0 0 0 0 0 0 0 0 0 0 

1 0.998725 0.997175 0.99075 0.9823 0.9689 0.949675 0.923575 0.88725 0.839175 0.7785 0.708425 0.625925 0.537625 0.444 0.350125 0.24995 0.1473 
0.831225 0.21615 0.094975 0.047025 0.02475 0.0128 0.00645 0.00265 0.001125 0.0003 0.0001 2.5e-05 0 0 0 0 0 0 
0.70535 0.078225 0.0146 0.002575 0.0005 7.5e-05 2.5e-05 0 0 0 0 0 0 0 0 0 0 0 
0.5998 0.035125 0.003675 0.000225 5e-05 0 0 0 0 0 0 0 0 0 0 0 0 0 
0.499975 0.014825 0.0006 0 0 0 0 0 0 0 0 0 0 0 0 0 0 0 
0.40745 0.006025 0.0001 0 0 0 0 0 0 0 0 0 0 0 0 0 0 0 
0.320825 0.002 0 0 0 0 0 0 0 0 0 0 0 0 0 0 0 0 
0.242475 0.000425 0 0 0 0 0 0 0 0 0 0 0 0 0 0 0 0 
0.173875 0.0001 0 0 0 0 0 0 0 0 0 0 0 0 0 0 0 0 
0.118525 5e-05 0 0 0 0 0 0 0 0 0 0 0 0 0 0 0 0 
0.074375 2.5e-05 0 0 0 0 0 0 0 0 0 0 0 0 0 0 0 0 
0.0434 0 0 0 0 0 0 0 0 0 0 0 0 0 0 0 0 0 
0.022325 0 0 0 0 0 0 0 0 0 0 0 0 0 0 0 0 0 
0.010525 0 0 0 0 0 0 0 0 0 0 0 0 0 0 0 0 0 
0.003675 0 0 0 0 0 0 0 0 0 0 0 0 0 0 0 0 0 
0.00105 0 0 0 0 0 0 0 0 0 0 0 0 0 0 0 0 0 
0.0002 0 0 0 0 0 0 0 0 0 0 0 0 0 0 0 0 0 
0 0 0 0 0 0 0 0 0 0 0 0 0 0 0 0 0 0 

1 0.999675 0.9991 0.9958 0.991825 0.9845 0.975425 0.95935 0.94235 0.913975 0.8813 0.840075 0.791625 0.733825 0.666175 0.586225 0.4913 0.352075 
0.64125 0.0002 5e-05 2.5e-05 0 0 0 0 0 0 0 0 0 0 0 0 0 0 
0.5031 0 0 0 0 0 0 0 0 0 0 0 0 0 0 0 0 0 
0.412175 0 0 0 0 0 0 0 0 0 0 0 0 0 0 0 0 0 
0.3369 0 0 0 0 0 0 0 0 0 0 0 0 0 0 0 0 0 
0.272125 0 0 0 0 0 0 0 0 0 0 0 0 0 0 0 0 0 
0.21555 0 0 0 0 0 0 0 0 0 0 0 0 0 0 0 0 0 
0.167325 0 0 0 0 0 0 0 0 0 0 0 0 0 0 0 0 0 
0.1249 0 0 0 0 0 0 0 0 0 0 0 0 0 0 0 0 0 
0.087575 0 0 0 0 0 0 0 0 0 0 0 0 0 0 0 0 0 
0.0598 0 0 0 0 0 0 0 0 0 0 0 0 0 0 0 0 0 
0.037125 0 0 0 0 0 0 0 0 0 0 0 0 0 0 0 0 0 
0.02105 0 0 0 0 0 0 0 0 0 0 0 0 0 0 0 0 0 
0.010475 0 0 0 0 0 0 0 0 0 0 0 0 0 0 0 0 0 
0.004575 0 0 0 0 0 0 0 0 0 0 0 0 0 0 0 0 0 
0.001 0 0 0 0 0 0 0 0 0 0 0 0 0 0 0 0 0 
0.000175 0 0 0 0 0 0 0 0 0 0 0 0 0 0 0 0 0 
2.5e-05 0 0 0 0 0 0 0 0 0 0 0 0 0 0 0 0 0 

1 0.9963 0.98685 0.9751 0.8866 0.8351 0.7383 0.65025 0.5011 0.4103 0.29245 0.2322 0.16495 0.1252 0.08355 0.06255 0.03755 0.02625 
0.94485 0.9095 0.831 0.73525 0.4443 0.29985 0.16245 0.0913 0.0232 0.0078 0.0039 0.00215 0.0012 0.00055 0.0002 0.0001 0.00025 0 
0.7821 0.63395 0.3619 0.17075 0.01425 0.0057 0.0017 0.0006 0 0 0 0 0 0 0 0 0 0 
0.62935 0.4009 0.1416 0.04515 0.00185 0.00055 0.00015 0.0001 0 0 0 0 0 0 0 0 0 0 
0.43515 0.1764 0.02115 0.0051 5e-05 0 0 0 0 0 0 0 0 0 0 0 0 0 
0.29675 0.0658 0.006 0.00235 0 0 0 0 0 0 0 0 0 0 0 0 0 0 
0.1518 0.0176 0.0012 0.00025 0 0 0 0 0 0 0 0 0 0 0 0 0 0 
0.0865 0.00615 0.0002 0.0001 0 0 0 0 0 0 0 0 0 0 0 0 0 0 
0.0383 0.002 0.0003 0.0001 0 0 0 0 0 0 0 0 0 0 0 0 0 0 
0.019 0.00065 5e-05 5e-05 0 0 0 0 0 0 0 0 0 0 0 0 0 0 
0.00785 0.00045 0.0001 0.0001 0 0 0 0 0 0 0 0 0 0 0 0 0 0 
0.0034 5e-05 0 0 0 0 0 0 0 0 0 0 0 0 0 0 0 0 
0.00115 5e-05 0 0 0 0 0 0 0 0 0 0 0 0 0 0 0 0 
0.0005 0 0 0 0 0 0 0 0 0 0 0 0 0 0 0 0 0 
5e-05 0 0 0 0 0 0 0 0 0 0 0 0 0 0 0 0 0 
5e-05 0 0 0 0 0 0 0 0 0 0 0 0 0 0 0 0 0 
0.0001 0.0001 0 0 0 0 0 0 0 0 0 0 0 0 0 0 0 0 
0 0 0 0 0 0 0 0 0 0 0 0 0 0 0 0 0 0 

1 0.9976 0.99255 0.9714 0.93295 0.88435 0.8142 0.7346 0.64395 0.55105 0.4632 0.38995 0.3192 0.25765 0.20655 0.1581 0.11405 0.07425 
0.88995 0.76715 0.6245 0.4386 0.27875 0.16155 0.083 0.0376 0.01205 0.0022 0.00065 0.0001 0.0001 5e-05 0 0 0 0 
0.74765 0.49405 0.2657 0.08555 0.0185 0.00285 0.0002 0 0 0 0 0 0 0 0 0 0 0 
0.6096 0.292 0.0984 0.0112 0.0006 0 0 0 0 0 0 0 0 0 0 0 0 0 
0.4619 0.14615 0.0251 0.00115 0 0 0 0 0 0 0 0 0 0 0 0 0 0 
0.329 0.0571 0.00415 0.00015 0 0 0 0 0 0 0 0 0 0 0 0 0 0 
0.22095 0.01765 0.0005 0 0 0 0 0 0 0 0 0 0 0 0 0 0 0 
0.1334 0.0043 0 0 0 0 0 0 0 0 0 0 0 0 0 0 0 0 
0.0769 0.00065 0.0001 0 0 0 0 0 0 0 0 0 0 0 0 0 0 0 
0.0443 0.0002 5e-05 0 0 0 0 0 0 0 0 0 0 0 0 0 0 0 
0.02495 0 0 0 0 0 0 0 0 0 0 0 0 0 0 0 0 0 
0.01235 0 0 0 0 0 0 0 0 0 0 0 0 0 0 0 0 0 
0.00675 0 0 0 0 0 0 0 0 0 0 0 0 0 0 0 0 0 
0.0026 0 0 0 0 0 0 0 0 0 0 0 0 0 0 0 0 0 
0.001 0 0 0 0 0 0 0 0 0 0 0 0 0 0 0 0 0 
0.0004 0 0 0 0 0 0 0 0 0 0 0 0 0 0 0 0 0 
0.0001 0 0 0 0 0 0 0 0 0 0 0 0 0 0 0 0 0 
0 0 0 0 0 0 0 0 0 0 0 0 0 0 0 0 0 0 

1 0.9977 0.99305 0.9748 0.9446 0.9056 0.8604 0.8007 0.72755 0.653 0.57415 0.5012 0.42665 0.3582 0.2905 0.23075 0.16895 0.1162 
0.8523 0.68995 0.52705 0.36075 0.2241 0.1336 0.0737 0.03385 0.0115 0.00275 0.00085 0.0004 0.00025 0 0 0 0 0 
0.68315 0.38595 0.17795 0.05305 0.00985 0.00155 0.0003 5e-05 0 0 0 0 0 0 0 0 0 0 
0.54235 0.2122 0.0583 0.00705 0.0006 0 0 0 0 0 0 0 0 0 0 0 0 0 
0.4104 0.1033 0.01525 0.00075 0 0 0 0 0 0 0 0 0 0 0 0 0 0 
0.2986 0.0441 0.0025 5e-05 0 0 0 0 0 0 0 0 0 0 0 0 0 0 
0.20805 0.0139 0.0002 5e-05 0 0 0 0 0 0 0 0 0 0 0 0 0 0 
0.13765 0.003 5e-05 0 0 0 0 0 0 0 0 0 0 0 0 0 0 0 
0.0864 0.0005 0 0 0 0 0 0 0 0 0 0 0 0 0 0 0 0 
0.05095 5e-05 0 0 0 0 0 0 0 0 0 0 0 0 0 0 0 0 
0.02935 0 0 0 0 0 0 0 0 0 0 0 0 0 0 0 0 0 
0.016 0 0 0 0 0 0 0 0 0 0 0 0 0 0 0 0 0 
0.00735 0 0 0 0 0 0 0 0 0 0 0 0 0 0 0 0 0 
0.0032 0 0 0 0 0 0 0 0 0 0 0 0 0 0 0 0 0 
0.00075 0 0 0 0 0 0 0 0 0 0 0 0 0 0 0 0 0 
0.00015 0 0 0 0 0 0 0 0 0 0 0 0 0 0 0 0 0 
5e-05 0 0 0 0 0 0 0 0 0 0 0 0 0 0 0 0 0 
0 0 0 0 0 0 0 0 0 0 0 0 0 0 0 0 0 0 

1 0.999 0.99705 0.99065 0.98515 0.97255 0.9624 0.94805 0.927 0.90305 0.87525 0.8406 0.79835 0.7478 0.6883 0.61395 0.52575 0.3907 
0.59785 0.0872 0.0386 0.01755 0.0101 0.00545 0.003 0.00135 0.00075 0.00015 5e-05 0 0 0 0 0 0 0 
0.45065 0.02725 0.006 0.0009 0.00015 5e-05 0 0 0 0 0 0 0 0 0 0 0 0 
0.3611 0.0124 0.0015 5e-05 0 0 0 0 0 0 0 0 0 0 0 0 0 0 
0.29465 0.00575 0.0005 0 0 0 0 0 0 0 0 0 0 0 0 0 0 0 
0.2382 0.00235 0.00015 0 0 0 0 0 0 0 0 0 0 0 0 0 0 0 
0.18735 0.00065 0 0 0 0 0 0 0 0 0 0 0 0 0 0 0 0 
0.1459 0.0001 0 0 0 0 0 0 0 0 0 0 0 0 0 0 0 0 
0.1118 5e-05 0 0 0 0 0 0 0 0 0 0 0 0 0 0 0 0 
0.08215 0 0 0 0 0 0 0 0 0 0 0 0 0 0 0 0 0 
0.0568 0 0 0 0 0 0 0 0 0 0 0 0 0 0 0 0 0 
0.0389 0 0 0 0 0 0 0 0 0 0 0 0 0 0 0 0 0 
0.0229 0 0 0 0 0 0 0 0 0 0 0 0 0 0 0 0 0 
0.01425 0 0 0 0 0 0 0 0 0 0 0 0 0 0 0 0 0 
0.0065 0 0 0 0 0 0 0 0 0 0 0 0 0 0 0 0 0 
0.0029 0 0 0 0 0 0 0 0 0 0 0 0 0 0 0 0 0 
0.00045 0 0 0 0 0 0 0 0 0 0 0 0 0 0 0 0 0 
0 0 0 0 0 0 0 0 0 0 0 0 0 0 0 0 0 0 

1 0.9981 0.99495 0.984 0.96955 0.9504 0.92585 0.8912 0.8452 0.7888 0.7216 0.64825 0.56685 0.48275 0.39385 0.2995 0.2058 0.11995 
0.8454 0.3671 0.19095 0.10315 0.05595 0.032 0.01735 0.00815 0.00215 0.00075 0.0004 5e-05 0 0 0 0 0 0 
0.71785 0.1527 0.03625 0.00715 0.00065 0.00015 0 0 0 0 0 0 0 0 0 0 0 0 
0.6067 0.0718 0.0093 0.0008 5e-05 0 0 0 0 0 0 0 0 0 0 0 0 0 
0.50335 0.0322 0.0019 0 0 0 0 0 0 0 0 0 0 0 0 0 0 0 
0.40505 0.01235 0.00025 0 0 0 0 0 0 0 0 0 0 0 0 0 0 0 
0.3193 0.0044 0.0001 0 0 0 0 0 0 0 0 0 0 0 0 0 0 0 
0.2419 0.0013 5e-05 0 0 0 0 0 0 0 0 0 0 0 0 0 0 0 
0.17655 0.00025 0 0 0 0 0 0 0 0 0 0 0 0 0 0 0 0 
0.11885 5e-05 0 0 0 0 0 0 0 0 0 0 0 0 0 0 0 0 
0.0775 0 0 0 0 0 0 0 0 0 0 0 0 0 0 0 0 0 
0.0472 0 0 0 0 0 0 0 0 0 0 0 0 0 0 0 0 0 
0.026 0 0 0 0 0 0 0 0 0 0 0 0 0 0 0 0 0 
0.0121 0 0 0 0 0 0 0 0 0 0 0 0 0 0 0 0 0 
0.0045 0 0 0 0 0 0 0 0 0 0 0 0 0 0 0 0 0 
0.00115 0 0 0 0 0 0 0 0 0 0 0 0 0 0 0 0 0 
0.0003 0 0 0 0 0 0 0 0 0 0 0 0 0 0 0 0 0 
0 0 0 0 0 0 0 0 0 0 0 0 0 0 0 0 0 0 

1 0.9986 0.99715 0.9911 0.98335 0.9731 0.9632 0.9465 0.9239 0.9007 0.86905 0.82685 0.779 0.72495 0.6514 0.56575 0.4607 0.3142 
0.674 0.00245 0.0003 0 0 0 0 0 0 0 0 0 0 0 0 0 0 0 
0.5292 0.0004 0 0 0 0 0 0 0 0 0 0 0 0 0 0 0 0 
0.4347 0.00025 0 0 0 0 0 0 0 0 0 0 0 0 0 0 0 0 
0.35665 0.0001 0 0 0 0 0 0 0 0 0 0 0 0 0 0 0 0 
0.2907 5e-05 0 0 0 0 0 0 0 0 0 0 0 0 0 0 0 0 
0.23 0 0 0 0 0 0 0 0 0 0 0 0 0 0 0 0 0 
0.18205 0 0 0 0 0 0 0 0 0 0 0 0 0 0 0 0 0 
0.1413 0 0 0 0 0 0 0 0 0 0 0 0 0 0 0 0 0 
0.10445 0 0 0 0 0 0 0 0 0 0 0 0 0 0 0 0 0 
0.0734 0 0 0 0 0 0 0 0 0 0 0 0 0 0 0 0 0 
0.04975 0 0 0 0 0 0 0 0 0 0 0 0 0 0 0 0 0 
0.03135 0 0 0 0 0 0 0 0 0 0 0 0 0 0 0 0 0 
0.0179 0 0 0 0 0 0 0 0 0 0 0 0 0 0 0 0 0 
0.0081 0 0 0 0 0 0 0 0 0 0 0 0 0 0 0 0 0 
0.0025 0 0 0 0 0 0 0 0 0 0 0 0 0 0 0 0 0 
0.00085 0 0 0 0 0 0 0 0 0 0 0 0 0 0 0 0 0 
5e-05 0 0 0 0 0 0 0 0 0 0 0 0 0 0 0 0 0 

1 0.9986 0.9976 0.99005 0.98475 0.97325 0.9626 0.9462 0.91915 0.89485 0.8612 0.81735 0.7646 0.70485 0.63315 0.547 0.44355 0.30055 
0.6845 0.00105 5e-05 0 0 0 0 0 0 0 0 0 0 0 0 0 0 0 
0.54665 5e-05 0 0 0 0 0 0 0 0 0 0 0 0 0 0 0 0 
0.45265 0 0 0 0 0 0 0 0 0 0 0 0 0 0 0 0 0 
0.3756 0 0 0 0 0 0 0 0 0 0 0 0 0 0 0 0 0 
0.30805 0 0 0 0 0 0 0 0 0 0 0 0 0 0 0 0 0 
0.2459 0 0 0 0 0 0 0 0 0 0 0 0 0 0 0 0 0 
0.1967 0 0 0 0 0 0 0 0 0 0 0 0 0 0 0 0 0 
0.15155 0 0 0 0 0 0 0 0 0 0 0 0 0 0 0 0 0 
0.1113 0 0 0 0 0 0 0 0 0 0 0 0 0 0 0 0 0 
0.0777 0 0 0 0 0 0 0 0 0 0 0 0 0 0 0 0 0 
0.05185 0 0 0 0 0 0 0 0 0 0 0 0 0 0 0 0 0 
0.03095 0 0 0 0 0 0 0 0 0 0 0 0 0 0 0 0 0 
0.01605 0 0 0 0 0 0 0 0 0 0 0 0 0 0 0 0 0 
0.00765 0 0 0 0 0 0 0 0 0 0 0 0 0 0 0 0 0 
0.00215 0 0 0 0 0 0 0 0 0 0 0 0 0 0 0 0 0 
0.00025 0 0 0 0 0 0 0 0 0 0 0 0 0 0 0 0 0 
5e-05 0 0 0 0 0 0 0 0 0 0 0 0 0 0 0 0 0 

1 0.9989 0.9982 0.9931 0.9895 0.98205 0.9725 0.9611 0.9486 0.93265 0.91415 0.8865 0.8575 0.82215 0.7771 0.72065 0.6487 0.52015 
0.4736 0 0 0 0 0 0 0 0 0 0 0 0 0 0 0 0 0 
0.3511 0 0 0 0 0 0 0 0 0 0 0 0 0 0 0 0 0 
0.28005 0 0 0 0 0 0 0 0 0 0 0 0 0 0 0 0 0 
0.227 0 0 0 0 0 0 0 0 0 0 0 0 0 0 0 0 0 
0.1845 0 0 0 0 0 0 0 0 0 0 0 0 0 0 0 0 0 
0.1491 0 0 0 0 0 0 0 0 0 0 0 0 0 0 0 0 0 
0.11835 0 0 0 0 0 0 0 0 0 0 0 0 0 0 0 0 0 
0.0923 0 0 0 0 0 0 0 0 0 0 0 0 0 0 0 0 0 
0.07145 0 0 0 0 0 0 0 0 0 0 0 0 0 0 0 0 0 
0.0508 0 0 0 0 0 0 0 0 0 0 0 0 0 0 0 0 0 
0.036 0 0 0 0 0 0 0 0 0 0 0 0 0 0 0 0 0 
0.02225 0 0 0 0 0 0 0 0 0 0 0 0 0 0 0 0 0 
0.0119 0 0 0 0 0 0 0 0 0 0 0 0 0 0 0 0 0 
0.0054 0 0 0 0 0 0 0 0 0 0 0 0 0 0 0 0 0 
0.0023 0 0 0 0 0 0 0 0 0 0 0 0 0 0 0 0 0 
0.0004 0 0 0 0 0 0 0 0 0 0 0 0 0 0 0 0 0 
0 0 0 0 0 0 0 0 0 0 0 0 0 0 0 0 0 0 

1 0.996 0.9862 0.9738 0.8856 0.8352 0.7356 0.6484 0.4927 0.4062 0.2945 0.2292 0.1651 0.1255 0.0845 0.0638 0.0428 0.03 
0.9425 0.9075 0.8348 0.7428 0.4433 0.3047 0.1618 0.0962 0.0237 0.008 0.0047 0.0024 0.0016 0.0009 0.0003 0.0001 0.0003 0 
0.782 0.637 0.3702 0.1821 0.016 0.0068 0.0022 0.0011 0 0 0 0 0 0 0 0 0 0 
0.6285 0.4029 0.1488 0.0529 0.0011 0.0004 0.0001 0 0 0 0 0 0 0 0 0 0 0 
0.4191 0.1756 0.0217 0.0064 0.0001 0 0 0 0 0 0 0 0 0 0 0 0 0 
0.2794 0.0662 0.0065 0.0021 0 0 0 0 0 0 0 0 0 0 0 0 0 0 
0.143 0.0175 0.0016 0.0003 0 0 0 0 0 0 0 0 0 0 0 0 0 0 
0.081 0.005 0.0002 0 0 0 0 0 0 0 0 0 0 0 0 0 0 0 
0.0375 0.0024 0.0002 0 0 0 0 0 0 0 0 0 0 0 0 0 0 0 
0.0187 0.0004 0 0 0 0 0 0 0 0 0 0 0 0 0 0 0 0 
0.0066 0.0004 0 0 0 0 0 0 0 0 0 0 0 0 0 0 0 0 
0.003 0 0 0 0 0 0 0 0 0 0 0 0 0 0 0 0 0 
0.0013 0 0 0 0 0 0 0 0 0 0 0 0 0 0 0 0 0 
0.0009 0 0 0 0 0 0 0 0 0 0 0 0 0 0 0 0 0 
0.0001 0 0 0 0 0 0 0 0 0 0 0 0 0 0 0 0 0 
0 0 0 0 0 0 0 0 0 0 0 0 0 0 0 0 0 0 
0 0 0 0 0 0 0 0 0 0 0 0 0 0 0 0 0 0 
0 0 0 0 0 0 0 0 0 0 0 0 0 0 0 0 0 0 

1 0.9967 0.9913 0.9627 0.9056 0.826 0.7272 0.6128 0.4921 0.3798 0.294 0.2233 0.1648 0.122 0.0858 0.0606 0.0366 0.0207 
0.945 0.8762 0.7714 0.5793 0.3687 0.2056 0.1003 0.0426 0.0137 0.0041 0.0006 0.0002 0.0001 0 0 0 0 0 
0.8395 0.6504 0.409 0.1609 0.0375 0.0059 0.0004 0.0001 0 0 0 0 0 0 0 0 0 0 
0.7059 0.4238 0.167 0.0264 0.0017 0.0001 0 0 0 0 0 0 0 0 0 0 0 0 
0.5342 0.2142 0.0429 0.0025 0 0 0 0 0 0 0 0 0 0 0 0 0 0 
0.3615 0.0824 0.0069 0 0 0 0 0 0 0 0 0 0 0 0 0 0 0 
0.2243 0.0236 0.0012 0 0 0 0 0 0 0 0 0 0 0 0 0 0 0 
0.129 0.0039 0.0001 0 0 0 0 0 0 0 0 0 0 0 0 0 0 0 
0.0675 0.0005 0 0 0 0 0 0 0 0 0 0 0 0 0 0 0 0 
0.0346 0.0002 0 0 0 0 0 0 0 0 0 0 0 0 0 0 0 0 
0.0168 0 0 0 0 0 0 0 0 0 0 0 0 0 0 0 0 0 
0.0089 0 0 0 0 0 0 0 0 0 0 0 0 0 0 0 0 0 
0.0037 0 0 0 0 0 0 0 0 0 0 0 0 0 0 0 0 0 
0.0015 0 0 0 0 0 0 0 0 0 0 0 0 0 0 0 0 0 
0.0008 0 0 0 0 0 0 0 0 0 0 0 0 0 0 0 0 0 
0.0003 0 0 0 0 0 0 0 0 0 0 0 0 0 0 0 0 0 
0.0001 0 0 0 0 0 0 0 0 0 0 0 0 0 0 0 0 0 
0 0 0 0 0 0 0 0 0 0 0 0 0 0 0 0 0 0 

1 0.9964 0.9916 0.9616 0.9154 0.8584 0.7724 0.6883 0.5845 0.489 0.3909 0.3128 0.2435 0.1922 0.1455 0.1061 0.0733 0.045 
0.9197 0.8494 0.7337 0.5463 0.3531 0.2153 0.1103 0.0543 0.0189 0.006 0.0017 0.0007 0.0004 0.0002 0 0 0 0 
0.7659 0.5743 0.3206 0.1105 0.0225 0.0051 0.0002 0.0003 0 0 0 0 0 0 0 0 0 0 
0.618 0.3434 0.1253 0.0201 0.0018 0.0001 0 0 0 0 0 0 0 0 0 0 0 0 
0.4575 0.1645 0.0306 0.0019 0.0001 0 0 0 0 0 0 0 0 0 0 0 0 0 
0.3141 0.0695 0.007 0.0001 0.0001 0 0 0 0 0 0 0 0 0 0 0 0 0 
0.198 0.022 0.0011 0 0 0 0 0 0 0 0 0 0 0 0 0 0 0 
0.1192 0.0044 0.0002 0 0 0 0 0 0 0 0 0 0 0 0 0 0 0 
0.0665 0.0018 0 0 0 0 0 0 0 0 0 0 0 0 0 0 0 0 
0.0323 0.0003 0 0 0 0 0 0 0 0 0 0 0 0 0 0 0 0 
0.0151 0 0 0 0 0 0 0 0 0 0 0 0 0 0 0 0 0 
0.0055 0 0 0 0 0 0 0 0 0 0 0 0 0 0 0 0 0 
0.0024 0 0 0 0 0 0 0 0 0 0 0 0 0 0 0 0 0 
0.0006 0 0 0 0 0 0 0 0 0 0 0 0 0 0 0 0 0 
0.0002 0 0 0 0 0 0 0 0 0 0 0 0 0 0 0 0 0 
0 0 0 0 0 0 0 0 0 0 0 0 0 0 0 0 0 0 
0 0 0 0 0 0 0 0 0 0 0 0 0 0 0 0 0 0 
0 0 0 0 0 0 0 0 0 0 0 0 0 0 0 0 0 0 

1 0.9978 0.9946 0.9753 0.9478 0.9077 0.8608 0.8073 0.7491 0.6799 0.6065 0.5394 0.4728 0.4172 0.3558 0.2987 0.2346 0.1725 
0.7942 0.6179 0.4747 0.3228 0.1967 0.1133 0.0594 0.0273 0.0072 0.0017 0.0004 0.0001 0 0 0 0 0 0 
0.6388 0.3611 0.1806 0.0553 0.0099 0.0015 0.0001 0 0 0 0 0 0 0 0 0 0 0 
0.506 0.1977 0.0604 0.0081 0.0003 0.0001 0 0 0 0 0 0 0 0 0 0 0 0 
0.3909 0.0978 0.0147 0.0003 0 0 0 0 0 0 0 0 0 0 0 0 0 0 
0.2793 0.0422 0.0023 0 0 0 0 0 0 0 0 0 0 0 0 0 0 0 
0.1924 0.0132 0.0001 0 0 0 0 0 0 0 0 0 0 0 0 0 0 0 
0.1266 0.0034 0 0 0 0 0 0 0 0 0 0 0 0 0 0 0 0 
0.0805 0.0005 0 0 0 0 0 0 0 0 0 0 0 0 0 0 0 0 
0.048 0.0001 0 0 0 0 0 0 0 0 0 0 0 0 0 0 0 0 
0.0272 0 0 0 0 0 0 0 0 0 0 0 0 0 0 0 0 0 
0.0148 0 0 0 0 0 0 0 0 0 0 0 0 0 0 0 0 0 
0.0069 0 0 0 0 0 0 0 0 0 0 0 0 0 0 0 0 0 
0.0034 0 0 0 0 0 0 0 0 0 0 0 0 0 0 0 0 0 
0.0015 0 0 0 0 0 0 0 0 0 0 0 0 0 0 0 0 0 
0.0005 0 0 0 0 0 0 0 0 0 0 0 0 0 0 0 0 0 
0 0 0 0 0 0 0 0 0 0 0 0 0 0 0 0 0 0 
0 0 0 0 0 0 0 0 0 0 0 0 0 0 0 0 0 0 

1 0.997 0.9917 0.9681 0.9205 0.8785 0.8086 0.7314 0.6459 0.5547 0.4623 0.3813 0.3158 0.2555 0.1966 0.1541 0.1076 0.0761 
0.892 0.8078 0.6799 0.5112 0.3234 0.2053 0.1066 0.0538 0.0182 0.0063 0.0028 0.0004 0.0003 0 0 0 0 0 
0.7187 0.5032 0.2649 0.0914 0.0153 0.0038 0.0008 0.0002 0 0 0 0 0 0 0 0 0 0 
0.5666 0.29 0.0943 0.0158 0.0006 0.0001 0 0 0 0 0 0 0 0 0 0 0 0 
0.4159 0.1392 0.0218 0.0014 0 0 0 0 0 0 0 0 0 0 0 0 0 0 
0.2882 0.0563 0.0048 0.0001 0 0 0 0 0 0 0 0 0 0 0 0 0 0 
0.1832 0.0197 0.0009 0 0 0 0 0 0 0 0 0 0 0 0 0 0 0 
0.1157 0.0049 0 0 0 0 0 0 0 0 0 0 0 0 0 0 0 0 
0.0638 0.0009 0 0 0 0 0 0 0 0 0 0 0 0 0 0 0 0 
0.033 0.0003 0 0 0 0 0 0 0 0 0 0 0 0 0 0 0 0 
0.0177 0.0002 0.0001 0 0 0 0 0 0 0 0 0 0 0 0 0 0 0 
0.0076 0 0 0 0 0 0 0 0 0 0 0 0 0 0 0 0 0 
0.0033 0 0 0 0 0 0 0 0 0 0 0 0 0 0 0 0 0 
0.0013 0 0 0 0 0 0 0 0 0 0 0 0 0 0 0 0 0 
0.0003 0 0 0 0 0 0 0 0 0 0 0 0 0 0 0 0 0 
0 0 0 0 0 0 0 0 0 0 0 0 0 0 0 0 0 0 
0 0 0 0 0 0 0 0 0 0 0 0 0 0 0 0 0 0 
0 0 0 0 0 0 0 0 0 0 0 0 0 0 0 0 0 0 

1 0.9982 0.9963 0.9866 0.9719 0.9571 0.9327 0.9075 0.8776 0.8434 0.8015 0.7556 0.7052 0.6477 0.5868 0.5107 0.4235 0.3207 
0.6596 0.3 0.185 0.1116 0.0644 0.0378 0.0206 0.0105 0.0042 0.0013 0.0001 0.0001 0 0 0 0 0 0 
0.5083 0.1304 0.045 0.0111 0.003 0.0003 0 0 0 0 0 0 0 0 0 0 0 0 
0.3965 0.0679 0.0121 0.0008 0 0 0 0 0 0 0 0 0 0 0 0 0 0 
0.3122 0.0333 0.0033 0 0 0 0 0 0 0 0 0 0 0 0 0 0 0 
0.2383 0.0148 0.0004 0 0 0 0 0 0 0 0 0 0 0 0 0 0 0 
0.1822 0.0058 0.0002 0 0 0 0 0 0 0 0 0 0 0 0 0 0 0 
0.1349 0.0011 0 0 0 0 0 0 0 0 0 0 0 0 0 0 0 0 
0.099 0.0003 0 0 0 0 0 0 0 0 0 0 0 0 0 0 0 0 
0.0691 0 0 0 0 0 0 0 0 0 0 0 0 0 0 0 0 0 
0.0455 0 0 0 0 0 0 0 0 0 0 0 0 0 0 0 0 0 
0.0299 0 0 0 0 0 0 0 0 0 0 0 0 0 0 0 0 0 
0.0191 0 0 0 0 0 0 0 0 0 0 0 0 0 0 0 0 0 
0.0103 0 0 0 0 0 0 0 0 0 0 0 0 0 0 0 0 0 
0.0049 0 0 0 0 0 0 0 0 0 0 0 0 0 0 0 0 0 
0.0015 0 0 0 0 0 0 0 0 0 0 0 0 0 0 0 0 0 
0.0003 0 0 0 0 0 0 0 0 0 0 0 0 0 0 0 0 0 
0 0 0 0 0 0 0 0 0 0 0 0 0 0 0 0 0 0 

1 0.9985 0.9961 0.9893 0.9746 0.9658 0.9454 0.9263 0.8996 0.869 0.8299 0.7842 0.7318 0.6724 0.6086 0.5252 0.4255 0.299 
0.6793 0.201 0.111 0.0603 0.0319 0.0197 0.0113 0.0055 0.0018 0.0004 0.0003 0 0 0 0 0 0 0 
0.5313 0.0736 0.0194 0.0046 0.0006 0 0 0 0 0 0 0 0 0 0 0 0 0 
0.4173 0.0323 0.0057 0.0007 0 0 0 0 0 0 0 0 0 0 0 0 0 0 
0.3355 0.0147 0.0014 0 0 0 0 0 0 0 0 0 0 0 0 0 0 0 
0.268 0.0063 0.0003 0 0 0 0 0 0 0 0 0 0 0 0 0 0 0 
0.2068 0.0022 0 0 0 0 0 0 0 0 0 0 0 0 0 0 0 0 
0.1631 0.0007 0 0 0 0 0 0 0 0 0 0 0 0 0 0 0 0 
0.1198 0.0003 0 0 0 0 0 0 0 0 0 0 0 0 0 0 0 0 
0.0836 0.0001 0 0 0 0 0 0 0 0 0 0 0 0 0 0 0 0 
0.0596 0 0 0 0 0 0 0 0 0 0 0 0 0 0 0 0 0 
0.0404 0 0 0 0 0 0 0 0 0 0 0 0 0 0 0 0 0 
0.0255 0 0 0 0 0 0 0 0 0 0 0 0 0 0 0 0 0 
0.0136 0 0 0 0 0 0 0 0 0 0 0 0 0 0 0 0 0 
0.0064 0 0 0 0 0 0 0 0 0 0 0 0 0 0 0 0 0 
0.002 0 0 0 0 0 0 0 0 0 0 0 0 0 0 0 0 0 
0.0004 0 0 0 0 0 0 0 0 0 0 0 0 0 0 0 0 0 
0.0001 0 0 0 0 0 0 0 0 0 0 0 0 0 0 0 0 0 

1 0.999 0.9977 0.9926 0.9866 0.9813 0.9723 0.9596 0.9446 0.9309 0.9093 0.8855 0.8537 0.8161 0.7716 0.7162 0.6321 0.4958 
0.4943 0.0012 0.0002 0.0001 0.0001 0 0 0 0 0 0 0 0 0 0 0 0 0 
0.3694 0 0 0 0 0 0 0 0 0 0 0 0 0 0 0 0 0 
0.29 0 0 0 0 0 0 0 0 0 0 0 0 0 0 0 0 0 
0.2343 0 0 0 0 0 0 0 0 0 0 0 0 0 0 0 0 0 
0.1887 0 0 0 0 0 0 0 0 0 0 0 0 0 0 0 0 0 
0.1541 0 0 0 0 0 0 0 0 0 0 0 0 0 0 0 0 0 
0.1228 0 0 0 0 0 0 0 0 0 0 0 0 0 0 0 0 0 
0.0928 0 0 0 0 0 0 0 0 0 0 0 0 0 0 0 0 0 
0.0703 0 0 0 0 0 0 0 0 0 0 0 0 0 0 0 0 0 
0.0521 0 0 0 0 0 0 0 0 0 0 0 0 0 0 0 0 0 
0.0385 0 0 0 0 0 0 0 0 0 0 0 0 0 0 0 0 0 
0.0221 0 0 0 0 0 0 0 0 0 0 0 0 0 0 0 0 0 
0.0133 0 0 0 0 0 0 0 0 0 0 0 0 0 0 0 0 0 
0.0079 0 0 0 0 0 0 0 0 0 0 0 0 0 0 0 0 0 
0.0021 0 0 0 0 0 0 0 0 0 0 0 0 0 0 0 0 0 
0.0007 0 0 0 0 0 0 0 0 0 0 0 0 0 0 0 0 0 
0.0001 0 0 0 0 0 0 0 0 0 0 0 0 0 0 0 0 0 

1 0.9975 0.9935 0.9788 0.9574 0.9285 0.894 0.8421 0.7817 0.7099 0.6312 0.5508 0.4636 0.3866 0.2981 0.2197 0.1437 0.0874 
0.8812 0.565 0.3504 0.2144 0.1194 0.0728 0.0362 0.0166 0.0062 0.0015 0.0006 0.0003 0 0 0 0 0.0001 0 
0.7507 0.2657 0.0828 0.0186 0.0023 0.0004 0 0 0 0 0 0 0 0 0 0 0 0 
0.6247 0.1382 0.0228 0.0027 0 0 0 0 0 0 0 0 0 0 0 0 0 0 
0.5184 0.0652 0.0037 0.0004 0 0 0 0 0 0 0 0 0 0 0 0 0 0 
0.4112 0.0254 0.0007 0 0 0 0 0 0 0 0 0 0 0 0 0 0 0 
0.3071 0.01 0.0002 0 0 0 0 0 0 0 0 0 0 0 0 0 0 0 
0.225 0.0022 0 0 0 0 0 0 0 0 0 0 0 0 0 0 0 0 
0.1575 0.0012 0 0 0 0 0 0 0 0 0 0 0 0 0 0 0 0 
0.1035 0 0 0 0 0 0 0 0 0 0 0 0 0 0 0 0 0 
0.0636 0 0 0 0 0 0 0 0 0 0 0 0 0 0 0 0 0 
0.0363 0 0 0 0 0 0 0 0 0 0 0 0 0 0 0 0 0 
0.0185 0 0 0 0 0 0 0 0 0 0 0 0 0 0 0 0 0 
0.0082 0 0 0 0 0 0 0 0 0 0 0 0 0 0 0 0 0 
0.0025 0 0 0 0 0 0 0 0 0 0 0 0 0 0 0 0 0 
0.0009 0 0 0 0 0 0 0 0 0 0 0 0 0 0 0 0 0 
0.0002 0 0 0 0 0 0 0 0 0 0 0 0 0 0 0 0 0 
0 0 0 0 0 0 0 0 0 0 0 0 0 0 0 0 0 0 

1 0.9984 0.9969 0.9879 0.9781 0.9697 0.9556 0.9372 0.91 0.8781 0.8417 0.7953 0.7359 0.6656 0.5887 0.4923 0.3829 0.2462 
0.7397 0.0193 0.0042 0.0004 0.0001 0 0 0 0 0 0 0 0 0 0 0 0 0 
0.6023 0.0025 0.0002 0 0 0 0 0 0 0 0 0 0 0 0 0 0 0 
0.5035 0.0008 0.0001 0 0 0 0 0 0 0 0 0 0 0 0 0 0 0 
0.4153 0.0003 0 0 0 0 0 0 0 0 0 0 0 0 0 0 0 0 
0.3422 0.0001 0 0 0 0 0 0 0 0 0 0 0 0 0 0 0 0 
0.28 0 0 0 0 0 0 0 0 0 0 0 0 0 0 0 0 0 
0.2164 0 0 0 0 0 0 0 0 0 0 0 0 0 0 0 0 0 
0.1649 0 0 0 0 0 0 0 0 0 0 0 0 0 0 0 0 0 
0.1256 0 0 0 0 0 0 0 0 0 0 0 0 0 0 0 0 0 
0.0904 0 0 0 0 0 0 0 0 0 0 0 0 0 0 0 0 0 
0.0598 0 0 0 0 0 0 0 0 0 0 0 0 0 0 0 0 0 
0.0379 0 0 0 0 0 0 0 0 0 0 0 0 0 0 0 0 0 
0.0208 0 0 0 0 0 0 0 0 0 0 0 0 0 0 0 0 0 
0.0099 0 0 0 0 0 0 0 0 0 0 0 0 0 0 0 0 0 
0.0025 0 0 0 0 0 0 0 0 0 0 0 0 0 0 0 0 0 
0.0003 0 0 0 0 0 0 0 0 0 0 0 0 0 0 0 0 0 
0 0 0 0 0 0 0 0 0 0 0 0 0 0 0 0 0 0 

1 0.9981 0.9966 0.9882 0.9777 0.97 0.9557 0.9344 0.9082 0.8762 0.8397 0.7908 0.7356 0.6686 0.5911 0.4996 0.3883 0.24 
0.7442 0.0096 0.0021 0.0007 0.0004 0.0003 0.0004 0.0003 0.0001 0 0 0 0 0 0 0 0 0 
0.5976 0.0011 0.0001 0 0 0 0 0 0 0 0 0 0 0 0 0 0 0 
0.5026 0.0003 0 0 0 0 0 0 0 0 0 0 0 0 0 0 0 0 
0.4192 0 0 0 0 0 0 0 0 0 0 0 0 0 0 0 0 0 
0.3436 0 0 0 0 0 0 0 0 0 0 0 0 0 0 0 0 0 
0.2795 0 0 0 0 0 0 0 0 0 0 0 0 0 0 0 0 0 
0.2197 0 0 0 0 0 0 0 0 0 0 0 0 0 0 0 0 0 
0.1724 0 0 0 0 0 0 0 0 0 0 0 0 0 0 0 0 0 
0.1269 0 0 0 0 0 0 0 0 0 0 0 0 0 0 0 0 0 
0.0905 0 0 0 0 0 0 0 0 0 0 0 0 0 0 0 0 0 
0.06 0 0 0 0 0 0 0 0 0 0 0 0 0 0 0 0 0 
0.0376 0 0 0 0 0 0 0 0 0 0 0 0 0 0 0 0 0 
0.021 0 0 0 0 0 0 0 0 0 0 0 0 0 0 0 0 0 
0.0077 0 0 0 0 0 0 0 0 0 0 0 0 0 0 0 0 0 
0.0028 0 0 0 0 0 0 0 0 0 0 0 0 0 0 0 0 0 
0.0004 0 0 0 0 0 0 0 0 0 0 0 0 0 0 0 0 0 
0.0001 0 0 0 0 0 0 0 0 0 0 0 0 0 0 0 0 0 

1 0.9987 0.9972 0.99 0.9843 0.9736 0.9649 0.9526 0.9372 0.9138 0.8912 0.8591 0.8209 0.7772 0.7194 0.6492 0.552 0.4027 
0.5886 0 0 0 0 0 0 0 0 0 0 0 0 0 0 0 0 0 
0.4439 0 0 0 0 0 0 0 0 0 0 0 0 0 0 0 0 0 
0.355 0 0 0 0 0 0 0 0 0 0 0 0 0 0 0 0 0 
0.2887 0 0 0 0 0 0 0 0 0 0 0 0 0 0 0 0 0 
0.2353 0 0 0 0 0 0 0 0 0 0 0 0 0 0 0 0 0 
0.1889 0 0 0 0 0 0 0 0 0 0 0 0 0 0 0 0 0 
0.1469 0 0 0 0 0 0 0 0 0 0 0 0 0 0 0 0 0 
0.1161 0 0 0 0 0 0 0 0 0 0 0 0 0 0 0 0 0 
0.0866 0 0 0 0 0 0 0 0 0 0 0 0 0 0 0 0 0 
0.0627 0 0 0 0 0 0 0 0 0 0 0 0 0 0 0 0 0 
0.0439 0 0 0 0 0 0 0 0 0 0 0 0 0 0 0 0 0 
0.0285 0 0 0 0 0 0 0 0 0 0 0 0 0 0 0 0 0 
0.0176 0 0 0 0 0 0 0 0 0 0 0 0 0 0 0 0 0 
0.0096 0 0 0 0 0 0 0 0 0 0 0 0 0 0 0 0 0 
0.0033 0 0 0 0 0 0 0 0 0 0 0 0 0 0 0 0 0 
0.0003 0 0 0 0 0 0 0 0 0 0 0 0 0 0 0 0 0 
0.0001 0 0 0 0 0 0 0 0 0 0 0 0 0 0 0 0 0 

1 0.9977 0.9966 0.9876 0.9784 0.9657 0.9512 0.933 0.9098 0.8726 0.8395 0.7872 0.7332 0.6585 0.5797 0.4798 0.3655 0.2245 
0.755 0.0053 0.0008 0.0002 0.0001 0.0001 0.0001 0 0 0 0 0 0 0 0 0 0 0 
0.6177 0.0003 0 0 0 0 0 0 0 0 0 0 0 0 0 0 0 0 
0.5232 0 0 0 0 0 0 0 0 0 0 0 0 0 0 0 0 0 
0.4295 0 0 0 0 0 0 0 0 0 0 0 0 0 0 0 0 0 
0.3553 0 0 0 0 0 0 0 0 0 0 0 0 0 0 0 0 0 
0.2836 0 0 0 0 0 0 0 0 0 0 0 0 0 0 0 0 0 
0.2269 0 0 0 0 0 0 0 0 0 0 0 0 0 0 0 0 0 
0.1762 0 0 0 0 0 0 0 0 0 0 0 0 0 0 0 0 0 
0.1297 0 0 0 0 0 0 0 0 0 0 0 0 0 0 0 0 0 
0.0939 0 0 0 0 0 0 0 0 0 0 0 0 0 0 0 0 0 
0.0614 0 0 0 0 0 0 0 0 0 0 0 0 0 0 0 0 0 
0.0419 0 0 0 0 0 0 0 0 0 0 0 0 0 0 0 0 0 
0.0227 0 0 0 0 0 0 0 0 0 0 0 0 0 0 0 0 0 
0.0109 0 0 0 0 0 0 0 0 0 0 0 0 0 0 0 0 0 
0.0038 0 0 0 0 0 0 0 0 0 0 0 0 0 0 0 0 0 
0.0009 0 0 0 0 0 0 0 0 0 0 0 0 0 0 0 0 0 
0 0 0 0 0 0 0 0 0 0 0 0 0 0 0 0 0 0 

1 0.9989 0.9973 0.9905 0.985 0.9775 0.9644 0.9501 0.9347 0.9105 0.8869 0.8578 0.8145 0.7646 0.7094 0.6338 0.5433 0.4018 
0.5874 0 0 0 0 0 0 0 0 0 0 0 0 0 0 0 0 0 
0.448 0 0 0 0 0 0 0 0 0 0 0 0 0 0 0 0 0 
0.3693 0 0 0 0 0 0 0 0 0 0 0 0 0 0 0 0 0 
0.2985 0 0 0 0 0 0 0 0 0 0 0 0 0 0 0 0 0 
0.246 0 0 0 0 0 0 0 0 0 0 0 0 0 0 0 0 0 
0.1954 0 0 0 0 0 0 0 0 0 0 0 0 0 0 0 0 0 
0.1527 0 0 0 0 0 0 0 0 0 0 0 0 0 0 0 0 0 
0.1186 0 0 0 0 0 0 0 0 0 0 0 0 0 0 0 0 0 
0.0917 0 0 0 0 0 0 0 0 0 0 0 0 0 0 0 0 0 
0.0652 0 0 0 0 0 0 0 0 0 0 0 0 0 0 0 0 0 
0.0461 0 0 0 0 0 0 0 0 0 0 0 0 0 0 0 0 0 
0.0287 0 0 0 0 0 0 0 0 0 0 0 0 0 0 0 0 0 
0.0178 0 0 0 0 0 0 0 0 0 0 0 0 0 0 0 0 0 
0.0092 0 0 0 0 0 0 0 0 0 0 0 0 0 0 0 0 0 
0.0037 0 0 0 0 0 0 0 0 0 0 0 0 0 0 0 0 0 
0.0007 0 0 0 0 0 0 0 0 0 0 0 0 0 0 0 0 0 
0 0 0 0 0 0 0 0 0 0 0 0 0 0 0 0 0 0 

1 0.9992 0.9967 0.9925 0.9848 0.9748 0.9697 0.9575 0.939 0.9195 0.8929 0.8647 0.8277 0.7832 0.7275 0.6655 0.5814 0.4452 
0.5499 0 0 0 0 0 0 0 0 0 0 0 0 0 0 0 0 0 
0.4171 0 0 0 0 0 0 0 0 0 0 0 0 0 0 0 0 0 
0.3364 0 0 0 0 0 0 0 0 0 0 0 0 0 0 0 0 0 
0.2766 0 0 0 0 0 0 0 0 0 0 0 0 0 0 0 0 0 
0.2229 0 0 0 0 0 0 0 0 0 0 0 0 0 0 0 0 0 
0.1803 0 0 0 0 0 0 0 0 0 0 0 0 0 0 0 0 0 
0.142 0 0 0 0 0 0 0 0 0 0 0 0 0 0 0 0 0 
0.1141 0 0 0 0 0 0 0 0 0 0 0 0 0 0 0 0 0 
0.0832 0 0 0 0 0 0 0 0 0 0 0 0 0 0 0 0 0 
0.06 0 0 0 0 0 0 0 0 0 0 0 0 0 0 0 0 0 
0.0412 0 0 0 0 0 0 0 0 0 0 0 0 0 0 0 0 0 
0.0266 0 0 0 0 0 0 0 0 0 0 0 0 0 0 0 0 0 
0.0153 0 0 0 0 0 0 0 0 0 0 0 0 0 0 0 0 0 
0.0082 0 0 0 0 0 0 0 0 0 0 0 0 0 0 0 0 0 
0.0035 0 0 0 0 0 0 0 0 0 0 0 0 0 0 0 0 0 
0.0007 0 0 0 0 0 0 0 0 0 0 0 0 0 0 0 0 0 
0.0002 0 0 0 0 0 0 0 0 0 0 0 0 0 0 0 0 0 

1 0.9992 0.9977 0.9952 0.9911 0.9865 0.978 0.971 0.9595 0.9464 0.928 0.9075 0.88 0.8558 0.8219 0.7739 0.7036 0.5961 
0.4013 0 0 0 0 0 0 0 0 0 0 0 0 0 0 0 0 0 
0.2938 0 0 0 0 0 0 0 0 0 0 0 0 0 0 0 0 0 
0.2317 0 0 0 0 0 0 0 0 0 0 0 0 0 0 0 0 0 
0.1853 0 0 0 0 0 0 0 0 0 0 0 0 0 0 0 0 0 
0.1482 0 0 0 0 0 0 0 0 0 0 0 0 0 0 0 0 0 
0.1203 0 0 0 0 0 0 0 0 0 0 0 0 0 0 0 0 0 
0.0954 0 0 0 0 0 0 0 0 0 0 0 0 0 0 0 0 0 
0.0734 0 0 0 0 0 0 0 0 0 0 0 0 0 0 0 0 0 
0.0555 0 0 0 0 0 0 0 0 0 0 0 0 0 0 0 0 0 
0.0394 0 0 0 0 0 0 0 0 0 0 0 0 0 0 0 0 0 
0.028 0 0 0 0 0 0 0 0 0 0 0 0 0 0 0 0 0 
0.0179 0 0 0 0 0 0 0 0 0 0 0 0 0 0 0 0 0 
0.0102 0 0 0 0 0 0 0 0 0 0 0 0 0 0 0 0 0 
0.0057 0 0 0 0 0 0 0 0 0 0 0 0 0 0 0 0 0 
0.002 0 0 0 0 0 0 0 0 0 0 0 0 0 0 0 0 0 
0.0005 0 0 0 0 0 0 0 0 0 0 0 0 0 0 0 0 0 
0 0 0 0 0 0 0 0 0 0 0 0 0 0 0 0 0 0 

1 0.995 0.9874 0.972 0.8752 0.8296 0.7306 0.6408 0.4856 0.4036 0.2906 0.2232 0.1578 0.1252 0.0842 0.0656 0.0414 0.0296 
0.9438 0.9062 0.8406 0.7538 0.4588 0.3068 0.1712 0.102 0.028 0.0088 0.0026 0.002 0.0006 0.0006 0.0004 0 0.0002 0 
0.7754 0.6326 0.3638 0.171 0.0134 0.005 0.0014 0.0008 0 0 0 0 0 0 0 0 0 0 
0.6266 0.4056 0.1444 0.0528 0.003 0.0006 0.0002 0 0 0 0 0 0 0 0 0 0 0 
0.426 0.1828 0.0218 0.006 0 0 0 0 0 0 0 0 0 0 0 0 0 0 
0.2946 0.0714 0.0092 0.0018 0 0 0 0 0 0 0 0 0 0 0 0 0 0 
0.1468 0.0188 0.0012 0.0002 0 0 0 0 0 0 0 0 0 0 0 0 0 0 
0.0792 0.0078 0.0006 0.0002 0 0 0 0 0 0 0 0 0 0 0 0 0 0 
0.0356 0.0032 0.0004 0.0002 0 0 0 0 0 0 0 0 0 0 0 0 0 0 
0.0192 0.0006 0.0004 0 0 0 0 0 0 0 0 0 0 0 0 0 0 0 
0.006 0.0002 0 0 0 0 0 0 0 0 0 0 0 0 0 0 0 0 
0.0036 0.0002 0 0 0 0 0 0 0 0 0 0 0 0 0 0 0 0 
0.0008 0 0 0 0 0 0 0 0 0 0 0 0 0 0 0 0 0 
0.0008 0 0 0 0 0 0 0 0 0 0 0 0 0 0 0 0 0 
0 0 0 0 0 0 0 0 0 0 0 0 0 0 0 0 0 0 
0 0 0 0 0 0 0 0 0 0 0 0 0 0 0 0 0 0 
0 0 0 0 0 0 0 0 0 0 0 0 0 0 0 0 0 0 
0 0 0 0 0 0 0 0 0 0 0 0 0 0 0 0 0 0 

1 0.9964 0.9914 0.9528 0.864 0.6858 0.48 0.319 0.211 0.1416 0.0922 0.0634 0.0444 0.03 0.0198 0.0124 0.0068 0.0032 
0.9624 0.9298 0.8898 0.7426 0.4856 0.228 0.0766 0.0202 0.0054 0.001 0 0 0 0 0 0 0 0 
0.8982 0.8106 0.6574 0.3698 0.1218 0.0228 0.0012 0.0006 0 0 0 0 0 0 0 0 0 0 
0.81 0.6284 0.3848 0.1122 0.0182 0.0008 0 0 0 0 0 0 0 0 0 0 0 0 
0.6062 0.3316 0.1124 0.0132 0.0008 0 0 0 0 0 0 0 0 0 0 0 0 0 
0.3482 0.109 0.0156 0.0002 0 0 0 0 0 0 0 0 0 0 0 0 0 0 
0.1654 0.021 0.0014 0 0 0 0 0 0 0 0 0 0 0 0 0 0 0 
0.0828 0.004 0.0002 0 0 0 0 0 0 0 0 0 0 0 0 0 0 0 
0.04 0.0004 0 0 0 0 0 0 0 0 0 0 0 0 0 0 0 0 
0.0236 0 0 0 0 0 0 0 0 0 0 0 0 0 0 0 0 0 
0.0124 0 0 0 0 0 0 0 0 0 0 0 0 0 0 0 0 0 
0.0086 0 0 0 0 0 0 0 0 0 0 0 0 0 0 0 0 0 
0.0054 0 0 0 0 0 0 0 0 0 0 0 0 0 0 0 0 0 
0.0028 0 0 0 0 0 0 0 0 0 0 0 0 0 0 0 0 0 
0.0018 0 0 0 0 0 0 0 0 0 0 0 0 0 0 0 0 0 
0.0006 0 0 0 0 0 0 0 0 0 0 0 0 0 0 0 0 0 
0 0 0 0 0 0 0 0 0 0 0 0 0 0 0 0 0 0 
0 0 0 0 0 0 0 0 0 0 0 0 0 0 0 0 0 0 

1 0.9966 0.989 0.9622 0.8952 0.8356 0.7342 0.6242 0.5062 0.3978 0.2952 0.2212 0.1592 0.1174 0.0824 0.0564 0.0368 0.023 
0.9422 0.9008 0.7998 0.6386 0.411 0.252 0.1258 0.064 0.0186 0.007 0.0018 0.0002 0.0002 0.0004 0 0 0 0 
0.811 0.647 0.4016 0.1568 0.0312 0.007 0.0006 0.0002 0 0 0 0 0 0 0 0 0 0 
0.6678 0.4164 0.1648 0.0314 0.0016 0.0004 0 0 0 0 0 0 0 0 0 0 0 0 
0.4914 0.1888 0.0356 0.0018 0 0 0 0 0 0 0 0 0 0 0 0 0 0 
0.33 0.0776 0.0094 0.0002 0 0 0 0 0 0 0 0 0 0 0 0 0 0 
0.1996 0.0214 0.0006 0 0 0 0 0 0 0 0 0 0 0 0 0 0 0 
0.108 0.0046 0 0 0 0 0 0 0 0 0 0 0 0 0 0 0 0 
0.0558 0.0016 0.0002 0 0 0 0 0 0 0 0 0 0 0 0 0 0 0 
0.0234 0.001 0 0 0 0 0 0 0 0 0 0 0 0 0 0 0 0 
0.009 0.0002 0 0 0 0 0 0 0 0 0 0 0 0 0 0 0 0 
0.0042 0.0002 0 0 0 0 0 0 0 0 0 0 0 0 0 0 0 0 
0.0024 0 0 0 0 0 0 0 0 0 0 0 0 0 0 0 0 0 
0.0002 0 0 0 0 0 0 0 0 0 0 0 0 0 0 0 0 0 
0 0 0 0 0 0 0 0 0 0 0 0 0 0 0 0 0 0 
0 0 0 0 0 0 0 0 0 0 0 0 0 0 0 0 0 0 
0 0 0 0 0 0 0 0 0 0 0 0 0 0 0 0 0 0 
0 0 0 0 0 0 0 0 0 0 0 0 0 0 0 0 0 0 

1 0.996 0.9918 0.9674 0.9294 0.8726 0.7954 0.7034 0.6066 0.5036 0.4174 0.3352 0.267 0.1986 0.1474 0.1038 0.0662 0.0376 
0.917 0.8184 0.68 0.4924 0.3106 0.1768 0.0878 0.0386 0.0152 0.0034 0.0008 0.0004 0 0 0 0 0 0 
0.7896 0.5372 0.2992 0.104 0.0244 0.0034 0.0002 0 0 0 0 0 0 0 0 0 0 0 
0.6516 0.315 0.1096 0.014 0.0002 0 0 0 0 0 0 0 0 0 0 0 0 0 
0.4998 0.1598 0.0302 0.001 0 0 0 0 0 0 0 0 0 0 0 0 0 0 
0.3544 0.0634 0.004 0 0 0 0 0 0 0 0 0 0 0 0 0 0 0 
0.2292 0.0194 0.0006 0 0 0 0 0 0 0 0 0 0 0 0 0 0 0 
0.1358 0.0032 0 0 0 0 0 0 0 0 0 0 0 0 0 0 0 0 
0.0808 0.0008 0 0 0 0 0 0 0 0 0 0 0 0 0 0 0 0 
0.0442 0.0002 0 0 0 0 0 0 0 0 0 0 0 0 0 0 0 0 
0.025 0 0 0 0 0 0 0 0 0 0 0 0 0 0 0 0 0 
0.012 0 0 0 0 0 0 0 0 0 0 0 0 0 0 0 0 0 
0.0046 0 0 0 0 0 0 0 0 0 0 0 0 0 0 0 0 0 
0.0018 0 0 0 0 0 0 0 0 0 0 0 0 0 0 0 0 0 
0.0006 0 0 0 0 0 0 0 0 0 0 0 0 0 0 0 0 0 
0 0 0 0 0 0 0 0 0 0 0 0 0 0 0 0 0 0 
0 0 0 0 0 0 0 0 0 0 0 0 0 0 0 0 0 0 
0 0 0 0 0 0 0 0 0 0 0 0 0 0 0 0 0 0 

1 0.9974 0.9884 0.9642 0.9026 0.848 0.7494 0.668 0.5676 0.4616 0.3666 0.289 0.2166 0.1618 0.1198 0.082 0.0538 0.0344 
0.9336 0.8874 0.7888 0.638 0.4102 0.2672 0.135 0.0672 0.0224 0.006 0.0038 0.0014 0.0004 0.0004 0 0.0002 0 0 
0.7704 0.6008 0.3462 0.1394 0.0204 0.0076 0.0002 0.0002 0 0 0 0 0 0 0 0 0 0 
0.5936 0.3546 0.1342 0.026 0.0014 0.0002 0 0 0 0 0 0 0 0 0 0 0 0 
0.4252 0.1692 0.0308 0.0044 0 0 0 0 0 0 0 0 0 0 0 0 0 0 
0.29 0.0702 0.0056 0.0002 0 0 0 0 0 0 0 0 0 0 0 0 0 0 
0.1728 0.0226 0.0006 0 0 0 0 0 0 0 0 0 0 0 0 0 0 0 
0.0898 0.0058 0.0004 0 0 0 0 0 0 0 0 0 0 0 0 0 0 0 
0.0422 0.0008 0 0 0 0 0 0 0 0 0 0 0 0 0 0 0 0 
0.0232 0 0 0 0 0 0 0 0 0 0 0 0 0 0 0 0 0 
0.0096 0.0002 0 0 0 0 0 0 0 0 0 0 0 0 0 0 0 0 
0.0048 0 0 0 0 0 0 0 0 0 0 0 0 0 0 0 0 0 
0.002 0 0 0 0 0 0 0 0 0 0 0 0 0 0 0 0 0 
0.0004 0 0 0 0 0 0 0 0 0 0 0 0 0 0 0 0 0 
0.0004 0 0 0 0 0 0 0 0 0 0 0 0 0 0 0 0 0 
0.0002 0 0 0 0 0 0 0 0 0 0 0 0 0 0 0 0 0 
0.0002 0 0 0 0 0 0 0 0 0 0 0 0 0 0 0 0 0 
0 0 0 0 0 0 0 0 0 0 0 0 0 0 0 0 0 0 

1 0.9964 0.9922 0.9646 0.923 0.8724 0.7998 0.7074 0.6162 0.5148 0.4278 0.351 0.283 0.223 0.1698 0.1246 0.0918 0.0588 
0.9044 0.7956 0.6696 0.4736 0.3074 0.175 0.0964 0.0424 0.013 0.0042 0.001 0.0004 0 0 0 0 0 0 
0.7764 0.5304 0.2994 0.099 0.021 0.0024 0 0 0 0 0 0 0 0 0 0 0 0 
0.616 0.3162 0.1122 0.0124 0.0008 0 0 0 0 0 0 0 0 0 0 0 0 0 
0.476 0.162 0.0306 0.0012 0 0 0 0 0 0 0 0 0 0 0 0 0 0 
0.3326 0.0662 0.0046 0 0 0 0 0 0 0 0 0 0 0 0 0 0 0 
0.2178 0.019 0.0012 0 0 0 0 0 0 0 0 0 0 0 0 0 0 0 
0.1332 0.0048 0 0 0 0 0 0 0 0 0 0 0 0 0 0 0 0 
0.077 0.0004 0 0 0 0 0 0 0 0 0 0 0 0 0 0 0 0 
0.0466 0.0002 0 0 0 0 0 0 0 0 0 0 0 0 0 0 0 0 
0.0236 0 0 0 0 0 0 0 0 0 0 0 0 0 0 0 0 0 
0.0108 0 0 0 0 0 0 0 0 0 0 0 0 0 0 0 0 0 
0.0048 0 0 0 0 0 0 0 0 0 0 0 0 0 0 0 0 0 
0.0016 0 0 0 0 0 0 0 0 0 0 0 0 0 0 0 0 0 
0 0 0 0 0 0 0 0 0 0 0 0 0 0 0 0 0 0 
0 0 0 0 0 0 0 0 0 0 0 0 0 0 0 0 0 0 
0 0 0 0 0 0 0 0 0 0 0 0 0 0 0 0 0 0 
0 0 0 0 0 0 0 0 0 0 0 0 0 0 0 0 0 0 

1 0.997 0.9912 0.9674 0.9264 0.8868 0.8116 0.7332 0.642 0.5562 0.4672 0.3936 0.3284 0.2652 0.2162 0.1668 0.1284 0.0882 
0.8772 0.7716 0.65 0.4758 0.3046 0.19 0.0988 0.045 0.0176 0.005 0.002 0.0002 0.0004 0.0002 0 0 0 0 
0.717 0.4998 0.2704 0.0936 0.0172 0.004 0.001 0 0 0 0 0 0 0 0 0 0 0 
0.573 0.2926 0.0968 0.012 0.0008 0 0 0 0 0 0 0 0 0 0 0 0 0 
0.422 0.1434 0.0246 0.0008 0 0 0 0 0 0 0 0 0 0 0 0 0 0 
0.2866 0.0502 0.0052 0 0 0 0 0 0 0 0 0 0 0 0 0 0 0 
0.1952 0.0198 0.0004 0 0 0 0 0 0 0 0 0 0 0 0 0 0 0 
0.121 0.0044 0.0004 0 0 0 0 0 0 0 0 0 0 0 0 0 0 0 
0.0698 0.0008 0 0 0 0 0 0 0 0 0 0 0 0 0 0 0 0 
0.0356 0.0002 0 0 0 0 0 0 0 0 0 0 0 0 0 0 0 0 
0.018 0 0 0 0 0 0 0 0 0 0 0 0 0 0 0 0 0 
0.0094 0 0 0 0 0 0 0 0 0 0 0 0 0 0 0 0 0 
0.0064 0 0 0 0 0 0 0 0 0 0 0 0 0 0 0 0 0 
0.0028 0 0 0 0 0 0 0 0 0 0 0 0 0 0 0 0 0 
0.0006 0 0 0 0 0 0 0 0 0 0 0 0 0 0 0 0 0 
0 0 0 0 0 0 0 0 0 0 0 0 0 0 0 0 0 0 
0 0 0 0 0 0 0 0 0 0 0 0 0 0 0 0 0 0 
0 0 0 0 0 0 0 0 0 0 0 0 0 0 0 0 0 0 

1 0.9994 0.996 0.9854 0.9702 0.9564 0.9278 0.9022 0.871 0.8288 0.7838 0.7386 0.6876 0.6362 0.5828 0.5088 0.4376 0.339 
0.6364 0.3408 0.2312 0.145 0.0906 0.0514 0.0274 0.014 0.0048 0.0014 0.0004 0 0 0 0 0 0 0 
0.4824 0.1582 0.0626 0.0178 0.0032 0.0002 0 0 0 0 0 0 0 0 0 0 0 0 
0.3774 0.0816 0.0168 0.0018 0.0002 0 0 0 0 0 0 0 0 0 0 0 0 0 
0.29 0.038 0.003 0 0 0 0 0 0 0 0 0 0 0 0 0 0 0 
0.2218 0.0156 0.0006 0 0 0 0 0 0 0 0 0 0 0 0 0 0 0 
0.1552 0.0058 0 0 0 0 0 0 0 0 0 0 0 0 0 0 0 0 
0.1224 0.0014 0 0 0 0 0 0 0 0 0 0 0 0 0 0 0 0 
0.0902 0.0004 0 0 0 0 0 0 0 0 0 0 0 0 0 0 0 0 
0.061 0.0002 0 0 0 0 0 0 0 0 0 0 0 0 0 0 0 0 
0.0404 0 0 0 0 0 0 0 0 0 0 0 0 0 0 0 0 0 
0.0258 0 0 0 0 0 0 0 0 0 0 0 0 0 0 0 0 0 
0.0168 0 0 0 0 0 0 0 0 0 0 0 0 0 0 0 0 0 
0.0078 0 0 0 0 0 0 0 0 0 0 0 0 0 0 0 0 0 
0.0036 0 0 0 0 0 0 0 0 0 0 0 0 0 0 0 0 0 
0.002 0 0 0 0 0 0 0 0 0 0 0 0 0 0 0 0 0 
0.0008 0 0 0 0 0 0 0 0 0 0 0 0 0 0 0 0 0 
0 0 0 0 0 0 0 0 0 0 0 0 0 0 0 0 0 0 

1 0.9966 0.9898 0.9672 0.913 0.861 0.7754 0.6896 0.5762 0.4792 0.3762 0.3136 0.2422 0.1844 0.1376 0.1014 0.0714 0.0492 
0.9212 0.8624 0.7684 0.6252 0.3974 0.2504 0.1328 0.0692 0.0238 0.0058 0.0012 0.0008 0.0012 0.0002 0.0002 0 0 0 
0.7534 0.5806 0.3304 0.1284 0.0164 0.0048 0.0018 0.0006 0 0 0 0 0 0 0 0 0 0 
0.6002 0.3452 0.1206 0.0236 0.0004 0.0002 0 0 0 0 0 0 0 0 0 0 0 0 
0.4112 0.1576 0.0258 0.003 0.0002 0.0002 0 0 0 0 0 0 0 0 0 0 0 0 
0.28 0.0594 0.0072 0.0008 0 0 0 0 0 0 0 0 0 0 0 0 0 0 
0.166 0.0206 0.0004 0 0 0 0 0 0 0 0 0 0 0 0 0 0 0 
0.0888 0.0056 0 0 0 0 0 0 0 0 0 0 0 0 0 0 0 0 
0.0426 0.0008 0 0 0 0 0 0 0 0 0 0 0 0 0 0 0 0 
0.0236 0 0 0 0 0 0 0 0 0 0 0 0 0 0 0 0 0 
0.009 0.0002 0 0 0 0 0 0 0 0 0 0 0 0 0 0 0 0 
0.0034 0 0 0 0 0 0 0 0 0 0 0 0 0 0 0 0 0 
0.0022 0 0 0 0 0 0 0 0 0 0 0 0 0 0 0 0 0 
0.0006 0 0 0 0 0 0 0 0 0 0 0 0 0 0 0 0 0 
0 0 0 0 0 0 0 0 0 0 0 0 0 0 0 0 0 0 
0 0 0 0 0 0 0 0 0 0 0 0 0 0 0 0 0 0 
0 0 0 0 0 0 0 0 0 0 0 0 0 0 0 0 0 0 
0 0 0 0 0 0 0 0 0 0 0 0 0 0 0 0 0 0 

1 0.9976 0.9946 0.9746 0.9504 0.9094 0.8694 0.8136 0.7458 0.6804 0.612 0.5468 0.484 0.4266 0.3618 0.3034 0.2428 0.1748 
0.7942 0.6124 0.477 0.3184 0.2022 0.1178 0.0664 0.0328 0.0096 0.0032 0.0004 0 0 0 0 0 0 0 
0.6236 0.352 0.1792 0.0492 0.0138 0.0006 0 0 0 0 0 0 0 0 0 0 0 0 
0.4928 0.2032 0.0612 0.007 0.0006 0 0 0 0 0 0 0 0 0 0 0 0 0 
0.37 0.1004 0.0146 0 0 0 0 0 0 0 0 0 0 0 0 0 0 0 
0.2658 0.0402 0.0026 0 0 0 0 0 0 0 0 0 0 0 0 0 0 0 
0.1774 0.0136 0 0 0 0 0 0 0 0 0 0 0 0 0 0 0 0 
0.121 0.0042 0 0 0 0 0 0 0 0 0 0 0 0 0 0 0 0 
0.0748 0.0004 0 0 0 0 0 0 0 0 0 0 0 0 0 0 0 0 
0.0486 0.0002 0 0 0 0 0 0 0 0 0 0 0 0 0 0 0 0 
0.0278 0 0 0 0 0 0 0 0 0 0 0 0 0 0 0 0 0 
0.0184 0 0 0 0 0 0 0 0 0 0 0 0 0 0 0 0 0 
0.009 0 0 0 0 0 0 0 0 0 0 0 0 0 0 0 0 0 
0.0036 0 0 0 0 0 0 0 0 0 0 0 0 0 0 0 0 0 
0.0016 0 0 0 0 0 0 0 0 0 0 0 0 0 0 0 0 0 
0.0002 0 0 0 0 0 0 0 0 0 0 0 0 0 0 0 0 0 
0 0 0 0 0 0 0 0 0 0 0 0 0 0 0 0 0 0 
0 0 0 0 0 0 0 0 0 0 0 0 0 0 0 0 0 0 

1 0.9978 0.9942 0.9796 0.9534 0.925 0.894 0.852 0.7986 0.7502 0.693 0.6336 0.5666 0.5028 0.4324 0.3686 0.2894 0.2066 
0.7634 0.5212 0.369 0.2394 0.1428 0.0886 0.0456 0.0232 0.0094 0.0028 0.001 0.0004 0 0 0 0 0 0 
0.5914 0.264 0.114 0.0334 0.0076 0.0012 0 0 0 0 0 0 0 0 0 0 0 0 
0.4532 0.1392 0.0392 0.0038 0.0004 0 0 0 0 0 0 0 0 0 0 0 0 0 
0.356 0.0664 0.0072 0.0002 0 0 0 0 0 0 0 0 0 0 0 0 0 0 
0.2672 0.0322 0.0026 0 0 0 0 0 0 0 0 0 0 0 0 0 0 0 
0.192 0.0088 0.0006 0 0 0 0 0 0 0 0 0 0 0 0 0 0 0 
0.1256 0.0026 0 0 0 0 0 0 0 0 0 0 0 0 0 0 0 0 
0.0912 0.0008 0 0 0 0 0 0 0 0 0 0 0 0 0 0 0 0 
0.0602 0 0 0 0 0 0 0 0 0 0 0 0 0 0 0 0 0 
0.0396 0 0 0 0 0 0 0 0 0 0 0 0 0 0 0 0 0 
0.0228 0 0 0 0 0 0 0 0 0 0 0 0 0 0 0 0 0 
0.0176 0 0 0 0 0 0 0 0 0 0 0 0 0 0 0 0 0 
0.0082 0 0 0 0 0 0 0 0 0 0 0 0 0 0 0 0 0 
0.0042 0 0 0 0 0 0 0 0 0 0 0 0 0 0 0 0 0 
0.0018 0 0 0 0 0 0 0 0 0 0 0 0 0 0 0 0 0 
0.0002 0 0 0 0 0 0 0 0 0 0 0 0 0 0 0 0 0 
0 0 0 0 0 0 0 0 0 0 0 0 0 0 0 0 0 0 

1 0.9988 0.9974 0.9926 0.9846 0.9792 0.968 0.9576 0.9382 0.9224 0.8996 0.874 0.8398 0.7992 0.7508 0.6884 0.6008 0.48 
0.5198 0.0312 0.0126 0.007 0.0028 0.0018 0.0008 0.0002 0 0 0 0 0 0 0 0 0 0 
0.378 0.007 0.002 0.0008 0.0002 0 0 0 0 0 0 0 0 0 0 0 0 0 
0.3078 0.002 0.0002 0 0 0 0 0 0 0 0 0 0 0 0 0 0 0 
0.2528 0.001 0 0 0 0 0 0 0 0 0 0 0 0 0 0 0 0 
0.2026 0.0006 0 0 0 0 0 0 0 0 0 0 0 0 0 0 0 0 
0.16 0.0008 0 0 0 0 0 0 0 0 0 0 0 0 0 0 0 0 
0.1268 0 0 0 0 0 0 0 0 0 0 0 0 0 0 0 0 0 
0.0982 0 0 0 0 0 0 0 0 0 0 0 0 0 0 0 0 0 
0.0732 0 0 0 0 0 0 0 0 0 0 0 0 0 0 0 0 0 
0.057 0 0 0 0 0 0 0 0 0 0 0 0 0 0 0 0 0 
0.037 0 0 0 0 0 0 0 0 0 0 0 0 0 0 0 0 0 
0.0238 0 0 0 0 0 0 0 0 0 0 0 0 0 0 0 0 0 
0.012 0 0 0 0 0 0 0 0 0 0 0 0 0 0 0 0 0 
0.0056 0 0 0 0 0 0 0 0 0 0 0 0 0 0 0 0 0 
0.0026 0 0 0 0 0 0 0 0 0 0 0 0 0 0 0 0 0 
0.0004 0 0 0 0 0 0 0 0 0 0 0 0 0 0 0 0 0 
0 0 0 0 0 0 0 0 0 0 0 0 0 0 0 0 0 0 

1 0.9974 0.9954 0.9836 0.9704 0.9504 0.9228 0.895 0.8466 0.8056 0.754 0.7012 0.6318 0.5612 0.4876 0.4068 0.3116 0.2078 
0.7654 0.396 0.2372 0.1326 0.0764 0.0446 0.0254 0.0134 0.0052 0.0012 0.0006 0 0 0 0 0 0 0 
0.5898 0.1688 0.0516 0.0118 0.002 0.0008 0 0 0 0 0 0 0 0 0 0 0 0 
0.4726 0.0798 0.0138 0.0022 0 0 0 0 0 0 0 0 0 0 0 0 0 0 
0.378 0.0346 0.0026 0.0002 0 0 0 0 0 0 0 0 0 0 0 0 0 0 
0.3006 0.0156 0.0006 0 0 0 0 0 0 0 0 0 0 0 0 0 0 0 
0.2276 0.006 0.0002 0 0 0 0 0 0 0 0 0 0 0 0 0 0 0 
0.171 0.001 0 0 0 0 0 0 0 0 0 0 0 0 0 0 0 0 
0.1194 0.0006 0 0 0 0 0 0 0 0 0 0 0 0 0 0 0 0 
0.0844 0 0 0 0 0 0 0 0 0 0 0 0 0 0 0 0 0 
0.0574 0 0 0 0 0 0 0 0 0 0 0 0 0 0 0 0 0 
0.0374 0 0 0 0 0 0 0 0 0 0 0 0 0 0 0 0 0 
0.0238 0 0 0 0 0 0 0 0 0 0 0 0 0 0 0 0 0 
0.0118 0 0 0 0 0 0 0 0 0 0 0 0 0 0 0 0 0 
0.0052 0 0 0 0 0 0 0 0 0 0 0 0 0 0 0 0 0 
0.0012 0 0 0 0 0 0 0 0 0 0 0 0 0 0 0 0 0 
0.0002 0 0 0 0 0 0 0 0 0 0 0 0 0 0 0 0 0 
0.0002 0 0 0 0 0 0 0 0 0 0 0 0 0 0 0 0 0 

1 0.9992 0.9958 0.99 0.9842 0.9744 0.9682 0.956 0.9374 0.9152 0.8898 0.8608 0.821 0.778 0.7306 0.6574 0.566 0.431 
0.5608 0.0088 0.0022 0.0008 0.0008 0.0004 0.0004 0 0 0 0 0 0 0 0 0 0 0 
0.4292 0.0018 0.0002 0 0 0 0 0 0 0 0 0 0 0 0 0 0 0 
0.344 0.0012 0.0002 0 0 0 0 0 0 0 0 0 0 0 0 0 0 0 
0.2762 0.0004 0 0 0 0 0 0 0 0 0 0 0 0 0 0 0 0 
0.228 0 0 0 0 0 0 0 0 0 0 0 0 0 0 0 0 0 
0.1834 0 0 0 0 0 0 0 0 0 0 0 0 0 0 0 0 0 
0.1426 0 0 0 0 0 0 0 0 0 0 0 0 0 0 0 0 0 
0.1142 0 0 0 0 0 0 0 0 0 0 0 0 0 0 0 0 0 
0.0886 0 0 0 0 0 0 0 0 0 0 0 0 0 0 0 0 0 
0.0626 0 0 0 0 0 0 0 0 0 0 0 0 0 0 0 0 0 
0.0444 0 0 0 0 0 0 0 0 0 0 0 0 0 0 0 0 0 
0.0276 0 0 0 0 0 0 0 0 0 0 0 0 0 0 0 0 0 
0.0156 0 0 0 0 0 0 0 0 0 0 0 0 0 0 0 0 0 
0.0078 0 0 0 0 0 0 0 0 0 0 0 0 0 0 0 0 0 
0.0024 0 0 0 0 0 0 0 0 0 0 0 0 0 0 0 0 0 
0.0004 0 0 0 0 0 0 0 0 0 0 0 0 0 0 0 0 0 
0 0 0 0 0 0 0 0 0 0 0 0 0 0 0 0 0 0 

1 0.9982 0.9974 0.9916 0.988 0.9792 0.9654 0.9536 0.9428 0.9174 0.8964 0.8646 0.8242 0.7788 0.7302 0.6666 0.5684 0.4276 
0.5672 0.0032 0.0008 0.0004 0.0002 0.0004 0 0 0 0 0 0 0 0 0 0 0 0 
0.4282 0.0004 0.0002 0 0 0 0 0 0 0 0 0 0 0 0 0 0 0 
0.3368 0.0002 0 0 0 0 0 0 0 0 0 0 0 0 0 0 0 0 
0.277 0.0002 0 0 0 0 0 0 0 0 0 0 0 0 0 0 0 0 
0.2178 0 0 0 0 0 0 0 0 0 0 0 0 0 0 0 0 0 
0.1886 0 0 0 0 0 0 0 0 0 0 0 0 0 0 0 0 0 
0.1474 0 0 0 0 0 0 0 0 0 0 0 0 0 0 0 0 0 
0.1124 0 0 0 0 0 0 0 0 0 0 0 0 0 0 0 0 0 
0.0812 0 0 0 0 0 0 0 0 0 0 0 0 0 0 0 0 0 
0.0614 0 0 0 0 0 0 0 0 0 0 0 0 0 0 0 0 0 
0.0394 0 0 0 0 0 0 0 0 0 0 0 0 0 0 0 0 0 
0.0234 0 0 0 0 0 0 0 0 0 0 0 0 0 0 0 0 0 
0.0136 0 0 0 0 0 0 0 0 0 0 0 0 0 0 0 0 0 
0.0054 0 0 0 0 0 0 0 0 0 0 0 0 0 0 0 0 0 
0.0026 0 0 0 0 0 0 0 0 0 0 0 0 0 0 0 0 0 
0.001 0 0 0 0 0 0 0 0 0 0 0 0 0 0 0 0 0 
0.0002 0 0 0 0 0 0 0 0 0 0 0 0 0 0 0 0 0 

1 0.9986 0.9978 0.9916 0.9874 0.9826 0.9738 0.9644 0.9518 0.9412 0.923 0.9048 0.88 0.853 0.8182 0.7668 0.696 0.5796 
0.4216 0 0 0 0 0 0 0 0 0 0 0 0 0 0 0 0 0 
0.3016 0 0 0 0 0 0 0 0 0 0 0 0 0 0 0 0 0 
0.2346 0 0 0 0 0 0 0 0 0 0 0 0 0 0 0 0 0 
0.19 0 0 0 0 0 0 0 0 0 0 0 0 0 0 0 0 0 
0.154 0 0 0 0 0 0 0 0 0 0 0 0 0 0 0 0 0 
0.1252 0 0 0 0 0 0 0 0 0 0 0 0 0 0 0 0 0 
0.1024 0 0 0 0 0 0 0 0 0 0 0 0 0 0 0 0 0 
0.0808 0 0 0 0 0 0 0 0 0 0 0 0 0 0 0 0 0 
0.06 0 0 0 0 0 0 0 0 0 0 0 0 0 0 0 0 0 
0.0436 0 0 0 0 0 0 0 0 0 0 0 0 0 0 0 0 0 
0.032 0 0 0 0 0 0 0 0 0 0 0 0 0 0 0 0 0 
0.0214 0 0 0 0 0 0 0 0 0 0 0 0 0 0 0 0 0 
0.0122 0 0 0 0 0 0 0 0 0 0 0 0 0 0 0 0 0 
0.0072 0 0 0 0 0 0 0 0 0 0 0 0 0 0 0 0 0 
0.0026 0 0 0 0 0 0 0 0 0 0 0 0 0 0 0 0 0 
0.0002 0 0 0 0 0 0 0 0 0 0 0 0 0 0 0 0 0 
0 0 0 0 0 0 0 0 0 0 0 0 0 0 0 0 0 0 

1 0.9964 0.9912 0.9768 0.9458 0.9124 0.8536 0.7952 0.7232 0.6406 0.5498 0.4656 0.3814 0.3016 0.2252 0.1656 0.1092 0.067 
0.8976 0.7152 0.5262 0.3628 0.213 0.1334 0.073 0.034 0.009 0.0042 0.0014 0 0 0 0 0 0 0 
0.7488 0.3836 0.1544 0.044 0.0064 0.0006 0.0004 0 0 0 0 0 0 0 0 0 0 0 
0.6186 0.2084 0.046 0.007 0.0006 0 0 0 0 0 0 0 0 0 0 0 0 0 
0.4784 0.0918 0.0102 0.0006 0 0 0 0 0 0 0 0 0 0 0 0 0 0 
0.3672 0.0354 0.001 0.0002 0 0 0 0 0 0 0 0 0 0 0 0 0 0 
0.2648 0.0128 0.0006 0 0 0 0 0 0 0 0 0 0 0 0 0 0 0 
0.177 0.0026 0 0 0 0 0 0 0 0 0 0 0 0 0 0 0 0 
0.117 0.0006 0 0 0 0 0 0 0 0 0 0 0 0 0 0 0 0 
0.071 0 0 0 0 0 0 0 0 0 0 0 0 0 0 0 0 0 
0.0438 0 0 0 0 0 0 0 0 0 0 0 0 0 0 0 0 0 
0.0218 0 0 0 0 0 0 0 0 0 0 0 0 0 0 0 0 0 
0.0092 0 0 0 0 0 0 0 0 0 0 0 0 0 0 0 0 0 
0.0028 0 0 0 0 0 0 0 0 0 0 0 0 0 0 0 0 0 
0.0014 0 0 0 0 0 0 0 0 0 0 0 0 0 0 0 0 0 
0.0006 0 0 0 0 0 0 0 0 0 0 0 0 0 0 0 0 0 
0 0 0 0 0 0 0 0 0 0 0 0 0 0 0 0 0 0 
0 0 0 0 0 0 0 0 0 0 0 0 0 0 0 0 0 0 

1 0.9976 0.9958 0.9928 0.9788 0.9666 0.9532 0.9286 0.9098 0.8762 0.8312 0.7772 0.7226 0.6568 0.581 0.4932 0.374 0.2394 
0.7426 0.0678 0.0222 0.0102 0.006 0.0024 0.002 0.0006 0.0004 0 0 0 0 0 0 0 0 0 
0.6094 0.0174 0.0026 0.0004 0 0 0 0 0 0 0 0 0 0 0 0 0 0 
0.4946 0.007 0.0004 0 0 0 0 0 0 0 0 0 0 0 0 0 0 0 
0.4132 0.0024 0.0002 0 0 0 0 0 0 0 0 0 0 0 0 0 0 0 
0.3374 0.0006 0 0 0 0 0 0 0 0 0 0 0 0 0 0 0 0 
0.2748 0 0 0 0 0 0 0 0 0 0 0 0 0 0 0 0 0 
0.2188 0 0 0 0 0 0 0 0 0 0 0 0 0 0 0 0 0 
0.165 0 0 0 0 0 0 0 0 0 0 0 0 0 0 0 0 0 
0.118 0 0 0 0 0 0 0 0 0 0 0 0 0 0 0 0 0 
0.0856 0 0 0 0 0 0 0 0 0 0 0 0 0 0 0 0 0 
0.056 0 0 0 0 0 0 0 0 0 0 0 0 0 0 0 0 0 
0.034 0 0 0 0 0 0 0 0 0 0 0 0 0 0 0 0 0 
0.0188 0 0 0 0 0 0 0 0 0 0 0 0 0 0 0 0 0 
0.0104 0 0 0 0 0 0 0 0 0 0 0 0 0 0 0 0 0 
0.0032 0 0 0 0 0 0 0 0 0 0 0 0 0 0 0 0 0 
0.0006 0 0 0 0 0 0 0 0 0 0 0 0 0 0 0 0 0 
0.0002 0 0 0 0 0 0 0 0 0 0 0 0 0 0 0 0 0 

1 0.9962 0.996 0.9892 0.977 0.9652 0.9496 0.9288 0.8996 0.8628 0.8306 0.776 0.7118 0.6422 0.5478 0.4522 0.334 0.1884 
0.7912 0.0428 0.0128 0.0044 0.0024 0.001 0.0006 0.0002 0 0 0 0 0 0 0 0 0 0 
0.6566 0.0072 0.0004 0 0 0 0 0 0 0 0 0 0 0 0 0 0 0 
0.5338 0.0028 0 0 0 0 0 0 0 0 0 0 0 0 0 0 0 0 
0.4504 0.0012 0.0002 0 0 0 0 0 0 0 0 0 0 0 0 0 0 0 
0.3658 0.0018 0 0 0 0 0 0 0 0 0 0 0 0 0 0 0 0 
0.3004 0.0004 0 0 0 0 0 0 0 0 0 0 0 0 0 0 0 0 
0.2352 0 0 0 0 0 0 0 0 0 0 0 0 0 0 0 0 0 
0.1774 0 0 0 0 0 0 0 0 0 0 0 0 0 0 0 0 0 
0.1348 0 0 0 0 0 0 0 0 0 0 0 0 0 0 0 0 0 
0.0976 0 0 0 0 0 0 0 0 0 0 0 0 0 0 0 0 0 
0.0628 0 0 0 0 0 0 0 0 0 0 0 0 0 0 0 0 0 
0.0392 0 0 0 0 0 0 0 0 0 0 0 0 0 0 0 0 0 
0.0172 0 0 0 0 0 0 0 0 0 0 0 0 0 0 0 0 0 
0.0086 0 0 0 0 0 0 0 0 0 0 0 0 0 0 0 0 0 
0.0028 0 0 0 0 0 0 0 0 0 0 0 0 0 0 0 0 0 
0.0006 0 0 0 0 0 0 0 0 0 0 0 0 0 0 0 0 0 
0 0 0 0 0 0 0 0 0 0 0 0 0 0 0 0 0 0 

1 0.9984 0.9988 0.9874 0.9826 0.9734 0.96 0.943 0.9202 0.9038 0.8676 0.835 0.7888 0.7364 0.674 0.593 0.4974 0.349 
0.6392 0 0 0 0 0 0 0 0 0 0 0 0 0 0 0 0 0 
0.4932 0 0 0 0 0 0 0 0 0 0 0 0 0 0 0 0 0 
0.406 0 0 0 0 0 0 0 0 0 0 0 0 0 0 0 0 0 
0.3346 0 0 0 0 0 0 0 0 0 0 0 0 0 0 0 0 0 
0.2752 0 0 0 0 0 0 0 0 0 0 0 0 0 0 0 0 0 
0.2244 0 0 0 0 0 0 0 0 0 0 0 0 0 0 0 0 0 
0.1782 0 0 0 0 0 0 0 0 0 0 0 0 0 0 0 0 0 
0.1402 0 0 0 0 0 0 0 0 0 0 0 0 0 0 0 0 0 
0.101 0 0 0 0 0 0 0 0 0 0 0 0 0 0 0 0 0 
0.0748 0 0 0 0 0 0 0 0 0 0 0 0 0 0 0 0 0 
0.0546 0 0 0 0 0 0 0 0 0 0 0 0 0 0 0 0 0 
0.0358 0 0 0 0 0 0 0 0 0 0 0 0 0 0 0 0 0 
0.0206 0 0 0 0 0 0 0 0 0 0 0 0 0 0 0 0 0 
0.0088 0 0 0 0 0 0 0 0 0 0 0 0 0 0 0 0 0 
0.0038 0 0 0 0 0 0 0 0 0 0 0 0 0 0 0 0 0 
0.0008 0 0 0 0 0 0 0 0 0 0 0 0 0 0 0 0 0 
0 0 0 0 0 0 0 0 0 0 0 0 0 0 0 0 0 0 

1 0.9982 0.9946 0.9848 0.9774 0.9624 0.9466 0.9322 0.8978 0.8606 0.8212 0.7648 0.6984 0.628 0.5376 0.4332 0.3186 0.1756 
0.803 0.0232 0.0054 0.0026 0.001 0.0004 0.0002 0 0 0 0 0 0 0 0 0 0 0 
0.6598 0.0042 0 0 0 0 0 0 0 0 0 0 0 0 0 0 0 0 
0.5538 0.0018 0 0 0 0 0 0 0 0 0 0 0 0 0 0 0 0 
0.4664 0.0004 0 0 0 0 0 0 0 0 0 0 0 0 0 0 0 0 
0.3884 0.0002 0 0 0 0 0 0 0 0 0 0 0 0 0 0 0 0 
0.3154 0 0 0 0 0 0 0 0 0 0 0 0 0 0 0 0 0 
0.2418 0 0 0 0 0 0 0 0 0 0 0 0 0 0 0 0 0 
0.1928 0 0 0 0 0 0 0 0 0 0 0 0 0 0 0 0 0 
0.1456 0 0 0 0 0 0 0 0 0 0 0 0 0 0 0 0 0 
0.1062 0 0 0 0 0 0 0 0 0 0 0 0 0 0 0 0 0 
0.0692 0 0 0 0 0 0 0 0 0 0 0 0 0 0 0 0 0 
0.0422 0 0 0 0 0 0 0 0 0 0 0 0 0 0 0 0 0 
0.025 0 0 0 0 0 0 0 0 0 0 0 0 0 0 0 0 0 
0.0132 0 0 0 0 0 0 0 0 0 0 0 0 0 0 0 0 0 
0.0048 0 0 0 0 0 0 0 0 0 0 0 0 0 0 0 0 0 
0.0006 0 0 0 0 0 0 0 0 0 0 0 0 0 0 0 0 0 
0.0004 0 0 0 0 0 0 0 0 0 0 0 0 0 0 0 0 0 

1 0.998 0.9976 0.988 0.9808 0.971 0.9546 0.939 0.9164 0.8922 0.8672 0.8344 0.7938 0.7416 0.6686 0.5872 0.4838 0.3248 
0.6692 0 0 0 0 0 0 0 0 0 0 0 0 0 0 0 0 0 
0.5146 0 0 0 0 0 0 0 0 0 0 0 0 0 0 0 0 0 
0.415 0 0 0 0 0 0 0 0 0 0 0 0 0 0 0 0 0 
0.3402 0 0 0 0 0 0 0 0 0 0 0 0 0 0 0 0 0 
0.2748 0 0 0 0 0 0 0 0 0 0 0 0 0 0 0 0 0 
0.2202 0 0 0 0 0 0 0 0 0 0 0 0 0 0 0 0 0 
0.1766 0 0 0 0 0 0 0 0 0 0 0 0 0 0 0 0 0 
0.1342 0 0 0 0 0 0 0 0 0 0 0 0 0 0 0 0 0 
0.1016 0 0 0 0 0 0 0 0 0 0 0 0 0 0 0 0 0 
0.0808 0 0 0 0 0 0 0 0 0 0 0 0 0 0 0 0 0 
0.0584 0 0 0 0 0 0 0 0 0 0 0 0 0 0 0 0 0 
0.0356 0 0 0 0 0 0 0 0 0 0 0 0 0 0 0 0 0 
0.0234 0 0 0 0 0 0 0 0 0 0 0 0 0 0 0 0 0 
0.0116 0 0 0 0 0 0 0 0 0 0 0 0 0 0 0 0 0 
0.004 0 0 0 0 0 0 0 0 0 0 0 0 0 0 0 0 0 
0.0008 0 0 0 0 0 0 0 0 0 0 0 0 0 0 0 0 0 
0 0 0 0 0 0 0 0 0 0 0 0 0 0 0 0 0 0 

1 0.999 0.9984 0.9878 0.9816 0.9714 0.9586 0.9414 0.92 0.8958 0.8644 0.8266 0.7844 0.7344 0.6652 0.5858 0.479 0.3264 
0.6642 0 0 0 0 0 0 0 0 0 0 0 0 0 0 0 0 0 
0.515 0 0 0 0 0 0 0 0 0 0 0 0 0 0 0 0 0 
0.411 0 0 0 0 0 0 0 0 0 0 0 0 0 0 0 0 0 
0.3474 0 0 0 0 0 0 0 0 0 0 0 0 0 0 0 0 0 
0.2804 0 0 0 0 0 0 0 0 0 0 0 0 0 0 0 0 0 
0.2288 0 0 0 0 0 0 0 0 0 0 0 0 0 0 0 0 0 
0.181 0 0 0 0 0 0 0 0 0 0 0 0 0 0 0 0 0 
0.1368 0 0 0 0 0 0 0 0 0 0 0 0 0 0 0 0 0 
0.108 0 0 0 0 0 0 0 0 0 0 0 0 0 0 0 0 0 
0.0806 0 0 0 0 0 0 0 0 0 0 0 0 0 0 0 0 0 
0.0546 0 0 0 0 0 0 0 0 0 0 0 0 0 0 0 0 0 
0.0368 0 0 0 0 0 0 0 0 0 0 0 0 0 0 0 0 0 
0.0198 0 0 0 0 0 0 0 0 0 0 0 0 0 0 0 0 0 
0.0096 0 0 0 0 0 0 0 0 0 0 0 0 0 0 0 0 0 
0.0036 0 0 0 0 0 0 0 0 0 0 0 0 0 0 0 0 0 
0.002 0 0 0 0 0 0 0 0 0 0 0 0 0 0 0 0 0 
0.0002 0 0 0 0 0 0 0 0 0 0 0 0 0 0 0 0 0 

1 0.9992 0.9976 0.9906 0.9844 0.9784 0.9704 0.958 0.9438 0.9304 0.9026 0.8786 0.843 0.8108 0.7662 0.706 0.6298 0.498 
0.497 0 0 0 0 0 0 0 0 0 0 0 0 0 0 0 0 0 
0.3686 0 0 0 0 0 0 0 0 0 0 0 0 0 0 0 0 0 
0.2944 0 0 0 0 0 0 0 0 0 0 0 0 0 0 0 0 0 
0.2456 0 0 0 0 0 0 0 0 0 0 0 0 0 0 0 0 0 
0.1932 0 0 0 0 0 0 0 0 0 0 0 0 0 0 0 0 0 
0.1616 0 0 0 0 0 0 0 0 0 0 0 0 0 0 0 0 0 
0.1292 0 0 0 0 0 0 0 0 0 0 0 0 0 0 0 0 0 
0.1026 0 0 0 0 0 0 0 0 0 0 0 0 0 0 0 0 0 
0.0748 0 0 0 0 0 0 0 0 0 0 0 0 0 0 0 0 0 
0.0562 0 0 0 0 0 0 0 0 0 0 0 0 0 0 0 0 0 
0.039 0 0 0 0 0 0 0 0 0 0 0 0 0 0 0 0 0 
0.0244 0 0 0 0 0 0 0 0 0 0 0 0 0 0 0 0 0 
0.0136 0 0 0 0 0 0 0 0 0 0 0 0 0 0 0 0 0 
0.0078 0 0 0 0 0 0 0 0 0 0 0 0 0 0 0 0 0 
0.0028 0 0 0 0 0 0 0 0 0 0 0 0 0 0 0 0 0 
0.0014 0 0 0 0 0 0 0 0 0 0 0 0 0 0 0 0 0 
0 0 0 0 0 0 0 0 0 0 0 0 0 0 0 0 0 0 

1 0.999 0.9964 0.9852 0.9762 0.9658 0.9474 0.9234 0.8946 0.8624 0.8106 0.756 0.6912 0.6192 0.5308 0.4288 0.3114 0.1734 
0.8028 0.0106 0.0016 0.0008 0 0 0 0 0 0 0 0 0 0 0 0 0 0 
0.668 0.0018 0 0 0 0 0 0 0 0 0 0 0 0 0 0 0 0 
0.5678 0.0006 0 0 0 0 0 0 0 0 0 0 0 0 0 0 0 0 
0.4842 0 0 0 0 0 0 0 0 0 0 0 0 0 0 0 0 0 
0.397 0 0 0 0 0 0 0 0 0 0 0 0 0 0 0 0 0 
0.3172 0 0 0 0 0 0 0 0 0 0 0 0 0 0 0 0 0 
0.2632 0 0 0 0 0 0 0 0 0 0 0 0 0 0 0 0 0 
0.2002 0 0 0 0 0 0 0 0 0 0 0 0 0 0 0 0 0 
0.1474 0 0 0 0 0 0 0 0 0 0 0 0 0 0 0 0 0 
0.1046 0 0 0 0 0 0 0 0 0 0 0 0 0 0 0 0 0 
0.0678 0 0 0 0 0 0 0 0 0 0 0 0 0 0 0 0 0 
0.0486 0 0 0 0 0 0 0 0 0 0 0 0 0 0 0 0 0 
0.0262 0 0 0 0 0 0 0 0 0 0 0 0 0 0 0 0 0 
0.0126 0 0 0 0 0 0 0 0 0 0 0 0 0 0 0 0 0 
0.0046 0 0 0 0 0 0 0 0 0 0 0 0 0 0 0 0 0 
0.0006 0 0 0 0 0 0 0 0 0 0 0 0 0 0 0 0 0 
0 0 0 0 0 0 0 0 0 0 0 0 0 0 0 0 0 0 

1 0.999 0.9966 0.9912 0.9782 0.9702 0.952 0.9372 0.9144 0.8916 0.864 0.824 0.7842 0.7344 0.6734 0.5892 0.4804 0.3294 
0.6612 0 0 0 0 0 0 0 0 0 0 0 0 0 0 0 0 0 
0.5108 0 0 0 0 0 0 0 0 0 0 0 0 0 0 0 0 0 
0.4126 0 0 0 0 0 0 0 0 0 0 0 0 0 0 0 0 0 
0.3396 0 0 0 0 0 0 0 0 0 0 0 0 0 0 0 0 0 
0.2794 0 0 0 0 0 0 0 0 0 0 0 0 0 0 0 0 0 
0.2242 0 0 0 0 0 0 0 0 0 0 0 0 0 0 0 0 0 
0.1834 0 0 0 0 0 0 0 0 0 0 0 0 0 0 0 0 0 
0.1466 0 0 0 0 0 0 0 0 0 0 0 0 0 0 0 0 0 
0.1104 0 0 0 0 0 0 0 0 0 0 0 0 0 0 0 0 0 
0.084 0 0 0 0 0 0 0 0 0 0 0 0 0 0 0 0 0 
0.059 0 0 0 0 0 0 0 0 0 0 0 0 0 0 0 0 0 
0.0384 0 0 0 0 0 0 0 0 0 0 0 0 0 0 0 0 0 
0.0226 0 0 0 0 0 0 0 0 0 0 0 0 0 0 0 0 0 
0.0124 0 0 0 0 0 0 0 0 0 0 0 0 0 0 0 0 0 
0.005 0 0 0 0 0 0 0 0 0 0 0 0 0 0 0 0 0 
0.001 0 0 0 0 0 0 0 0 0 0 0 0 0 0 0 0 0 
0 0 0 0 0 0 0 0 0 0 0 0 0 0 0 0 0 0 

1 0.999 0.9966 0.987 0.9814 0.9684 0.9578 0.9392 0.9228 0.8968 0.8638 0.8304 0.7842 0.7338 0.6754 0.591 0.485 0.3372 
0.655 0 0 0 0 0 0 0 0 0 0 0 0 0 0 0 0 0 
0.506 0 0 0 0 0 0 0 0 0 0 0 0 0 0 0 0 0 
0.4166 0 0 0 0 0 0 0 0 0 0 0 0 0 0 0 0 0 
0.3328 0 0 0 0 0 0 0 0 0 0 0 0 0 0 0 0 0 
0.271 0 0 0 0 0 0 0 0 0 0 0 0 0 0 0 0 0 
0.2258 0 0 0 0 0 0 0 0 0 0 0 0 0 0 0 0 0 
0.1832 0 0 0 0 0 0 0 0 0 0 0 0 0 0 0 0 0 
0.1442 0 0 0 0 0 0 0 0 0 0 0 0 0 0 0 0 0 
0.1094 0 0 0 0 0 0 0 0 0 0 0 0 0 0 0 0 0 
0.0772 0 0 0 0 0 0 0 0 0 0 0 0 0 0 0 0 0 
0.0524 0 0 0 0 0 0 0 0 0 0 0 0 0 0 0 0 0 
0.0354 0 0 0 0 0 0 0 0 0 0 0 0 0 0 0 0 0 
0.0224 0 0 0 0 0 0 0 0 0 0 0 0 0 0 0 0 0 
0.0126 0 0 0 0 0 0 0 0 0 0 0 0 0 0 0 0 0 
0.0048 0 0 0 0 0 0 0 0 0 0 0 0 0 0 0 0 0 
0.0014 0 0 0 0 0 0 0 0 0 0 0 0 0 0 0 0 0 
0 0 0 0 0 0 0 0 0 0 0 0 0 0 0 0 0 0 

1 0.999 0.9984 0.9938 0.9876 0.9732 0.9714 0.9536 0.948 0.9284 0.911 0.8848 0.856 0.8166 0.7706 0.7108 0.6332 0.5054 
0.4906 0 0 0 0 0 0 0 0 0 0 0 0 0 0 0 0 0 
0.3664 0 0 0 0 0 0 0 0 0 0 0 0 0 0 0 0 0 
0.2942 0 0 0 0 0 0 0 0 0 0 0 0 0 0 0 0 0 
0.2362 0 0 0 0 0 0 0 0 0 0 0 0 0 0 0 0 0 
0.1908 0 0 0 0 0 0 0 0 0 0 0 0 0 0 0 0 0 
0.1512 0 0 0 0 0 0 0 0 0 0 0 0 0 0 0 0 0 
0.1198 0 0 0 0 0 0 0 0 0 0 0 0 0 0 0 0 0 
0.0946 0 0 0 0 0 0 0 0 0 0 0 0 0 0 0 0 0 
0.0712 0 0 0 0 0 0 0 0 0 0 0 0 0 0 0 0 0 
0.0534 0 0 0 0 0 0 0 0 0 0 0 0 0 0 0 0 0 
0.0358 0 0 0 0 0 0 0 0 0 0 0 0 0 0 0 0 0 
0.025 0 0 0 0 0 0 0 0 0 0 0 0 0 0 0 0 0 
0.0176 0 0 0 0 0 0 0 0 0 0 0 0 0 0 0 0 0 
0.0078 0 0 0 0 0 0 0 0 0 0 0 0 0 0 0 0 0 
0.003 0 0 0 0 0 0 0 0 0 0 0 0 0 0 0 0 0 
0.0006 0 0 0 0 0 0 0 0 0 0 0 0 0 0 0 0 0 
0 0 0 0 0 0 0 0 0 0 0 0 0 0 0 0 0 0 

1 0.9988 0.9972 0.991 0.9846 0.9754 0.9674 0.954 0.9346 0.9068 0.8836 0.8454 0.8008 0.7528 0.6898 0.6166 0.5138 0.3644 
0.622 0 0 0 0 0 0 0 0 0 0 0 0 0 0 0 0 0 
0.4828 0 0 0 0 0 0 0 0 0 0 0 0 0 0 0 0 0 
0.387 0 0 0 0 0 0 0 0 0 0 0 0 0 0 0 0 0 
0.3178 0 0 0 0 0 0 0 0 0 0 0 0 0 0 0 0 0 
0.2546 0 0 0 0 0 0 0 0 0 0 0 0 0 0 0 0 0 
0.2086 0 0 0 0 0 0 0 0 0 0 0 0 0 0 0 0 0 
0.1642 0 0 0 0 0 0 0 0 0 0 0 0 0 0 0 0 0 
0.1264 0 0 0 0 0 0 0 0 0 0 0 0 0 0 0 0 0 
0.0936 0 0 0 0 0 0 0 0 0 0 0 0 0 0 0 0 0 
0.0688 0 0 0 0 0 0 0 0 0 0 0 0 0 0 0 0 0 
0.0446 0 0 0 0 0 0 0 0 0 0 0 0 0 0 0 0 0 
0.0274 0 0 0 0 0 0 0 0 0 0 0 0 0 0 0 0 0 
0.0138 0 0 0 0 0 0 0 0 0 0 0 0 0 0 0 0 0 
0.0078 0 0 0 0 0 0 0 0 0 0 0 0 0 0 0 0 0 
0.0028 0 0 0 0 0 0 0 0 0 0 0 0 0 0 0 0 0 
0.0006 0 0 0 0 0 0 0 0 0 0 0 0 0 0 0 0 0 
0.0002 0 0 0 0 0 0 0 0 0 0 0 0 0 0 0 0 0 

1 0.9992 0.9974 0.9944 0.9896 0.9836 0.972 0.9616 0.9496 0.938 0.915 0.8906 0.8628 0.828 0.7858 0.7318 0.6532 0.5232 
0.4718 0 0 0 0 0 0 0 0 0 0 0 0 0 0 0 0 0 
0.3452 0 0 0 0 0 0 0 0 0 0 0 0 0 0 0 0 0 
0.2728 0 0 0 0 0 0 0 0 0 0 0 0 0 0 0 0 0 
0.2196 0 0 0 0 0 0 0 0 0 0 0 0 0 0 0 0 0 
0.1774 0 0 0 0 0 0 0 0 0 0 0 0 0 0 0 0 0 
0.1426 0 0 0 0 0 0 0 0 0 0 0 0 0 0 0 0 0 
0.114 0 0 0 0 0 0 0 0 0 0 0 0 0 0 0 0 0 
0.0898 0 0 0 0 0 0 0 0 0 0 0 0 0 0 0 0 0 
0.0664 0 0 0 0 0 0 0 0 0 0 0 0 0 0 0 0 0 
0.0492 0 0 0 0 0 0 0 0 0 0 0 0 0 0 0 0 0 
0.0348 0 0 0 0 0 0 0 0 0 0 0 0 0 0 0 0 0 
0.0208 0 0 0 0 0 0 0 0 0 0 0 0 0 0 0 0 0 
0.0112 0 0 0 0 0 0 0 0 0 0 0 0 0 0 0 0 0 
0.0054 0 0 0 0 0 0 0 0 0 0 0 0 0 0 0 0 0 
0.0028 0 0 0 0 0 0 0 0 0 0 0 0 0 0 0 0 0 
0.0004 0 0 0 0 0 0 0 0 0 0 0 0 0 0 0 0 0 
0 0 0 0 0 0 0 0 0 0 0 0 0 0 0 0 0 0 

1 0.9988 0.997 0.9938 0.9866 0.98 0.9692 0.9588 0.9414 0.927 0.9086 0.8784 0.8496 0.816 0.772 0.7212 0.649 0.5254 
0.4726 0 0 0 0 0 0 0 0 0 0 0 0 0 0 0 0 0 
0.3468 0 0 0 0 0 0 0 0 0 0 0 0 0 0 0 0 0 
0.282 0 0 0 0 0 0 0 0 0 0 0 0 0 0 0 0 0 
0.2292 0 0 0 0 0 0 0 0 0 0 0 0 0 0 0 0 0 
0.1856 0 0 0 0 0 0 0 0 0 0 0 0 0 0 0 0 0 
0.155 0 0 0 0 0 0 0 0 0 0 0 0 0 0 0 0 0 
0.1262 0 0 0 0 0 0 0 0 0 0 0 0 0 0 0 0 0 
0.1034 0 0 0 0 0 0 0 0 0 0 0 0 0 0 0 0 0 
0.077 0 0 0 0 0 0 0 0 0 0 0 0 0 0 0 0 0 
0.0552 0 0 0 0 0 0 0 0 0 0 0 0 0 0 0 0 0 
0.0414 0 0 0 0 0 0 0 0 0 0 0 0 0 0 0 0 0 
0.0254 0 0 0 0 0 0 0 0 0 0 0 0 0 0 0 0 0 
0.0162 0 0 0 0 0 0 0 0 0 0 0 0 0 0 0 0 0 
0.0072 0 0 0 0 0 0 0 0 0 0 0 0 0 0 0 0 0 
0.0026 0 0 0 0 0 0 0 0 0 0 0 0 0 0 0 0 0 
0.001 0 0 0 0 0 0 0 0 0 0 0 0 0 0 0 0 0 
0.0004 0 0 0 0 0 0 0 0 0 0 0 0 0 0 0 0 0 

1 0.9994 0.9986 0.9966 0.9914 0.985 0.9812 0.9728 0.963 0.9558 0.9418 0.9266 0.9084 0.8812 0.8524 0.8152 0.7676 0.6786 
0.3226 0 0 0 0 0 0 0 0 0 0 0 0 0 0 0 0 0 
0.2322 0 0 0 0 0 0 0 0 0 0 0 0 0 0 0 0 0 
0.1842 0 0 0 0 0 0 0 0 0 0 0 0 0 0 0 0 0 
0.145 0 0 0 0 0 0 0 0 0 0 0 0 0 0 0 0 0 
0.1222 0 0 0 0 0 0 0 0 0 0 0 0 0 0 0 0 0 
0.102 0 0 0 0 0 0 0 0 0 0 0 0 0 0 0 0 0 
0.0762 0 0 0 0 0 0 0 0 0 0 0 0 0 0 0 0 0 
0.0604 0 0 0 0 0 0 0 0 0 0 0 0 0 0 0 0 0 
0.044 0 0 0 0 0 0 0 0 0 0 0 0 0 0 0 0 0 
0.0356 0 0 0 0 0 0 0 0 0 0 0 0 0 0 0 0 0 
0.023 0 0 0 0 0 0 0 0 0 0 0 0 0 0 0 0 0 
0.0178 0 0 0 0 0 0 0 0 0 0 0 0 0 0 0 0 0 
0.0108 0 0 0 0 0 0 0 0 0 0 0 0 0 0 0 0 0 
0.0058 0 0 0 0 0 0 0 0 0 0 0 0 0 0 0 0 0 
0.0018 0 0 0 0 0 0 0 0 0 0 0 0 0 0 0 0 0 
0.0006 0 0 0 0 0 0 0 0 0 0 0 0 0 0 0 0 0 
0.0002 0 0 0 0 0 0 0 0 0 0 0 0 0 0 0 0 0 

