1 1 1 0.999519 0.937937 0.875488 0.737687 0.597287 0.386856 0.271737 0.1553 0.100944 0.0540625 0.0349 0.0183 0.0118 0.0049875 0.0028375 
0.996519 0.989262 0.923769 0.7834 0.414775 0.241062 0.100625 0.0466687 0.00601875 0.00075625 0.00041875 0.00015 3.75e-05 6.25e-06 1.25e-05 6.25e-06 6.25e-06 0 
0.945612 0.793769 0.398194 0.153237 0.00303125 0.0004875 8.125e-05 2.5e-05 0 0 0 0 0 0 0 0 0 0 
0.836537 0.4976 0.124037 0.0330063 3.75e-05 0 0 0 0 0 0 0 0 0 0 0 0 0 
0.60865 0.179356 0.0061375 0.0003375 0 0 0 0 0 0 0 0 0 0 0 0 0 0 
0.389044 0.043475 0.00036875 5e-05 0 0 0 0 0 0 0 0 0 0 0 0 0 0 
0.176375 0.00433125 6.25e-06 0 0 0 0 0 0 0 0 0 0 0 0 0 0 0 
0.078975 0.00039375 0 0 0 0 0 0 0 0 0 0 0 0 0 0 0 0 
0.0235375 8.125e-05 0 0 0 0 0 0 0 0 0 0 0 0 0 0 0 0 
0.0085625 0 0 0 0 0 0 0 0 0 0 0 0 0 0 0 0 0 
0.001225 0 0 0 0 0 0 0 0 0 0 0 0 0 0 0 0 0 
0.0003 0 0 0 0 0 0 0 0 0 0 0 0 0 0 0 0 0 
0 0 0 0 0 0 0 0 0 0 0 0 0 0 0 0 0 0 
0 0 0 0 0 0 0 0 0 0 0 0 0 0 0 0 0 0 
0 0 0 0 0 0 0 0 0 0 0 0 0 0 0 0 0 0 
0 0 0 0 0 0 0 0 0 0 0 0 0 0 0 0 0 0 
0 0 0 0 0 0 0 0 0 0 0 0 0 0 0 0 0 0 
0 0 0 0 0 0 0 0 0 0 0 0 0 0 0 0 0 0 

1 1 0.995613 0.986088 0.909025 0.853475 0.747612 0.643925 0.479425 0.375162 0.255937 0.188075 0.1226 0.089025 0.0543875 0.0380125 0.020525 0.012925 
0.979237 0.940412 0.851038 0.732725 0.41605 0.267687 0.13235 0.071125 0.0145375 0.0038375 0.00165 0.0007 0.0004375 7.5e-05 2.5e-05 1.25e-05 7.5e-05 0 
0.860525 0.6772 0.353962 0.15355 0.007325 0.0023625 0.0006125 0.0002 1.25e-05 1.25e-05 0 0 0 0 0 0 0 0 
0.720412 0.419362 0.125537 0.0392625 0.0004375 5e-05 1.25e-05 1.25e-05 0 0 0 0 0 0 0 0 0 0 
0.507362 0.168675 0.0128375 0.0025 3.75e-05 1.25e-05 0 0 0 0 0 0 0 0 0 0 0 0 
0.341187 0.056575 0.002875 0.0007375 0 0 0 0 0 0 0 0 0 0 0 0 0 0 
0.179325 0.0123 0.0004125 7.5e-05 0 0 0 0 0 0 0 0 0 0 0 0 0 0 
0.098125 0.0032125 7.5e-05 3.75e-05 0 0 0 0 0 0 0 0 0 0 0 0 0 0 
0.0409625 0.0007625 3.75e-05 0 0 0 0 0 0 0 0 0 0 0 0 0 0 0 
0.018275 8.75e-05 1.25e-05 0 0 0 0 0 0 0 0 0 0 0 0 0 0 0 
0.005475 1.25e-05 0 0 0 0 0 0 0 0 0 0 0 0 0 0 0 0 
0.0023875 3.75e-05 0 0 0 0 0 0 0 0 0 0 0 0 0 0 0 0 
0.00065 3.75e-05 0 0 0 0 0 0 0 0 0 0 0 0 0 0 0 0 
0.0001875 1.25e-05 0 0 0 0 0 0 0 0 0 0 0 0 0 0 0 0 
3.75e-05 0 0 0 0 0 0 0 0 0 0 0 0 0 0 0 0 0 
2.5e-05 0 0 0 0 0 0 0 0 0 0 0 0 0 0 0 0 0 
0 0 0 0 0 0 0 0 0 0 0 0 0 0 0 0 0 0 
0 0 0 0 0 0 0 0 0 0 0 0 0 0 0 0 0 0 

1 0.999475 0.998425 0.9943 0.987837 0.977762 0.964037 0.942275 0.912262 0.869762 0.815325 0.7491 0.670738 0.584625 0.492775 0.395475 0.29135 0.181837 
0.799175 0.114512 0.0416 0.018625 0.009925 0.0048875 0.002475 0.001 0.0003625 2.5e-05 3.75e-05 0 0 0 0 0 0 0 
0.6801 0.0359875 0.0054375 0.0008875 0.0001 0 0 0 0 0 0 0 0 0 0 0 0 0 
0.5781 0.0151875 0.00125 6.25e-05 0 0 0 0 0 0 0 0 0 0 0 0 0 0 
0.485862 0.00615 0.0001375 0 0 0 0 0 0 0 0 0 0 0 0 0 0 0 
0.396 0.002575 0 0 0 0 0 0 0 0 0 0 0 0 0 0 0 0 
0.311612 0.0008875 0 0 0 0 0 0 0 0 0 0 0 0 0 0 0 0 
0.235512 0.0002625 0 0 0 0 0 0 0 0 0 0 0 0 0 0 0 0 
0.16865 1.25e-05 0 0 0 0 0 0 0 0 0 0 0 0 0 0 0 0 
0.113425 0 0 0 0 0 0 0 0 0 0 0 0 0 0 0 0 0 
0.069825 0 0 0 0 0 0 0 0 0 0 0 0 0 0 0 0 0 
0.039325 0 0 0 0 0 0 0 0 0 0 0 0 0 0 0 0 0 
0.020075 0 0 0 0 0 0 0 0 0 0 0 0 0 0 0 0 0 
0.0086125 0 0 0 0 0 0 0 0 0 0 0 0 0 0 0 0 0 
0.0032125 0 0 0 0 0 0 0 0 0 0 0 0 0 0 0 0 0 
0.000675 0 0 0 0 0 0 0 0 0 0 0 0 0 0 0 0 0 
8.75e-05 0 0 0 0 0 0 0 0 0 0 0 0 0 0 0 0 0 
0 0 0 0 0 0 0 0 0 0 0 0 0 0 0 0 0 0 

1 0.9995 0.994475 0.984875 0.89905 0.8456 0.743675 0.6442 0.485075 0.389 0.274775 0.208975 0.142 0.107575 0.069675 0.051175 0.03015 0.020875 
0.96975 0.93255 0.84845 0.745075 0.42805 0.283225 0.1451 0.08015 0.0168 0.004575 0.002225 0.001075 0.0004 0.000225 0.00015 5e-05 2.5e-05 0 
0.83125 0.66325 0.361925 0.168625 0.009075 0.003275 0.001175 0.00045 2.5e-05 0 0 0 0 0 0 0 0 0 
0.680775 0.41075 0.1326 0.045 0.00065 0.000175 0 0 0 0 0 0 0 0 0 0 0 0 
0.46135 0.169875 0.014775 0.003075 5e-05 2.5e-05 0 0 0 0 0 0 0 0 0 0 0 0 
0.305425 0.058325 0.0031 0.00065 0 0 0 0 0 0 0 0 0 0 0 0 0 0 
0.1559 0.014175 0.0006 0.00015 0 0 0 0 0 0 0 0 0 0 0 0 0 0 
0.088075 0.00415 7.5e-05 5e-05 0 0 0 0 0 0 0 0 0 0 0 0 0 0 
0.03585 0.000875 2.5e-05 0 0 0 0 0 0 0 0 0 0 0 0 0 0 0 
0.0171 0.0003 2.5e-05 0 0 0 0 0 0 0 0 0 0 0 0 0 0 0 
0.00515 0.0001 0 0 0 0 0 0 0 0 0 0 0 0 0 0 0 0 
0.00225 7.5e-05 0 0 0 0 0 0 0 0 0 0 0 0 0 0 0 0 
0.0006 2.5e-05 0 0 0 0 0 0 0 0 0 0 0 0 0 0 0 0 
0.000125 0 0 0 0 0 0 0 0 0 0 0 0 0 0 0 0 0 
0.0001 2.5e-05 0 0 0 0 0 0 0 0 0 0 0 0 0 0 0 0 
0 0 0 0 0 0 0 0 0 0 0 0 0 0 0 0 0 0 
2.5e-05 0 0 0 0 0 0 0 0 0 0 0 0 0 0 0 0 0 
0 0 0 0 0 0 0 0 0 0 0 0 0 0 0 0 0 0 

1 0.998725 0.995875 0.983675 0.9645 0.9362 0.902025 0.855175 0.79985 0.736275 0.6685 0.5977 0.5237 0.451475 0.37615 0.300975 0.2249 0.1494 
0.825925 0.539625 0.357625 0.2235 0.134 0.07595 0.040225 0.017925 0.006225 0.00155 0.000325 0.000125 0 2.5e-05 0 0 0 0 
0.668375 0.26965 0.10395 0.0279 0.005175 0.00055 2.5e-05 2.5e-05 0 0 0 0 0 0 0 0 0 0 
0.540725 0.142525 0.033525 0.003075 0.00015 0 0 0 0 0 0 0 0 0 0 0 0 0 
0.422225 0.0671 0.007225 7.5e-05 0 0 0 0 0 0 0 0 0 0 0 0 0 0 
0.321325 0.028025 0.0012 0 0 0 0 0 0 0 0 0 0 0 0 0 0 0 
0.231675 0.00945 0.0001 0 0 0 0 0 0 0 0 0 0 0 0 0 0 0 
0.1621 0.0023 0 0 0 0 0 0 0 0 0 0 0 0 0 0 0 0 
0.10855 0.000375 0 0 0 0 0 0 0 0 0 0 0 0 0 0 0 0 
0.0695 0.000125 0 0 0 0 0 0 0 0 0 0 0 0 0 0 0 0 
0.0422 2.5e-05 0 0 0 0 0 0 0 0 0 0 0 0 0 0 0 0 
0.023125 0 0 0 0 0 0 0 0 0 0 0 0 0 0 0 0 0 
0.011825 0 0 0 0 0 0 0 0 0 0 0 0 0 0 0 0 0 
0.0051 0 0 0 0 0 0 0 0 0 0 0 0 0 0 0 0 0 
0.001975 0 0 0 0 0 0 0 0 0 0 0 0 0 0 0 0 0 
0.00055 0 0 0 0 0 0 0 0 0 0 0 0 0 0 0 0 0 
7.5e-05 0 0 0 0 0 0 0 0 0 0 0 0 0 0 0 0 0 
0 0 0 0 0 0 0 0 0 0 0 0 0 0 0 0 0 0 

1 0.99865 0.997325 0.990975 0.982125 0.969075 0.9508 0.9237 0.88615 0.836625 0.7776 0.706075 0.62435 0.53555 0.440225 0.343825 0.2425 0.1427 
0.83375 0.222425 0.095125 0.044925 0.02415 0.013175 0.0062 0.00295 0.00095 0.000175 0.0001 2.5e-05 0 0 0 0 0 0 
0.711725 0.079225 0.0136 0.001925 0.000325 0 2.5e-05 0 0 0 0 0 0 0 0 0 0 0 
0.605675 0.03605 0.003575 0.000125 0 0 0 0 0 0 0 0 0 0 0 0 0 0 
0.5031 0.016 0.00055 0 0 0 0 0 0 0 0 0 0 0 0 0 0 0 
0.410325 0.0063 0 0 0 0 0 0 0 0 0 0 0 0 0 0 0 0 
0.321025 0.0019 0 0 0 0 0 0 0 0 0 0 0 0 0 0 0 0 
0.242975 0.0007 0 0 0 0 0 0 0 0 0 0 0 0 0 0 0 0 
0.1771 0.000125 0 0 0 0 0 0 0 0 0 0 0 0 0 0 0 0 
0.119625 0 0 0 0 0 0 0 0 0 0 0 0 0 0 0 0 0 
0.0759 0 0 0 0 0 0 0 0 0 0 0 0 0 0 0 0 0 
0.04345 0 0 0 0 0 0 0 0 0 0 0 0 0 0 0 0 0 
0.022125 0 0 0 0 0 0 0 0 0 0 0 0 0 0 0 0 0 
0.009725 0 0 0 0 0 0 0 0 0 0 0 0 0 0 0 0 0 
0.00345 0 0 0 0 0 0 0 0 0 0 0 0 0 0 0 0 0 
0.00105 0 0 0 0 0 0 0 0 0 0 0 0 0 0 0 0 0 
0.000125 0 0 0 0 0 0 0 0 0 0 0 0 0 0 0 0 0 
0 0 0 0 0 0 0 0 0 0 0 0 0 0 0 0 0 0 

1 0.999475 0.99915 0.995475 0.991525 0.9848 0.974625 0.9599 0.939825 0.9128 0.878625 0.83535 0.7838 0.722675 0.652875 0.5726 0.473225 0.331925 
0.66165 0.0004 5e-05 0 0 0 0 0 0 0 0 0 0 0 0 0 0 0 
0.52095 0 0 0 0 0 0 0 0 0 0 0 0 0 0 0 0 0 
0.42785 0 0 0 0 0 0 0 0 0 0 0 0 0 0 0 0 0 
0.350425 0 0 0 0 0 0 0 0 0 0 0 0 0 0 0 0 0 
0.283225 0 0 0 0 0 0 0 0 0 0 0 0 0 0 0 0 0 
0.222125 0 0 0 0 0 0 0 0 0 0 0 0 0 0 0 0 0 
0.1717 0 0 0 0 0 0 0 0 0 0 0 0 0 0 0 0 0 
0.12755 0 0 0 0 0 0 0 0 0 0 0 0 0 0 0 0 0 
0.09095 0 0 0 0 0 0 0 0 0 0 0 0 0 0 0 0 0 
0.0608 0 0 0 0 0 0 0 0 0 0 0 0 0 0 0 0 0 
0.037175 0 0 0 0 0 0 0 0 0 0 0 0 0 0 0 0 0 
0.0208 0 0 0 0 0 0 0 0 0 0 0 0 0 0 0 0 0 
0.010075 0 0 0 0 0 0 0 0 0 0 0 0 0 0 0 0 0 
0.0042 0 0 0 0 0 0 0 0 0 0 0 0 0 0 0 0 0 
0.0012 0 0 0 0 0 0 0 0 0 0 0 0 0 0 0 0 0 
0.000225 0 0 0 0 0 0 0 0 0 0 0 0 0 0 0 0 0 
0 0 0 0 0 0 0 0 0 0 0 0 0 0 0 0 0 0 

1 0.9957 0.98745 0.9756 0.88485 0.8364 0.74335 0.65455 0.49715 0.4087 0.29575 0.23185 0.1648 0.1259 0.08675 0.065 0.0391 0.0274 
0.9456 0.9089 0.8313 0.73985 0.4409 0.2978 0.15905 0.09145 0.02435 0.0065 0.00415 0.00205 0.00145 0.0004 0.00025 0.0001 0.00015 0 
0.7819 0.6324 0.36145 0.1763 0.0147 0.0067 0.0019 0.00115 5e-05 0 0 0 0 0 0 0 0 0 
0.63495 0.40145 0.14225 0.04925 0.0014 0.0005 0.0001 0 0 0 0 0 0 0 0 0 0 0 
0.42555 0.17095 0.0219 0.00585 0.00015 0.0001 0 0 0 0 0 0 0 0 0 0 0 0 
0.28755 0.0653 0.0061 0.0015 5e-05 0 0 0 0 0 0 0 0 0 0 0 0 0 
0.14915 0.01845 0.00165 0.0004 0 0 0 0 0 0 0 0 0 0 0 0 0 0 
0.08565 0.00585 0.00035 5e-05 0 0 0 0 0 0 0 0 0 0 0 0 0 0 
0.0391 0.00225 0.0002 0.00015 0 0 0 0 0 0 0 0 0 0 0 0 0 0 
0.01875 0.00035 5e-05 0 0 0 0 0 0 0 0 0 0 0 0 0 0 0 
0.0064 0.00025 0 0 0 0 0 0 0 0 0 0 0 0 0 0 0 0 
0.0029 0.0002 5e-05 0 0 0 0 0 0 0 0 0 0 0 0 0 0 0 
0.0009 0 0 0 0 0 0 0 0 0 0 0 0 0 0 0 0 0 
0.0004 5e-05 0 0 0 0 0 0 0 0 0 0 0 0 0 0 0 0 
0.0002 0 0 0 0 0 0 0 0 0 0 0 0 0 0 0 0 0 
0.0002 0 0 0 0 0 0 0 0 0 0 0 0 0 0 0 0 0 
5e-05 0 0 0 0 0 0 0 0 0 0 0 0 0 0 0 0 0 
0 0 0 0 0 0 0 0 0 0 0 0 0 0 0 0 0 0 

1 0.99675 0.9922 0.96615 0.92585 0.86525 0.78665 0.69615 0.5952 0.4972 0.406 0.3318 0.2661 0.2118 0.16185 0.1206 0.08145 0.05 
0.91495 0.81075 0.6791 0.48875 0.3077 0.17365 0.0858 0.04045 0.01295 0.0028 0.001 0.0004 0 0 0 0 0 0 
0.7837 0.54935 0.31405 0.1083 0.0232 0.00355 0.00025 0 0 0 0 0 0 0 0 0 0 0 
0.647 0.33395 0.11935 0.01535 0.0012 0.00015 0 0 0 0 0 0 0 0 0 0 0 0 
0.49165 0.16345 0.0294 0.00095 0.0001 0 0 0 0 0 0 0 0 0 0 0 0 0 
0.3466 0.0629 0.0057 0.00015 0 0 0 0 0 0 0 0 0 0 0 0 0 0 
0.22385 0.0188 0.00045 0 0 0 0 0 0 0 0 0 0 0 0 0 0 0 
0.13305 0.0043 5e-05 0 0 0 0 0 0 0 0 0 0 0 0 0 0 0 
0.0742 0.00085 0 0 0 0 0 0 0 0 0 0 0 0 0 0 0 0 
0.0394 0.00015 0 0 0 0 0 0 0 0 0 0 0 0 0 0 0 0 
0.02 0 0 0 0 0 0 0 0 0 0 0 0 0 0 0 0 0 
0.0091 0 0 0 0 0 0 0 0 0 0 0 0 0 0 0 0 0 
0.0045 0 0 0 0 0 0 0 0 0 0 0 0 0 0 0 0 0 
0.00115 0 0 0 0 0 0 0 0 0 0 0 0 0 0 0 0 0 
0.00045 0 0 0 0 0 0 0 0 0 0 0 0 0 0 0 0 0 
0.0001 0 0 0 0 0 0 0 0 0 0 0 0 0 0 0 0 0 
0 0 0 0 0 0 0 0 0 0 0 0 0 0 0 0 0 0 
0 0 0 0 0 0 0 0 0 0 0 0 0 0 0 0 0 0 

1 0.9974 0.993 0.9754 0.94265 0.9039 0.85195 0.7877 0.7144 0.63315 0.5535 0.4738 0.3996 0.3295 0.2658 0.2035 0.1457 0.09635 
0.8723 0.71165 0.5497 0.37855 0.2358 0.14155 0.076 0.0366 0.0121 0.0036 0.0013 0.0002 0.0001 0 0 0 0 0 
0.70815 0.4073 0.1889 0.05745 0.0103 0.00245 5e-05 0 0 0 0 0 0 0 0 0 0 0 
0.56955 0.23005 0.064 0.00815 0.0004 0.0001 0 0 0 0 0 0 0 0 0 0 0 0 
0.4267 0.1063 0.01645 0.0005 0 0 0 0 0 0 0 0 0 0 0 0 0 0 
0.31125 0.04555 0.0029 0.00015 0 0 0 0 0 0 0 0 0 0 0 0 0 0 
0.211 0.0142 0.00035 0 0 0 0 0 0 0 0 0 0 0 0 0 0 0 
0.1383 0.00425 5e-05 0 0 0 0 0 0 0 0 0 0 0 0 0 0 0 
0.08475 0.0008 0 0 0 0 0 0 0 0 0 0 0 0 0 0 0 0 
0.0498 0.00015 0 0 0 0 0 0 0 0 0 0 0 0 0 0 0 0 
0.0272 0 0 0 0 0 0 0 0 0 0 0 0 0 0 0 0 0 
0.01445 5e-05 0 0 0 0 0 0 0 0 0 0 0 0 0 0 0 0 
0.007 0 0 0 0 0 0 0 0 0 0 0 0 0 0 0 0 0 
0.0028 0 0 0 0 0 0 0 0 0 0 0 0 0 0 0 0 0 
0.00085 0 0 0 0 0 0 0 0 0 0 0 0 0 0 0 0 0 
0.0005 0 0 0 0 0 0 0 0 0 0 0 0 0 0 0 0 0 
0.0001 0 0 0 0 0 0 0 0 0 0 0 0 0 0 0 0 0 
0 0 0 0 0 0 0 0 0 0 0 0 0 0 0 0 0 0 

1 0.9987 0.99605 0.9915 0.9821 0.97095 0.95975 0.9443 0.9234 0.8959 0.8609 0.82245 0.7755 0.7229 0.6562 0.579 0.4778 0.352 
0.63325 0.0976 0.04425 0.02145 0.0118 0.0062 0.00335 0.0015 0.00035 0.0002 0 0 0 0 0 0 0 0 
0.4961 0.03185 0.0066 0.00125 0.00015 5e-05 5e-05 0 0 0 0 0 0 0 0 0 0 0 
0.4 0.01425 0.0014 5e-05 0 0 0 0 0 0 0 0 0 0 0 0 0 0 
0.3221 0.0057 0.00035 0 0 0 0 0 0 0 0 0 0 0 0 0 0 0 
0.25895 0.0022 5e-05 0 0 0 0 0 0 0 0 0 0 0 0 0 0 0 
0.20655 0.0009 0 0 0 0 0 0 0 0 0 0 0 0 0 0 0 0 
0.1617 0.00025 0 0 0 0 0 0 0 0 0 0 0 0 0 0 0 0 
0.1218 0 0 0 0 0 0 0 0 0 0 0 0 0 0 0 0 0 
0.0882 0 0 0 0 0 0 0 0 0 0 0 0 0 0 0 0 0 
0.0606 0 0 0 0 0 0 0 0 0 0 0 0 0 0 0 0 0 
0.04075 0 0 0 0 0 0 0 0 0 0 0 0 0 0 0 0 0 
0.0263 0 0 0 0 0 0 0 0 0 0 0 0 0 0 0 0 0 
0.0138 0 0 0 0 0 0 0 0 0 0 0 0 0 0 0 0 0 
0.0064 0 0 0 0 0 0 0 0 0 0 0 0 0 0 0 0 0 
0.002 0 0 0 0 0 0 0 0 0 0 0 0 0 0 0 0 0 
0.00025 0 0 0 0 0 0 0 0 0 0 0 0 0 0 0 0 0 
5e-05 0 0 0 0 0 0 0 0 0 0 0 0 0 0 0 0 0 

1 0.99775 0.9953 0.98345 0.9705 0.94875 0.92325 0.88485 0.8401 0.7789 0.71365 0.6362 0.5496 0.46325 0.37325 0.2824 0.1894 0.1094 
0.8621 0.3865 0.2008 0.10655 0.0584 0.0333 0.0178 0.0078 0.0031 0.0006 0.00015 5e-05 0 0 0 0 0 0 
0.7323 0.16095 0.03625 0.00695 0.00085 0.0001 0 0 0 0 0 0 0 0 0 0 0 0 
0.62205 0.07785 0.0083 0.00045 5e-05 0 0 0 0 0 0 0 0 0 0 0 0 0 
0.51785 0.0334 0.0011 5e-05 0 0 0 0 0 0 0 0 0 0 0 0 0 0 
0.41745 0.01445 0.0002 0 0 0 0 0 0 0 0 0 0 0 0 0 0 0 
0.3278 0.00495 5e-05 0 0 0 0 0 0 0 0 0 0 0 0 0 0 0 
0.25 0.00105 0 0 0 0 0 0 0 0 0 0 0 0 0 0 0 0 
0.17605 0.00025 0 0 0 0 0 0 0 0 0 0 0 0 0 0 0 0 
0.1229 5e-05 0 0 0 0 0 0 0 0 0 0 0 0 0 0 0 0 
0.079 0 0 0 0 0 0 0 0 0 0 0 0 0 0 0 0 0 
0.04715 0 0 0 0 0 0 0 0 0 0 0 0 0 0 0 0 0 
0.02565 0 0 0 0 0 0 0 0 0 0 0 0 0 0 0 0 0 
0.0118 0 0 0 0 0 0 0 0 0 0 0 0 0 0 0 0 0 
0.00435 0 0 0 0 0 0 0 0 0 0 0 0 0 0 0 0 0 
0.00085 0 0 0 0 0 0 0 0 0 0 0 0 0 0 0 0 0 
0.0003 0 0 0 0 0 0 0 0 0 0 0 0 0 0 0 0 0 
5e-05 0 0 0 0 0 0 0 0 0 0 0 0 0 0 0 0 0 

1 0.9988 0.99655 0.9897 0.97995 0.97125 0.95685 0.9388 0.91675 0.8887 0.85475 0.81105 0.75685 0.69465 0.6213 0.53355 0.42865 0.2731 
0.7125 0.0032 0.00045 0.0001 5e-05 0 5e-05 0 0 0 0 0 0 0 0 0 0 0 
0.56485 0.00015 0 0 0 0 0 0 0 0 0 0 0 0 0 0 0 0 
0.46705 0 0 0 0 0 0 0 0 0 0 0 0 0 0 0 0 0 
0.38515 0 0 0 0 0 0 0 0 0 0 0 0 0 0 0 0 0 
0.3182 0 0 0 0 0 0 0 0 0 0 0 0 0 0 0 0 0 
0.2574 0 0 0 0 0 0 0 0 0 0 0 0 0 0 0 0 0 
0.20215 0 0 0 0 0 0 0 0 0 0 0 0 0 0 0 0 0 
0.15375 0 0 0 0 0 0 0 0 0 0 0 0 0 0 0 0 0 
0.11485 0 0 0 0 0 0 0 0 0 0 0 0 0 0 0 0 0 
0.0829 0 0 0 0 0 0 0 0 0 0 0 0 0 0 0 0 0 
0.05555 0 0 0 0 0 0 0 0 0 0 0 0 0 0 0 0 0 
0.0347 0 0 0 0 0 0 0 0 0 0 0 0 0 0 0 0 0 
0.02015 0 0 0 0 0 0 0 0 0 0 0 0 0 0 0 0 0 
0.01055 0 0 0 0 0 0 0 0 0 0 0 0 0 0 0 0 0 
0.0039 0 0 0 0 0 0 0 0 0 0 0 0 0 0 0 0 0 
0.00095 0 0 0 0 0 0 0 0 0 0 0 0 0 0 0 0 0 
0.00015 0 0 0 0 0 0 0 0 0 0 0 0 0 0 0 0 0 

1 0.99865 0.9971 0.9896 0.98325 0.97025 0.95775 0.9431 0.9188 0.8894 0.8508 0.80695 0.7523 0.68575 0.6084 0.5192 0.4098 0.26675 
0.7178 0.0012 0.0001 0 0 0 0 0 0 0 0 0 0 0 0 0 0 0 
0.58085 0 0 0 0 0 0 0 0 0 0 0 0 0 0 0 0 0 
0.48085 0 0 0 0 0 0 0 0 0 0 0 0 0 0 0 0 0 
0.3983 0 0 0 0 0 0 0 0 0 0 0 0 0 0 0 0 0 
0.33015 0 0 0 0 0 0 0 0 0 0 0 0 0 0 0 0 0 
0.263 0 0 0 0 0 0 0 0 0 0 0 0 0 0 0 0 0 
0.20475 0 0 0 0 0 0 0 0 0 0 0 0 0 0 0 0 0 
0.1565 0 0 0 0 0 0 0 0 0 0 0 0 0 0 0 0 0 
0.1165 0 0 0 0 0 0 0 0 0 0 0 0 0 0 0 0 0 
0.08225 0 0 0 0 0 0 0 0 0 0 0 0 0 0 0 0 0 
0.0546 0 0 0 0 0 0 0 0 0 0 0 0 0 0 0 0 0 
0.0351 0 0 0 0 0 0 0 0 0 0 0 0 0 0 0 0 0 
0.01875 0 0 0 0 0 0 0 0 0 0 0 0 0 0 0 0 0 
0.0079 0 0 0 0 0 0 0 0 0 0 0 0 0 0 0 0 0 
0.0027 0 0 0 0 0 0 0 0 0 0 0 0 0 0 0 0 0 
0.00085 0 0 0 0 0 0 0 0 0 0 0 0 0 0 0 0 0 
0 0 0 0 0 0 0 0 0 0 0 0 0 0 0 0 0 0 

1 0.9987 0.99735 0.9922 0.9876 0.9793 0.9695 0.9589 0.9457 0.92745 0.9043 0.87695 0.8432 0.8064 0.7525 0.68715 0.60615 0.47645 
0.5158 0 0 0 0 0 0 0 0 0 0 0 0 0 0 0 0 0 
0.3914 0 0 0 0 0 0 0 0 0 0 0 0 0 0 0 0 0 
0.31515 0 0 0 0 0 0 0 0 0 0 0 0 0 0 0 0 0 
0.25685 0 0 0 0 0 0 0 0 0 0 0 0 0 0 0 0 0 
0.2039 0 0 0 0 0 0 0 0 0 0 0 0 0 0 0 0 0 
0.1651 0 0 0 0 0 0 0 0 0 0 0 0 0 0 0 0 0 
0.1301 0 0 0 0 0 0 0 0 0 0 0 0 0 0 0 0 0 
0.09735 0 0 0 0 0 0 0 0 0 0 0 0 0 0 0 0 0 
0.0742 0 0 0 0 0 0 0 0 0 0 0 0 0 0 0 0 0 
0.05445 0 0 0 0 0 0 0 0 0 0 0 0 0 0 0 0 0 
0.0381 0 0 0 0 0 0 0 0 0 0 0 0 0 0 0 0 0 
0.02305 0 0 0 0 0 0 0 0 0 0 0 0 0 0 0 0 0 
0.01415 0 0 0 0 0 0 0 0 0 0 0 0 0 0 0 0 0 
0.00685 0 0 0 0 0 0 0 0 0 0 0 0 0 0 0 0 0 
0.00295 0 0 0 0 0 0 0 0 0 0 0 0 0 0 0 0 0 
0.00075 0 0 0 0 0 0 0 0 0 0 0 0 0 0 0 0 0 
5e-05 0 0 0 0 0 0 0 0 0 0 0 0 0 0 0 0 0 

1 0.9966 0.9871 0.976 0.8824 0.8362 0.744 0.6532 0.4996 0.4051 0.295 0.2306 0.1653 0.1308 0.087 0.0664 0.0432 0.0325 
0.9395 0.9037 0.8326 0.7402 0.4383 0.2993 0.1755 0.1032 0.0269 0.0075 0.004 0.002 0.0008 0.0008 0.0002 0.0002 0 0 
0.7714 0.6288 0.3643 0.1825 0.0157 0.0067 0.0021 0.0009 0.0001 0 0 0 0 0 0 0 0 0 
0.6227 0.4005 0.1454 0.0502 0.0022 0.0007 0.0001 0 0 0 0 0 0 0 0 0 0 0 
0.4202 0.1766 0.0215 0.0065 0.0001 0 0 0 0 0 0 0 0 0 0 0 0 0 
0.2782 0.064 0.0063 0.0013 0 0 0 0 0 0 0 0 0 0 0 0 0 0 
0.1472 0.0166 0.0013 0.0004 0 0 0 0 0 0 0 0 0 0 0 0 0 0 
0.0822 0.006 0.0005 0.0001 0 0 0 0 0 0 0 0 0 0 0 0 0 0 
0.0368 0.0021 0.0002 0.0001 0 0 0 0 0 0 0 0 0 0 0 0 0 0 
0.0176 0.0007 0.0002 0 0 0 0 0 0 0 0 0 0 0 0 0 0 0 
0.0067 0.0007 0 0 0 0 0 0 0 0 0 0 0 0 0 0 0 0 
0.0036 0.0002 0 0 0 0 0 0 0 0 0 0 0 0 0 0 0 0 
0.0011 0 0 0 0 0 0 0 0 0 0 0 0 0 0 0 0 0 
0.0007 0.0002 0 0 0 0 0 0 0 0 0 0 0 0 0 0 0 0 
0.0001 0 0 0 0 0 0 0 0 0 0 0 0 0 0 0 0 0 
0 0 0 0 0 0 0 0 0 0 0 0 0 0 0 0 0 0 
0 0 0 0 0 0 0 0 0 0 0 0 0 0 0 0 0 0 
0 0 0 0 0 0 0 0 0 0 0 0 0 0 0 0 0 0 

1 0.997 0.9891 0.9571 0.8851 0.7654 0.6027 0.4524 0.3293 0.2371 0.1685 0.1206 0.0853 0.0596 0.0385 0.026 0.0156 0.0085 
0.9593 0.9173 0.8535 0.6792 0.4308 0.2201 0.0875 0.0281 0.0066 0.0015 0.0002 0.0001 0 0 0 0 0 0 
0.8821 0.7598 0.5746 0.267 0.0735 0.0131 0.0013 0.0002 0.0001 0 0 0 0 0 0 0 0 0 
0.779 0.539 0.2796 0.0578 0.0054 0.0006 0 0 0.0001 0 0 0 0 0 0 0 0 0 
0.592 0.2835 0.0807 0.0058 0.0007 0 0 0 0 0 0 0 0 0 0 0 0 0 
0.3695 0.0942 0.0109 0.0001 0.0001 0 0 0 0 0 0 0 0 0 0 0 0 0 
0.1957 0.0229 0.0013 0 0 0 0 0 0 0 0 0 0 0 0 0 0 0 
0.0947 0.0042 0.0002 0.0001 0 0 0 0 0 0 0 0 0 0 0 0 0 0 
0.0448 0.0005 0 0 0 0 0 0 0 0 0 0 0 0 0 0 0 0 
0.0199 0.0001 0 0 0 0 0 0 0 0 0 0 0 0 0 0 0 0 
0.011 0 0 0 0 0 0 0 0 0 0 0 0 0 0 0 0 0 
0.0065 0 0 0 0 0 0 0 0 0 0 0 0 0 0 0 0 0 
0.0029 0 0 0 0 0 0 0 0 0 0 0 0 0 0 0 0 0 
0.0016 0 0 0 0 0 0 0 0 0 0 0 0 0 0 0 0 0 
0.0006 0 0 0 0 0 0 0 0 0 0 0 0 0 0 0 0 0 
0.0002 0 0 0 0 0 0 0 0 0 0 0 0 0 0 0 0 0 
0.0001 0 0 0 0 0 0 0 0 0 0 0 0 0 0 0 0 0 
0 0 0 0 0 0 0 0 0 0 0 0 0 0 0 0 0 0 

1 0.9962 0.9905 0.9598 0.9081 0.8461 0.7609 0.6665 0.5551 0.4511 0.3502 0.278 0.2102 0.16 0.1179 0.0841 0.0573 0.0344 
0.9334 0.8644 0.7612 0.5832 0.3834 0.2368 0.1212 0.0576 0.0188 0.0056 0.0019 0.0005 0.0001 0 0 0 0 0 
0.7862 0.5984 0.349 0.126 0.0223 0.006 0.0007 0.0001 0 0 0 0 0 0 0 0 0 0 
0.6388 0.3685 0.1378 0.0221 0.0014 0.0003 0 0 0 0 0 0 0 0 0 0 0 0 
0.4648 0.1751 0.0344 0.0016 0.0001 0 0 0 0 0 0 0 0 0 0 0 0 0 
0.3253 0.0734 0.0079 0.0006 0 0 0 0 0 0 0 0 0 0 0 0 0 0 
0.2026 0.024 0.001 0 0 0 0 0 0 0 0 0 0 0 0 0 0 0 
0.1172 0.0055 0.0003 0 0 0 0 0 0 0 0 0 0 0 0 0 0 0 
0.0604 0.0007 0.0001 0 0 0 0 0 0 0 0 0 0 0 0 0 0 0 
0.03 0 0 0 0 0 0 0 0 0 0 0 0 0 0 0 0 0 
0.0139 0.0001 0 0 0 0 0 0 0 0 0 0 0 0 0 0 0 0 
0.0055 0 0 0 0 0 0 0 0 0 0 0 0 0 0 0 0 0 
0.0025 0 0 0 0 0 0 0 0 0 0 0 0 0 0 0 0 0 
0.0008 0 0 0 0 0 0 0 0 0 0 0 0 0 0 0 0 0 
0.0001 0 0 0 0 0 0 0 0 0 0 0 0 0 0 0 0 0 
0 0 0 0 0 0 0 0 0 0 0 0 0 0 0 0 0 0 
0 0 0 0 0 0 0 0 0 0 0 0 0 0 0 0 0 0 
0 0 0 0 0 0 0 0 0 0 0 0 0 0 0 0 0 0 

1 0.9967 0.9934 0.9742 0.9463 0.9051 0.856 0.7979 0.7295 0.6582 0.583 0.5184 0.4557 0.3871 0.3303 0.2686 0.2107 0.1494 
0.8128 0.6383 0.4894 0.3309 0.2026 0.1174 0.0647 0.0283 0.0105 0.0033 0.0003 0 0 0 0 0 0 0 
0.6647 0.3769 0.1876 0.0591 0.0117 0.002 0.0001 0 0 0 0 0 0 0 0 0 0 0 
0.5277 0.2216 0.07 0.008 0.0008 0 0 0 0 0 0 0 0 0 0 0 0 0 
0.3989 0.1072 0.0179 0.0004 0 0 0 0 0 0 0 0 0 0 0 0 0 0 
0.2864 0.0448 0.0024 0 0 0 0 0 0 0 0 0 0 0 0 0 0 0 
0.201 0.0164 0.0007 0 0 0 0 0 0 0 0 0 0 0 0 0 0 0 
0.1328 0.0035 0.0001 0 0 0 0 0 0 0 0 0 0 0 0 0 0 0 
0.0858 0.0007 0 0 0 0 0 0 0 0 0 0 0 0 0 0 0 0 
0.0516 0 0 0 0 0 0 0 0 0 0 0 0 0 0 0 0 0 
0.0294 0 0 0 0 0 0 0 0 0 0 0 0 0 0 0 0 0 
0.0164 0 0 0 0 0 0 0 0 0 0 0 0 0 0 0 0 0 
0.0086 0 0 0 0 0 0 0 0 0 0 0 0 0 0 0 0 0 
0.0035 0 0 0 0 0 0 0 0 0 0 0 0 0 0 0 0 0 
0.0017 0 0 0 0 0 0 0 0 0 0 0 0 0 0 0 0 0 
0.0005 0 0 0 0 0 0 0 0 0 0 0 0 0 0 0 0 0 
0.0001 0 0 0 0 0 0 0 0 0 0 0 0 0 0 0 0 0 
0 0 0 0 0 0 0 0 0 0 0 0 0 0 0 0 0 0 

1 0.9965 0.9903 0.9653 0.9167 0.8742 0.801 0.7298 0.6335 0.5466 0.4541 0.3762 0.3046 0.2438 0.1883 0.1434 0.1018 0.0676 
0.8958 0.8096 0.6876 0.5201 0.3266 0.2175 0.1167 0.0589 0.0195 0.0063 0.0031 0.0004 0.0004 0 0 0.0001 0 0 
0.7264 0.5152 0.2675 0.0956 0.0164 0.0051 0.0007 0.0002 0 0 0 0 0 0 0 0 0 0 
0.5711 0.2949 0.1017 0.0177 0.001 0.0003 0 0 0 0 0 0 0 0 0 0 0 0 
0.4242 0.1407 0.0259 0.0018 0 0 0 0 0 0 0 0 0 0 0 0 0 0 
0.2893 0.0555 0.0052 0.0003 0 0 0 0 0 0 0 0 0 0 0 0 0 0 
0.1853 0.0191 0.0005 0 0 0 0 0 0 0 0 0 0 0 0 0 0 0 
0.112 0.0058 0.0001 0 0 0 0 0 0 0 0 0 0 0 0 0 0 0 
0.0618 0.0007 0 0 0 0 0 0 0 0 0 0 0 0 0 0 0 0 
0.0326 0.0002 0 0 0 0 0 0 0 0 0 0 0 0 0 0 0 0 
0.0167 0 0 0 0 0 0 0 0 0 0 0 0 0 0 0 0 0 
0.0071 0 0 0 0 0 0 0 0 0 0 0 0 0 0 0 0 0 
0.003 0 0 0 0 0 0 0 0 0 0 0 0 0 0 0 0 0 
0.0017 0 0 0 0 0 0 0 0 0 0 0 0 0 0 0 0 0 
0.0004 0 0 0 0 0 0 0 0 0 0 0 0 0 0 0 0 0 
0 0 0 0 0 0 0 0 0 0 0 0 0 0 0 0 0 0 
0 0 0 0 0 0 0 0 0 0 0 0 0 0 0 0 0 0 
0 0 0 0 0 0 0 0 0 0 0 0 0 0 0 0 0 0 

1 0.9979 0.9951 0.9867 0.9749 0.9538 0.9342 0.902 0.8723 0.8322 0.7896 0.7384 0.6859 0.6251 0.559 0.4876 0.4025 0.3008 
0.6739 0.3215 0.1957 0.1149 0.0673 0.0388 0.022 0.0108 0.0033 0.0013 0.0004 0.0002 0.0001 0 0 0 0 0 
0.5235 0.1458 0.0538 0.0155 0.0035 0.0005 0.0001 0 0 0 0 0 0 0 0 0 0 0 
0.4184 0.0754 0.0175 0.0018 0 0 0 0 0 0 0 0 0 0 0 0 0 0 
0.3249 0.0371 0.0041 0.0001 0 0 0 0 0 0 0 0 0 0 0 0 0 0 
0.2549 0.0168 0.0009 0 0 0 0 0 0 0 0 0 0 0 0 0 0 0 
0.1888 0.0057 0 0 0 0 0 0 0 0 0 0 0 0 0 0 0 0 
0.1442 0.0023 0 0 0 0 0 0 0 0 0 0 0 0 0 0 0 0 
0.1021 0.0003 0 0 0 0 0 0 0 0 0 0 0 0 0 0 0 0 
0.0707 0 0 0 0 0 0 0 0 0 0 0 0 0 0 0 0 0 
0.0478 0 0 0 0 0 0 0 0 0 0 0 0 0 0 0 0 0 
0.0296 0 0 0 0 0 0 0 0 0 0 0 0 0 0 0 0 0 
0.0167 0 0 0 0 0 0 0 0 0 0 0 0 0 0 0 0 0 
0.0064 0 0 0 0 0 0 0 0 0 0 0 0 0 0 0 0 0 
0.0022 0 0 0 0 0 0 0 0 0 0 0 0 0 0 0 0 0 
0.0004 0 0 0 0 0 0 0 0 0 0 0 0 0 0 0 0 0 
0 0 0 0 0 0 0 0 0 0 0 0 0 0 0 0 0 0 
0 0 0 0 0 0 0 0 0 0 0 0 0 0 0 0 0 0 

1 0.9982 0.9955 0.9871 0.9736 0.9616 0.9475 0.9258 0.8938 0.8644 0.819 0.7766 0.721 0.6588 0.5863 0.5004 0.3977 0.28 
0.7007 0.225 0.1115 0.0576 0.0318 0.0178 0.0115 0.0049 0.0019 0.0003 0 0 0 0 0 0 0 0 
0.5456 0.0851 0.0242 0.0044 0.0009 0 0 0 0 0 0 0 0 0 0 0 0 0 
0.4411 0.039 0.0065 0.0003 0 0 0 0 0 0 0 0 0 0 0 0 0 0 
0.3561 0.0192 0.0006 0 0 0 0 0 0 0 0 0 0 0 0 0 0 0 
0.2835 0.0088 0.0001 0 0 0 0 0 0 0 0 0 0 0 0 0 0 0 
0.2186 0.0034 0 0 0 0 0 0 0 0 0 0 0 0 0 0 0 0 
0.1652 0.0016 0 0 0 0 0 0 0 0 0 0 0 0 0 0 0 0 
0.1245 0.0002 0 0 0 0 0 0 0 0 0 0 0 0 0 0 0 0 
0.0881 0 0 0 0 0 0 0 0 0 0 0 0 0 0 0 0 0 
0.0579 0 0 0 0 0 0 0 0 0 0 0 0 0 0 0 0 0 
0.0353 0 0 0 0 0 0 0 0 0 0 0 0 0 0 0 0 0 
0.0209 0 0 0 0 0 0 0 0 0 0 0 0 0 0 0 0 0 
0.0117 0 0 0 0 0 0 0 0 0 0 0 0 0 0 0 0 0 
0.0047 0 0 0 0 0 0 0 0 0 0 0 0 0 0 0 0 0 
0.0016 0 0 0 0 0 0 0 0 0 0 0 0 0 0 0 0 0 
0.0005 0 0 0 0 0 0 0 0 0 0 0 0 0 0 0 0 0 
0.0001 0 0 0 0 0 0 0 0 0 0 0 0 0 0 0 0 0 

1 0.9984 0.9974 0.993 0.9866 0.9797 0.9697 0.9554 0.942 0.9259 0.9023 0.8734 0.8385 0.7939 0.7423 0.68 0.5943 0.4532 
0.5425 0.0012 0 0 0 0 0 0 0 0 0 0 0 0 0 0 0 0 
0.4024 0 0 0 0 0 0 0 0 0 0 0 0 0 0 0 0 0 
0.3214 0 0 0 0 0 0 0 0 0 0 0 0 0 0 0 0 0 
0.2635 0 0 0 0 0 0 0 0 0 0 0 0 0 0 0 0 0 
0.2138 0 0 0 0 0 0 0 0 0 0 0 0 0 0 0 0 0 
0.1725 0 0 0 0 0 0 0 0 0 0 0 0 0 0 0 0 0 
0.1317 0 0 0 0 0 0 0 0 0 0 0 0 0 0 0 0 0 
0.1025 0 0 0 0 0 0 0 0 0 0 0 0 0 0 0 0 0 
0.0794 0 0 0 0 0 0 0 0 0 0 0 0 0 0 0 0 0 
0.056 0 0 0 0 0 0 0 0 0 0 0 0 0 0 0 0 0 
0.0385 0 0 0 0 0 0 0 0 0 0 0 0 0 0 0 0 0 
0.023 0 0 0 0 0 0 0 0 0 0 0 0 0 0 0 0 0 
0.0141 0 0 0 0 0 0 0 0 0 0 0 0 0 0 0 0 0 
0.0078 0 0 0 0 0 0 0 0 0 0 0 0 0 0 0 0 0 
0.003 0 0 0 0 0 0 0 0 0 0 0 0 0 0 0 0 0 
0.0007 0 0 0 0 0 0 0 0 0 0 0 0 0 0 0 0 0 
0 0 0 0 0 0 0 0 0 0 0 0 0 0 0 0 0 0 

1 0.9975 0.9928 0.9798 0.955 0.928 0.8854 0.8375 0.7783 0.7088 0.629 0.5423 0.4501 0.3674 0.2893 0.2164 0.1447 0.0851 
0.883 0.5727 0.3538 0.2221 0.1249 0.0719 0.0408 0.0181 0.0067 0.0017 0.001 0.0003 0 0 0.0001 0 0 0 
0.7494 0.2737 0.0801 0.0213 0.0021 0.0002 0.0003 0.0002 0 0 0 0 0 0 0 0 0 0 
0.6355 0.1427 0.0237 0.0024 0 0 0 0 0 0 0 0 0 0 0 0 0 0 
0.5272 0.0664 0.0051 0.0001 0 0 0 0 0 0 0 0 0 0 0 0 0 0 
0.4107 0.0273 0.001 0 0 0 0 0 0 0 0 0 0 0 0 0 0 0 
0.3103 0.0083 0.0002 0 0 0 0 0 0 0 0 0 0 0 0 0 0 0 
0.2287 0.0024 0 0 0 0 0 0 0 0 0 0 0 0 0 0 0 0 
0.1604 0.0006 0 0 0 0 0 0 0 0 0 0 0 0 0 0 0 0 
0.1055 0.0001 0 0 0 0 0 0 0 0 0 0 0 0 0 0 0 0 
0.0657 0 0 0 0 0 0 0 0 0 0 0 0 0 0 0 0 0 
0.0355 0 0 0 0 0 0 0 0 0 0 0 0 0 0 0 0 0 
0.018 0 0 0 0 0 0 0 0 0 0 0 0 0 0 0 0 0 
0.0072 0 0 0 0 0 0 0 0 0 0 0 0 0 0 0 0 0 
0.0025 0 0 0 0 0 0 0 0 0 0 0 0 0 0 0 0 0 
0.0006 0 0 0 0 0 0 0 0 0 0 0 0 0 0 0 0 0 
0.0001 0 0 0 0 0 0 0 0 0 0 0 0 0 0 0 0 0 
0 0 0 0 0 0 0 0 0 0 0 0 0 0 0 0 0 0 

1 0.9983 0.9959 0.9885 0.9786 0.9683 0.9512 0.9305 0.8977 0.8704 0.8285 0.7764 0.7205 0.6486 0.5636 0.4716 0.3587 0.2193 
0.7634 0.0212 0.0052 0.0012 0.0003 0.0002 0 0 0 0 0 0 0 0 0 0 0 0 
0.6236 0.0025 0 0 0 0 0 0 0 0 0 0 0 0 0 0 0 0 
0.5276 0.0014 0 0 0 0 0 0 0 0 0 0 0 0 0 0 0 0 
0.4374 0.0003 0 0 0 0 0 0 0 0 0 0 0 0 0 0 0 0 
0.3649 0.0003 0 0 0 0 0 0 0 0 0 0 0 0 0 0 0 0 
0.298 0.0003 0 0 0 0 0 0 0 0 0 0 0 0 0 0 0 0 
0.2318 0.0001 0 0 0 0 0 0 0 0 0 0 0 0 0 0 0 0 
0.1829 0 0 0 0 0 0 0 0 0 0 0 0 0 0 0 0 0 
0.1344 0 0 0 0 0 0 0 0 0 0 0 0 0 0 0 0 0 
0.0974 0 0 0 0 0 0 0 0 0 0 0 0 0 0 0 0 0 
0.0644 0 0 0 0 0 0 0 0 0 0 0 0 0 0 0 0 0 
0.0402 0 0 0 0 0 0 0 0 0 0 0 0 0 0 0 0 0 
0.0206 0 0 0 0 0 0 0 0 0 0 0 0 0 0 0 0 0 
0.0101 0 0 0 0 0 0 0 0 0 0 0 0 0 0 0 0 0 
0.0032 0 0 0 0 0 0 0 0 0 0 0 0 0 0 0 0 0 
0.0005 0 0 0 0 0 0 0 0 0 0 0 0 0 0 0 0 0 
0 0 0 0 0 0 0 0 0 0 0 0 0 0 0 0 0 0 

1 0.9977 0.9968 0.989 0.978 0.9599 0.9529 0.9274 0.9015 0.8705 0.8303 0.7817 0.7199 0.6492 0.5668 0.4702 0.3568 0.2095 
0.7772 0.0106 0.0019 0.001 0.0002 0 0 0 0 0 0 0 0 0 0 0 0 0 
0.6299 0.0013 0.0001 0 0 0 0 0 0 0 0 0 0 0 0 0 0 0 
0.5274 0.0004 0.0001 0 0 0 0 0 0 0 0 0 0 0 0 0 0 0 
0.4384 0.0001 0 0 0 0 0 0 0 0 0 0 0 0 0 0 0 0 
0.3653 0.0001 0 0 0 0 0 0 0 0 0 0 0 0 0 0 0 0 
0.2945 0 0 0 0 0 0 0 0 0 0 0 0 0 0 0 0 0 
0.2355 0 0 0 0 0 0 0 0 0 0 0 0 0 0 0 0 0 
0.1814 0 0 0 0 0 0 0 0 0 0 0 0 0 0 0 0 0 
0.1361 0 0 0 0 0 0 0 0 0 0 0 0 0 0 0 0 0 
0.0955 0 0 0 0 0 0 0 0 0 0 0 0 0 0 0 0 0 
0.0647 0 0 0 0 0 0 0 0 0 0 0 0 0 0 0 0 0 
0.0408 0 0 0 0 0 0 0 0 0 0 0 0 0 0 0 0 0 
0.0245 0 0 0 0 0 0 0 0 0 0 0 0 0 0 0 0 0 
0.0107 0 0 0 0 0 0 0 0 0 0 0 0 0 0 0 0 0 
0.0038 0 0 0 0 0 0 0 0 0 0 0 0 0 0 0 0 0 
0.0004 0 0 0 0 0 0 0 0 0 0 0 0 0 0 0 0 0 
0 0 0 0 0 0 0 0 0 0 0 0 0 0 0 0 0 0 

1 0.9983 0.995 0.9897 0.9818 0.9728 0.9591 0.9454 0.9301 0.9028 0.8781 0.8427 0.7993 0.7505 0.6887 0.6121 0.5075 0.3643 
0.6209 0 0 0 0 0 0 0 0 0 0 0 0 0 0 0 0 0 
0.4877 0 0 0 0 0 0 0 0 0 0 0 0 0 0 0 0 0 
0.3976 0 0 0 0 0 0 0 0 0 0 0 0 0 0 0 0 0 
0.3208 0 0 0 0 0 0 0 0 0 0 0 0 0 0 0 0 0 
0.2613 0 0 0 0 0 0 0 0 0 0 0 0 0 0 0 0 0 
0.2106 0 0 0 0 0 0 0 0 0 0 0 0 0 0 0 0 0 
0.166 0 0 0 0 0 0 0 0 0 0 0 0 0 0 0 0 0 
0.1295 0 0 0 0 0 0 0 0 0 0 0 0 0 0 0 0 0 
0.0979 0 0 0 0 0 0 0 0 0 0 0 0 0 0 0 0 0 
0.0725 0 0 0 0 0 0 0 0 0 0 0 0 0 0 0 0 0 
0.0506 0 0 0 0 0 0 0 0 0 0 0 0 0 0 0 0 0 
0.0328 0 0 0 0 0 0 0 0 0 0 0 0 0 0 0 0 0 
0.0192 0 0 0 0 0 0 0 0 0 0 0 0 0 0 0 0 0 
0.009 0 0 0 0 0 0 0 0 0 0 0 0 0 0 0 0 0 
0.0045 0 0 0 0 0 0 0 0 0 0 0 0 0 0 0 0 0 
0.0009 0 0 0 0 0 0 0 0 0 0 0 0 0 0 0 0 0 
0 0 0 0 0 0 0 0 0 0 0 0 0 0 0 0 0 0 

1 0.9975 0.9957 0.9887 0.9776 0.9687 0.9511 0.9327 0.9052 0.8695 0.8299 0.7774 0.714 0.6437 0.5562 0.457 0.3437 0.2018 
0.7766 0.0043 0.0013 0.0004 0.0001 0 0 0 0 0 0 0 0 0 0 0 0 0 
0.6406 0.0003 0 0 0 0 0 0 0 0 0 0 0 0 0 0 0 0 
0.5346 0 0 0 0 0 0 0 0 0 0 0 0 0 0 0 0 0 
0.449 0 0 0 0 0 0 0 0 0 0 0 0 0 0 0 0 0 
0.3756 0 0 0 0 0 0 0 0 0 0 0 0 0 0 0 0 0 
0.3064 0 0 0 0 0 0 0 0 0 0 0 0 0 0 0 0 0 
0.2444 0 0 0 0 0 0 0 0 0 0 0 0 0 0 0 0 0 
0.188 0 0 0 0 0 0 0 0 0 0 0 0 0 0 0 0 0 
0.1357 0 0 0 0 0 0 0 0 0 0 0 0 0 0 0 0 0 
0.0956 0 0 0 0 0 0 0 0 0 0 0 0 0 0 0 0 0 
0.0639 0 0 0 0 0 0 0 0 0 0 0 0 0 0 0 0 0 
0.0385 0 0 0 0 0 0 0 0 0 0 0 0 0 0 0 0 0 
0.0218 0 0 0 0 0 0 0 0 0 0 0 0 0 0 0 0 0 
0.0091 0 0 0 0 0 0 0 0 0 0 0 0 0 0 0 0 0 
0.0029 0 0 0 0 0 0 0 0 0 0 0 0 0 0 0 0 0 
0.0004 0 0 0 0 0 0 0 0 0 0 0 0 0 0 0 0 0 
0.0001 0 0 0 0 0 0 0 0 0 0 0 0 0 0 0 0 0 

1 0.998 0.9965 0.9901 0.9832 0.9746 0.9645 0.9493 0.9305 0.9061 0.8815 0.8447 0.8027 0.7516 0.6861 0.608 0.5119 0.3665 
0.6248 0 0 0 0 0 0 0 0 0 0 0 0 0 0 0 0 0 
0.4818 0 0 0 0 0 0 0 0 0 0 0 0 0 0 0 0 0 
0.398 0 0 0 0 0 0 0 0 0 0 0 0 0 0 0 0 0 
0.3205 0 0 0 0 0 0 0 0 0 0 0 0 0 0 0 0 0 
0.2619 0 0 0 0 0 0 0 0 0 0 0 0 0 0 0 0 0 
0.2084 0 0 0 0 0 0 0 0 0 0 0 0 0 0 0 0 0 
0.1625 0 0 0 0 0 0 0 0 0 0 0 0 0 0 0 0 0 
0.1252 0 0 0 0 0 0 0 0 0 0 0 0 0 0 0 0 0 
0.0959 0 0 0 0 0 0 0 0 0 0 0 0 0 0 0 0 0 
0.0682 0 0 0 0 0 0 0 0 0 0 0 0 0 0 0 0 0 
0.0465 0 0 0 0 0 0 0 0 0 0 0 0 0 0 0 0 0 
0.0305 0 0 0 0 0 0 0 0 0 0 0 0 0 0 0 0 0 
0.0179 0 0 0 0 0 0 0 0 0 0 0 0 0 0 0 0 0 
0.0083 0 0 0 0 0 0 0 0 0 0 0 0 0 0 0 0 0 
0.003 0 0 0 0 0 0 0 0 0 0 0 0 0 0 0 0 0 
0.0007 0 0 0 0 0 0 0 0 0 0 0 0 0 0 0 0 0 
0.0001 0 0 0 0 0 0 0 0 0 0 0 0 0 0 0 0 0 

1 0.9987 0.9967 0.991 0.9837 0.9736 0.9656 0.9512 0.9327 0.9147 0.886 0.8548 0.8147 0.7637 0.7067 0.6403 0.5463 0.4073 
0.5836 0 0 0 0 0 0 0 0 0 0 0 0 0 0 0 0 0 
0.4491 0 0 0 0 0 0 0 0 0 0 0 0 0 0 0 0 0 
0.3642 0 0 0 0 0 0 0 0 0 0 0 0 0 0 0 0 0 
0.2955 0 0 0 0 0 0 0 0 0 0 0 0 0 0 0 0 0 
0.2487 0 0 0 0 0 0 0 0 0 0 0 0 0 0 0 0 0 
0.1977 0 0 0 0 0 0 0 0 0 0 0 0 0 0 0 0 0 
0.1558 0 0 0 0 0 0 0 0 0 0 0 0 0 0 0 0 0 
0.1187 0 0 0 0 0 0 0 0 0 0 0 0 0 0 0 0 0 
0.0891 0 0 0 0 0 0 0 0 0 0 0 0 0 0 0 0 0 
0.0642 0 0 0 0 0 0 0 0 0 0 0 0 0 0 0 0 0 
0.0468 0 0 0 0 0 0 0 0 0 0 0 0 0 0 0 0 0 
0.0289 0 0 0 0 0 0 0 0 0 0 0 0 0 0 0 0 0 
0.0181 0 0 0 0 0 0 0 0 0 0 0 0 0 0 0 0 0 
0.0079 0 0 0 0 0 0 0 0 0 0 0 0 0 0 0 0 0 
0.0031 0 0 0 0 0 0 0 0 0 0 0 0 0 0 0 0 0 
0.0008 0 0 0 0 0 0 0 0 0 0 0 0 0 0 0 0 0 
0.0001 0 0 0 0 0 0 0 0 0 0 0 0 0 0 0 0 0 

1 0.9994 0.9984 0.9949 0.9898 0.984 0.9769 0.9668 0.9511 0.9374 0.9228 0.8971 0.8688 0.8378 0.7934 0.7415 0.671 0.5541 
0.4441 0 0 0 0 0 0 0 0 0 0 0 0 0 0 0 0 0 
0.3293 0 0 0 0 0 0 0 0 0 0 0 0 0 0 0 0 0 
0.2615 0 0 0 0 0 0 0 0 0 0 0 0 0 0 0 0 0 
0.211 0 0 0 0 0 0 0 0 0 0 0 0 0 0 0 0 0 
0.1669 0 0 0 0 0 0 0 0 0 0 0 0 0 0 0 0 0 
0.1351 0 0 0 0 0 0 0 0 0 0 0 0 0 0 0 0 0 
0.1062 0 0 0 0 0 0 0 0 0 0 0 0 0 0 0 0 0 
0.0825 0 0 0 0 0 0 0 0 0 0 0 0 0 0 0 0 0 
0.0603 0 0 0 0 0 0 0 0 0 0 0 0 0 0 0 0 0 
0.0471 0 0 0 0 0 0 0 0 0 0 0 0 0 0 0 0 0 
0.0328 0 0 0 0 0 0 0 0 0 0 0 0 0 0 0 0 0 
0.0195 0 0 0 0 0 0 0 0 0 0 0 0 0 0 0 0 0 
0.0108 0 0 0 0 0 0 0 0 0 0 0 0 0 0 0 0 0 
0.0053 0 0 0 0 0 0 0 0 0 0 0 0 0 0 0 0 0 
0.0024 0 0 0 0 0 0 0 0 0 0 0 0 0 0 0 0 0 
0 0 0 0 0 0 0 0 0 0 0 0 0 0 0 0 0 0 
0 0 0 0 0 0 0 0 0 0 0 0 0 0 0 0 0 0 

1 0.9958 0.9838 0.974 0.8832 0.8368 0.7404 0.652 0.4946 0.4066 0.2974 0.2314 0.159 0.1244 0.0832 0.0628 0.0446 0.0304 
0.942 0.9032 0.83 0.7398 0.4572 0.3118 0.1726 0.1006 0.0244 0.0076 0.0052 0.0026 0.0008 0.001 0.0002 0 0.0002 0 
0.7738 0.629 0.3672 0.1876 0.0174 0.0076 0.0024 0.002 0 0 0 0 0 0 0 0 0 0 
0.6176 0.397 0.1512 0.0512 0.0012 0.0004 0 0 0 0 0 0 0 0 0 0 0 0 
0.4112 0.1764 0.0236 0.0054 0 0.0002 0 0 0 0 0 0 0 0 0 0 0 0 
0.277 0.0686 0.0076 0.0016 0 0 0 0 0 0 0 0 0 0 0 0 0 0 
0.142 0.0194 0.0016 0.0004 0 0 0 0 0 0 0 0 0 0 0 0 0 0 
0.0834 0.0068 0.0002 0 0 0 0 0 0 0 0 0 0 0 0 0 0 0 
0.0364 0.0034 0.0002 0.0002 0 0 0 0 0 0 0 0 0 0 0 0 0 0 
0.0176 0.0006 0.0004 0.0002 0 0 0 0 0 0 0 0 0 0 0 0 0 0 
0.0056 0.0002 0 0 0 0 0 0 0 0 0 0 0 0 0 0 0 0 
0.0022 0.0002 0 0 0 0 0 0 0 0 0 0 0 0 0 0 0 0 
0.0012 0 0 0 0 0 0 0 0 0 0 0 0 0 0 0 0 0 
0.0004 0 0 0 0 0 0 0 0 0 0 0 0 0 0 0 0 0 
0 0 0 0 0 0 0 0 0 0 0 0 0 0 0 0 0 0 
0.0002 0 0 0 0 0 0 0 0 0 0 0 0 0 0 0 0 0 
0.0002 0 0 0 0 0 0 0 0 0 0 0 0 0 0 0 0 0 
0.0002 0 0 0 0 0 0 0 0 0 0 0 0 0 0 0 0 0 

1 0.9966 0.9884 0.9478 0.8096 0.5654 0.3166 0.1664 0.0948 0.0592 0.0354 0.0248 0.0162 0.0112 0.0074 0.0048 0.003 0.0018 
0.9716 0.9416 0.9082 0.7944 0.5292 0.252 0.0798 0.0168 0.0032 0.0004 0 0 0 0 0 0 0 0 
0.9176 0.853 0.7578 0.5006 0.2 0.0482 0.0038 0.0002 0 0 0 0 0 0 0 0 0 0 
0.821 0.675 0.4892 0.1844 0.0298 0.0028 0.0006 0 0 0 0 0 0 0 0 0 0 0 
0.5894 0.3642 0.1544 0.0308 0.0016 0.0004 0 0 0 0 0 0 0 0 0 0 0 0 
0.3214 0.1166 0.0294 0.0024 0.0008 0.0002 0 0 0 0 0 0 0 0 0 0 0 0 
0.14 0.0266 0.0042 0.0006 0 0 0 0 0 0 0 0 0 0 0 0 0 0 
0.0658 0.0044 0.0004 0 0 0 0 0 0 0 0 0 0 0 0 0 0 0 
0.0388 0.0008 0.0002 0 0 0 0 0 0 0 0 0 0 0 0 0 0 0 
0.027 0.0006 0 0 0 0 0 0 0 0 0 0 0 0 0 0 0 0 
0.0182 0.0002 0 0 0 0 0 0 0 0 0 0 0 0 0 0 0 0 
0.013 0 0 0 0 0 0 0 0 0 0 0 0 0 0 0 0 0 
0.0064 0 0 0 0 0 0 0 0 0 0 0 0 0 0 0 0 0 
0.005 0 0 0 0 0 0 0 0 0 0 0 0 0 0 0 0 0 
0.003 0 0 0 0 0 0 0 0 0 0 0 0 0 0 0 0 0 
0.0016 0 0 0 0 0 0 0 0 0 0 0 0 0 0 0 0 0 
0.0008 0 0 0 0 0 0 0 0 0 0 0 0 0 0 0 0 0 
0.0002 0 0 0 0 0 0 0 0 0 0 0 0 0 0 0 0 0 

1 0.9948 0.9876 0.956 0.8898 0.8154 0.7026 0.5906 0.4528 0.3448 0.2468 0.1774 0.1214 0.0836 0.0522 0.0354 0.0208 0.012 
0.9538 0.9086 0.8408 0.6762 0.4308 0.2616 0.1292 0.0696 0.0218 0.0048 0.0018 0.0012 0.0008 0 0 0 0 0 
0.842 0.7008 0.4596 0.1908 0.0368 0.0108 0.0018 0 0 0 0 0 0 0 0 0 0 0 
0.6914 0.4466 0.1896 0.0372 0.0026 0.0012 0 0 0 0 0 0 0 0 0 0 0 0 
0.4978 0.217 0.0468 0.0032 0 0 0 0 0 0 0 0 0 0 0 0 0 0 
0.3384 0.0872 0.0112 0.0006 0 0 0 0 0 0 0 0 0 0 0 0 0 0 
0.1848 0.0276 0.0024 0 0 0 0 0 0 0 0 0 0 0 0 0 0 0 
0.0968 0.0058 0.0002 0 0 0 0 0 0 0 0 0 0 0 0 0 0 0 
0.0472 0.002 0.0004 0 0 0 0 0 0 0 0 0 0 0 0 0 0 0 
0.0212 0.0004 0 0 0 0 0 0 0 0 0 0 0 0 0 0 0 0 
0.0084 0 0 0 0 0 0 0 0 0 0 0 0 0 0 0 0 0 
0.0024 0 0 0 0 0 0 0 0 0 0 0 0 0 0 0 0 0 
0.001 0.0002 0 0 0 0 0 0 0 0 0 0 0 0 0 0 0 0 
0.0002 0 0 0 0 0 0 0 0 0 0 0 0 0 0 0 0 0 
0.0002 0 0 0 0 0 0 0 0 0 0 0 0 0 0 0 0 0 
0.0002 0 0 0 0 0 0 0 0 0 0 0 0 0 0 0 0 0 
0.0002 0 0 0 0 0 0 0 0 0 0 0 0 0 0 0 0 0 
0 0 0 0 0 0 0 0 0 0 0 0 0 0 0 0 0 0 

1 0.9958 0.9918 0.9654 0.9204 0.864 0.8008 0.7318 0.6384 0.5378 0.438 0.3488 0.264 0.1958 0.1338 0.0872 0.056 0.0282 
0.926 0.8118 0.6632 0.457 0.2874 0.1686 0.0864 0.04 0.0138 0.0024 0.0008 0.0004 0 0 0 0 0 0 
0.8036 0.5358 0.2818 0.0892 0.0188 0.002 0.0002 0 0 0 0 0 0 0 0 0 0 0 
0.65 0.3082 0.1 0.0084 0.0004 0 0 0 0 0 0 0 0 0 0 0 0 0 
0.4898 0.1468 0.0264 0.0006 0 0 0 0 0 0 0 0 0 0 0 0 0 0 
0.3634 0.063 0.0042 0 0 0 0 0 0 0 0 0 0 0 0 0 0 0 
0.2464 0.022 0.0004 0 0 0 0 0 0 0 0 0 0 0 0 0 0 0 
0.1602 0.0058 0 0 0 0 0 0 0 0 0 0 0 0 0 0 0 0 
0.0998 0.001 0 0 0 0 0 0 0 0 0 0 0 0 0 0 0 0 
0.0582 0.0002 0 0 0 0 0 0 0 0 0 0 0 0 0 0 0 0 
0.0328 0 0 0 0 0 0 0 0 0 0 0 0 0 0 0 0 0 
0.0144 0 0 0 0 0 0 0 0 0 0 0 0 0 0 0 0 0 
0.0072 0 0 0 0 0 0 0 0 0 0 0 0 0 0 0 0 0 
0.0028 0 0 0 0 0 0 0 0 0 0 0 0 0 0 0 0 0 
0.0002 0 0 0 0 0 0 0 0 0 0 0 0 0 0 0 0 0 
0.0002 0 0 0 0 0 0 0 0 0 0 0 0 0 0 0 0 0 
0 0 0 0 0 0 0 0 0 0 0 0 0 0 0 0 0 0 
0 0 0 0 0 0 0 0 0 0 0 0 0 0 0 0 0 0 

1 0.9978 0.9886 0.9678 0.9078 0.8518 0.7566 0.6624 0.5368 0.4378 0.3372 0.2644 0.194 0.1426 0.0992 0.071 0.0454 0.031 
0.9384 0.8956 0.7902 0.6348 0.4062 0.2546 0.1402 0.0694 0.0224 0.0076 0.0028 0.0022 0.0006 0 0 0 0 0 
0.786 0.6238 0.3562 0.14 0.0214 0.0056 0 0 0 0 0 0 0 0 0 0 0 0 
0.6258 0.3874 0.1414 0.0282 0.0004 0 0 0 0 0 0 0 0 0 0 0 0 0 
0.4454 0.1758 0.0308 0.0028 0 0 0 0 0 0 0 0 0 0 0 0 0 0 
0.2952 0.0616 0.0066 0.0006 0 0 0 0 0 0 0 0 0 0 0 0 0 0 
0.1812 0.0198 0.0018 0.0002 0 0 0 0 0 0 0 0 0 0 0 0 0 0 
0.1024 0.005 0.0006 0 0 0 0 0 0 0 0 0 0 0 0 0 0 0 
0.0522 0.0016 0 0 0 0 0 0 0 0 0 0 0 0 0 0 0 0 
0.025 0.0002 0 0 0 0 0 0 0 0 0 0 0 0 0 0 0 0 
0.011 0 0 0 0 0 0 0 0 0 0 0 0 0 0 0 0 0 
0.0046 0 0 0 0 0 0 0 0 0 0 0 0 0 0 0 0 0 
0.0012 0 0 0 0 0 0 0 0 0 0 0 0 0 0 0 0 0 
0.0008 0 0 0 0 0 0 0 0 0 0 0 0 0 0 0 0 0 
0.0002 0 0 0 0 0 0 0 0 0 0 0 0 0 0 0 0 0 
0 0 0 0 0 0 0 0 0 0 0 0 0 0 0 0 0 0 
0 0 0 0 0 0 0 0 0 0 0 0 0 0 0 0 0 0 
0 0 0 0 0 0 0 0 0 0 0 0 0 0 0 0 0 0 

1 0.9964 0.9916 0.9736 0.9262 0.869 0.78 0.6728 0.5766 0.471 0.382 0.3056 0.2394 0.1816 0.1388 0.0982 0.0678 0.0424 
0.9196 0.8248 0.7018 0.4998 0.3118 0.1814 0.091 0.0374 0.0116 0.0026 0.0008 0.0002 0 0 0 0 0 0 
0.797 0.5666 0.3234 0.116 0.0258 0.0044 0 0 0 0 0 0 0 0 0 0 0 0 
0.67 0.346 0.1286 0.0202 0.001 0.0002 0 0 0 0 0 0 0 0 0 0 0 0 
0.513 0.1806 0.0338 0.0024 0 0 0 0 0 0 0 0 0 0 0 0 0 0 
0.3656 0.066 0.0058 0 0 0 0 0 0 0 0 0 0 0 0 0 0 0 
0.233 0.0188 0.0004 0 0 0 0 0 0 0 0 0 0 0 0 0 0 0 
0.1314 0.0042 0 0 0 0 0 0 0 0 0 0 0 0 0 0 0 0 
0.0734 0.0006 0 0 0 0 0 0 0 0 0 0 0 0 0 0 0 0 
0.04 0.0002 0 0 0 0 0 0 0 0 0 0 0 0 0 0 0 0 
0.0192 0.0002 0 0 0 0 0 0 0 0 0 0 0 0 0 0 0 0 
0.0092 0 0 0 0 0 0 0 0 0 0 0 0 0 0 0 0 0 
0.0048 0 0 0 0 0 0 0 0 0 0 0 0 0 0 0 0 0 
0.0016 0 0 0 0 0 0 0 0 0 0 0 0 0 0 0 0 0 
0.0008 0 0 0 0 0 0 0 0 0 0 0 0 0 0 0 0 0 
0 0 0 0 0 0 0 0 0 0 0 0 0 0 0 0 0 0 
0 0 0 0 0 0 0 0 0 0 0 0 0 0 0 0 0 0 
0 0 0 0 0 0 0 0 0 0 0 0 0 0 0 0 0 0 

1 0.9962 0.9924 0.9622 0.9294 0.8758 0.8044 0.7278 0.6374 0.559 0.4716 0.3996 0.321 0.2702 0.2126 0.1628 0.1156 0.0796 
0.8826 0.7796 0.6468 0.4698 0.3146 0.1842 0.1038 0.0466 0.0196 0.0058 0.0004 0.0006 0 0 0 0 0 0 
0.7226 0.4984 0.2614 0.0872 0.0192 0.0036 0.0004 0.0002 0.0002 0 0 0 0 0 0 0 0 0 
0.5724 0.293 0.0966 0.0106 0.0006 0.0004 0 0 0 0 0 0 0 0 0 0 0 0 
0.433 0.141 0.025 0.0008 0 0 0 0 0 0 0 0 0 0 0 0 0 0 
0.3052 0.061 0.0052 0.0002 0 0 0 0 0 0 0 0 0 0 0 0 0 0 
0.1964 0.0204 0.0004 0 0 0 0 0 0 0 0 0 0 0 0 0 0 0 
0.1186 0.0056 0 0 0 0 0 0 0 0 0 0 0 0 0 0 0 0 
0.071 0.0008 0.0002 0 0 0 0 0 0 0 0 0 0 0 0 0 0 0 
0.037 0.0002 0 0 0 0 0 0 0 0 0 0 0 0 0 0 0 0 
0.0202 0 0 0 0 0 0 0 0 0 0 0 0 0 0 0 0 0 
0.0108 0 0 0 0 0 0 0 0 0 0 0 0 0 0 0 0 0 
0.0056 0 0 0 0 0 0 0 0 0 0 0 0 0 0 0 0 0 
0.002 0 0 0 0 0 0 0 0 0 0 0 0 0 0 0 0 0 
0.0006 0 0 0 0 0 0 0 0 0 0 0 0 0 0 0 0 0 
0 0 0 0 0 0 0 0 0 0 0 0 0 0 0 0 0 0 
0 0 0 0 0 0 0 0 0 0 0 0 0 0 0 0 0 0 
0 0 0 0 0 0 0 0 0 0 0 0 0 0 0 0 0 0 

1 0.9982 0.9952 0.9852 0.9702 0.9534 0.9272 0.8972 0.8566 0.8202 0.7692 0.7208 0.675 0.6196 0.5584 0.495 0.4106 0.3138 
0.6636 0.3698 0.252 0.1558 0.096 0.0566 0.0314 0.0152 0.0054 0.001 0 0.0002 0 0 0 0 0 0 
0.5016 0.1824 0.0736 0.0222 0.004 0.0004 0.0002 0 0 0 0 0 0 0 0 0 0 0 
0.3818 0.0928 0.025 0.003 0 0 0 0 0 0 0 0 0 0 0 0 0 0 
0.2918 0.0446 0.0064 0.0002 0 0 0 0 0 0 0 0 0 0 0 0 0 0 
0.2204 0.0154 0.0016 0 0 0 0 0 0 0 0 0 0 0 0 0 0 0 
0.1632 0.0038 0.0002 0 0 0 0 0 0 0 0 0 0 0 0 0 0 0 
0.1144 0.0004 0 0 0 0 0 0 0 0 0 0 0 0 0 0 0 0 
0.0882 0.0004 0 0 0 0 0 0 0 0 0 0 0 0 0 0 0 0 
0.0604 0 0 0 0 0 0 0 0 0 0 0 0 0 0 0 0 0 
0.0414 0 0 0 0 0 0 0 0 0 0 0 0 0 0 0 0 0 
0.0272 0 0 0 0 0 0 0 0 0 0 0 0 0 0 0 0 0 
0.0124 0 0 0 0 0 0 0 0 0 0 0 0 0 0 0 0 0 
0.0052 0 0 0 0 0 0 0 0 0 0 0 0 0 0 0 0 0 
0.0022 0 0 0 0 0 0 0 0 0 0 0 0 0 0 0 0 0 
0.0004 0 0 0 0 0 0 0 0 0 0 0 0 0 0 0 0 0 
0 0 0 0 0 0 0 0 0 0 0 0 0 0 0 0 0 0 
0 0 0 0 0 0 0 0 0 0 0 0 0 0 0 0 0 0 

1 0.997 0.9914 0.9722 0.908 0.8582 0.767 0.6832 0.5742 0.4778 0.38 0.3066 0.2368 0.1884 0.139 0.1088 0.0728 0.0516 
0.9152 0.858 0.763 0.6172 0.387 0.2424 0.1258 0.0658 0.0238 0.0072 0.0024 0.0014 0.0004 0.0004 0 0 0 0 
0.7486 0.5802 0.3342 0.1306 0.0216 0.0072 0.0008 0 0 0.0002 0 0 0 0 0 0 0 0 
0.5898 0.348 0.1214 0.0266 0.0004 0.0004 0 0 0 0 0 0 0 0 0 0 0 0 
0.4234 0.158 0.0246 0.0026 0.0002 0 0 0 0 0 0 0 0 0 0 0 0 0 
0.2814 0.0596 0.0072 0.0002 0 0 0 0 0 0 0 0 0 0 0 0 0 0 
0.1738 0.0212 0.0012 0.0002 0 0 0 0 0 0 0 0 0 0 0 0 0 0 
0.1026 0.0064 0.0002 0 0 0 0 0 0 0 0 0 0 0 0 0 0 0 
0.0544 0.001 0 0 0 0 0 0 0 0 0 0 0 0 0 0 0 0 
0.0254 0.0006 0 0 0 0 0 0 0 0 0 0 0 0 0 0 0 0 
0.0136 0.0002 0 0 0 0 0 0 0 0 0 0 0 0 0 0 0 0 
0.0062 0 0 0 0 0 0 0 0 0 0 0 0 0 0 0 0 0 
0.0022 0 0 0 0 0 0 0 0 0 0 0 0 0 0 0 0 0 
0.0006 0 0 0 0 0 0 0 0 0 0 0 0 0 0 0 0 0 
0 0 0 0 0 0 0 0 0 0 0 0 0 0 0 0 0 0 
0 0 0 0 0 0 0 0 0 0 0 0 0 0 0 0 0 0 
0 0 0 0 0 0 0 0 0 0 0 0 0 0 0 0 0 0 
0 0 0 0 0 0 0 0 0 0 0 0 0 0 0 0 0 0 

1 0.9976 0.9936 0.9764 0.9474 0.9036 0.8528 0.7918 0.7282 0.6568 0.5884 0.5154 0.4468 0.3838 0.3246 0.2676 0.2106 0.149 
0.8168 0.651 0.5036 0.3454 0.2198 0.13 0.0712 0.0294 0.0118 0.0024 0.0006 0.0002 0 0.0002 0 0 0 0 
0.656 0.3826 0.1934 0.0642 0.015 0.0028 0.0004 0 0 0 0 0 0 0 0 0 0 0 
0.5138 0.2172 0.0672 0.0072 0.0002 0.0002 0 0 0 0 0 0 0 0 0 0 0 0 
0.394 0.107 0.0188 0.0004 0 0 0 0 0 0 0 0 0 0 0 0 0 0 
0.2802 0.0462 0.002 0 0 0 0 0 0 0 0 0 0 0 0 0 0 0 
0.188 0.0154 0.0004 0 0 0 0 0 0 0 0 0 0 0 0 0 0 0 
0.1264 0.0036 0.0002 0 0 0 0 0 0 0 0 0 0 0 0 0 0 0 
0.0812 0.0004 0 0 0 0 0 0 0 0 0 0 0 0 0 0 0 0 
0.0472 0 0 0 0 0 0 0 0 0 0 0 0 0 0 0 0 0 
0.0264 0 0 0 0 0 0 0 0 0 0 0 0 0 0 0 0 0 
0.0156 0 0 0 0 0 0 0 0 0 0 0 0 0 0 0 0 0 
0.006 0 0 0 0 0 0 0 0 0 0 0 0 0 0 0 0 0 
0.0022 0 0 0 0 0 0 0 0 0 0 0 0 0 0 0 0 0 
0.0014 0 0 0 0 0 0 0 0 0 0 0 0 0 0 0 0 0 
0 0 0 0 0 0 0 0 0 0 0 0 0 0 0 0 0 0 
0 0 0 0 0 0 0 0 0 0 0 0 0 0 0 0 0 0 
0 0 0 0 0 0 0 0 0 0 0 0 0 0 0 0 0 0 

1 0.9968 0.9936 0.9802 0.9596 0.9292 0.8946 0.848 0.7922 0.7362 0.6796 0.6126 0.5404 0.4742 0.415 0.3464 0.2706 0.1894 
0.7806 0.5508 0.376 0.2486 0.1574 0.0928 0.0514 0.0278 0.009 0.0038 0.001 0.0004 0 0 0 0 0 0 
0.6102 0.2862 0.125 0.0368 0.0072 0.0008 0 0 0 0 0 0 0 0 0 0 0 0 
0.4736 0.1572 0.0418 0.004 0.0006 0.0002 0 0 0 0 0 0 0 0 0 0 0 0 
0.36 0.0776 0.011 0.0002 0 0 0 0 0 0 0 0 0 0 0 0 0 0 
0.2698 0.0316 0.0018 0 0 0 0 0 0 0 0 0 0 0 0 0 0 0 
0.188 0.0104 0.0004 0 0 0 0 0 0 0 0 0 0 0 0 0 0 0 
0.1328 0.004 0 0 0 0 0 0 0 0 0 0 0 0 0 0 0 0 
0.0864 0.0012 0 0 0 0 0 0 0 0 0 0 0 0 0 0 0 0 
0.0542 0.0002 0 0 0 0 0 0 0 0 0 0 0 0 0 0 0 0 
0.0344 0.0002 0 0 0 0 0 0 0 0 0 0 0 0 0 0 0 0 
0.0178 0 0 0 0 0 0 0 0 0 0 0 0 0 0 0 0 0 
0.0094 0 0 0 0 0 0 0 0 0 0 0 0 0 0 0 0 0 
0.0044 0 0 0 0 0 0 0 0 0 0 0 0 0 0 0 0 0 
0.0014 0 0 0 0 0 0 0 0 0 0 0 0 0 0 0 0 0 
0.0008 0 0 0 0 0 0 0 0 0 0 0 0 0 0 0 0 0 
0 0 0 0 0 0 0 0 0 0 0 0 0 0 0 0 0 0 
0.0002 0 0 0 0 0 0 0 0 0 0 0 0 0 0 0 0 0 

1 0.999 0.9978 0.9904 0.9866 0.9786 0.9688 0.9556 0.9418 0.9186 0.8952 0.8644 0.83 0.7804 0.7188 0.6542 0.5692 0.4396 
0.5492 0.042 0.0168 0.0076 0.0046 0.0026 0.0024 0.0006 0.0004 0 0 0 0 0 0 0 0 0 
0.4158 0.0116 0.0016 0.0002 0 0 0 0 0 0 0 0 0 0 0 0 0 0 
0.3296 0.0052 0.0004 0.0002 0 0 0 0 0 0 0 0 0 0 0 0 0 0 
0.2738 0.0026 0 0 0 0 0 0 0 0 0 0 0 0 0 0 0 0 
0.2224 0.0012 0 0 0 0 0 0 0 0 0 0 0 0 0 0 0 0 
0.173 0.0004 0 0 0 0 0 0 0 0 0 0 0 0 0 0 0 0 
0.1374 0 0 0 0 0 0 0 0 0 0 0 0 0 0 0 0 0 
0.1028 0 0 0 0 0 0 0 0 0 0 0 0 0 0 0 0 0 
0.0742 0 0 0 0 0 0 0 0 0 0 0 0 0 0 0 0 0 
0.0536 0 0 0 0 0 0 0 0 0 0 0 0 0 0 0 0 0 
0.0354 0 0 0 0 0 0 0 0 0 0 0 0 0 0 0 0 0 
0.021 0 0 0 0 0 0 0 0 0 0 0 0 0 0 0 0 0 
0.0136 0 0 0 0 0 0 0 0 0 0 0 0 0 0 0 0 0 
0.0052 0 0 0 0 0 0 0 0 0 0 0 0 0 0 0 0 0 
0.0032 0 0 0 0 0 0 0 0 0 0 0 0 0 0 0 0 0 
0.0004 0 0 0 0 0 0 0 0 0 0 0 0 0 0 0 0 0 
0 0 0 0 0 0 0 0 0 0 0 0 0 0 0 0 0 0 

1 0.9974 0.996 0.9846 0.9668 0.945 0.9182 0.8854 0.842 0.7904 0.7352 0.68 0.61 0.54 0.4606 0.3786 0.2812 0.1894 
0.7792 0.417 0.255 0.1494 0.0864 0.0534 0.027 0.0126 0.0038 0.0026 0.0002 0 0 0 0 0 0 0 
0.6258 0.182 0.0622 0.0134 0.0026 0.0012 0 0 0 0 0 0 0 0 0 0 0 0 
0.4982 0.0922 0.0202 0.0012 0 0 0 0 0 0 0 0 0 0 0 0 0 0 
0.397 0.0422 0.0044 0.0004 0 0 0 0 0 0 0 0 0 0 0 0 0 0 
0.3112 0.017 0.001 0 0 0 0 0 0 0 0 0 0 0 0 0 0 0 
0.234 0.006 0.0002 0 0 0 0 0 0 0 0 0 0 0 0 0 0 0 
0.1666 0.0014 0 0 0 0 0 0 0 0 0 0 0 0 0 0 0 0 
0.1196 0 0 0 0 0 0 0 0 0 0 0 0 0 0 0 0 0 
0.0844 0 0 0 0 0 0 0 0 0 0 0 0 0 0 0 0 0 
0.0574 0 0 0 0 0 0 0 0 0 0 0 0 0 0 0 0 0 
0.035 0 0 0 0 0 0 0 0 0 0 0 0 0 0 0 0 0 
0.0202 0 0 0 0 0 0 0 0 0 0 0 0 0 0 0 0 0 
0.009 0 0 0 0 0 0 0 0 0 0 0 0 0 0 0 0 0 
0.005 0 0 0 0 0 0 0 0 0 0 0 0 0 0 0 0 0 
0.001 0 0 0 0 0 0 0 0 0 0 0 0 0 0 0 0 0 
0.0006 0 0 0 0 0 0 0 0 0 0 0 0 0 0 0 0 0 
0 0 0 0 0 0 0 0 0 0 0 0 0 0 0 0 0 0 

1 0.9972 0.995 0.9898 0.983 0.9716 0.962 0.9474 0.9326 0.9094 0.8822 0.8504 0.8124 0.7548 0.6976 0.6246 0.5242 0.3784 
0.6094 0.0132 0.0014 0.0008 0.0004 0.0004 0.0002 0.0002 0 0 0 0 0 0 0 0 0 0 
0.477 0.002 0.0002 0.0002 0 0 0 0 0 0 0 0 0 0 0 0 0 0 
0.3778 0.001 0.0002 0 0 0 0 0 0 0 0 0 0 0 0 0 0 0 
0.3022 0.0006 0 0 0 0 0 0 0 0 0 0 0 0 0 0 0 0 
0.2504 0.0004 0 0 0 0 0 0 0 0 0 0 0 0 0 0 0 0 
0.203 0.0002 0 0 0 0 0 0 0 0 0 0 0 0 0 0 0 0 
0.1508 0.0002 0 0 0 0 0 0 0 0 0 0 0 0 0 0 0 0 
0.1238 0 0 0 0 0 0 0 0 0 0 0 0 0 0 0 0 0 
0.0946 0 0 0 0 0 0 0 0 0 0 0 0 0 0 0 0 0 
0.0688 0 0 0 0 0 0 0 0 0 0 0 0 0 0 0 0 0 
0.047 0 0 0 0 0 0 0 0 0 0 0 0 0 0 0 0 0 
0.03 0 0 0 0 0 0 0 0 0 0 0 0 0 0 0 0 0 
0.0156 0 0 0 0 0 0 0 0 0 0 0 0 0 0 0 0 0 
0.0098 0 0 0 0 0 0 0 0 0 0 0 0 0 0 0 0 0 
0.0042 0 0 0 0 0 0 0 0 0 0 0 0 0 0 0 0 0 
0.0014 0 0 0 0 0 0 0 0 0 0 0 0 0 0 0 0 0 
0 0 0 0 0 0 0 0 0 0 0 0 0 0 0 0 0 0 

1 0.999 0.997 0.9938 0.985 0.9746 0.9662 0.9558 0.9334 0.9126 0.8846 0.8534 0.8128 0.7566 0.6978 0.6164 0.5142 0.3734 
0.6166 0.0048 0.001 0 0 0 0 0 0 0 0 0 0 0 0 0 0 0 
0.482 0.0014 0 0 0 0 0 0 0 0 0 0 0 0 0 0 0 0 
0.3842 0 0 0 0 0 0 0 0 0 0 0 0 0 0 0 0 0 
0.3058 0 0 0 0 0 0 0 0 0 0 0 0 0 0 0 0 0 
0.251 0 0 0 0 0 0 0 0 0 0 0 0 0 0 0 0 0 
0.204 0 0 0 0 0 0 0 0 0 0 0 0 0 0 0 0 0 
0.1538 0 0 0 0 0 0 0 0 0 0 0 0 0 0 0 0 0 
0.1202 0 0 0 0 0 0 0 0 0 0 0 0 0 0 0 0 0 
0.0916 0 0 0 0 0 0 0 0 0 0 0 0 0 0 0 0 0 
0.064 0 0 0 0 0 0 0 0 0 0 0 0 0 0 0 0 0 
0.0416 0 0 0 0 0 0 0 0 0 0 0 0 0 0 0 0 0 
0.0258 0 0 0 0 0 0 0 0 0 0 0 0 0 0 0 0 0 
0.015 0 0 0 0 0 0 0 0 0 0 0 0 0 0 0 0 0 
0.0074 0 0 0 0 0 0 0 0 0 0 0 0 0 0 0 0 0 
0.0024 0 0 0 0 0 0 0 0 0 0 0 0 0 0 0 0 0 
0.0006 0 0 0 0 0 0 0 0 0 0 0 0 0 0 0 0 0 
0.0002 0 0 0 0 0 0 0 0 0 0 0 0 0 0 0 0 0 

1 0.9982 0.9976 0.992 0.986 0.9814 0.97 0.9626 0.954 0.9358 0.9192 0.8976 0.8656 0.8334 0.7912 0.7378 0.657 0.5394 
0.4564 0 0 0 0 0 0 0 0 0 0 0 0 0 0 0 0 0 
0.3416 0 0 0 0 0 0 0 0 0 0 0 0 0 0 0 0 0 
0.2626 0 0 0 0 0 0 0 0 0 0 0 0 0 0 0 0 0 
0.2152 0 0 0 0 0 0 0 0 0 0 0 0 0 0 0 0 0 
0.173 0 0 0 0 0 0 0 0 0 0 0 0 0 0 0 0 0 
0.1434 0 0 0 0 0 0 0 0 0 0 0 0 0 0 0 0 0 
0.1086 0 0 0 0 0 0 0 0 0 0 0 0 0 0 0 0 0 
0.0916 0 0 0 0 0 0 0 0 0 0 0 0 0 0 0 0 0 
0.0648 0 0 0 0 0 0 0 0 0 0 0 0 0 0 0 0 0 
0.0462 0 0 0 0 0 0 0 0 0 0 0 0 0 0 0 0 0 
0.0326 0 0 0 0 0 0 0 0 0 0 0 0 0 0 0 0 0 
0.0188 0 0 0 0 0 0 0 0 0 0 0 0 0 0 0 0 0 
0.0124 0 0 0 0 0 0 0 0 0 0 0 0 0 0 0 0 0 
0.0096 0 0 0 0 0 0 0 0 0 0 0 0 0 0 0 0 0 
0.0036 0 0 0 0 0 0 0 0 0 0 0 0 0 0 0 0 0 
0.0006 0 0 0 0 0 0 0 0 0 0 0 0 0 0 0 0 0 
0.0002 0 0 0 0 0 0 0 0 0 0 0 0 0 0 0 0 0 

1 0.9968 0.9868 0.9702 0.9382 0.9012 0.8544 0.7948 0.7152 0.6228 0.5294 0.444 0.3546 0.2836 0.2042 0.1454 0.0914 0.0522 
0.9144 0.7466 0.538 0.3716 0.2224 0.1428 0.0764 0.0368 0.0114 0.0038 0.0018 0.0006 0.0002 0 0 0 0 0 
0.7682 0.4036 0.1474 0.0444 0.0054 0.0018 0.0002 0 0 0 0 0 0 0 0 0 0 0 
0.6364 0.2218 0.045 0.0062 0.0002 0 0 0 0 0 0 0 0 0 0 0 0 0 
0.5028 0.0992 0.0102 0.0004 0 0 0 0 0 0 0 0 0 0 0 0 0 0 
0.374 0.041 0.0024 0 0 0 0 0 0 0 0 0 0 0 0 0 0 0 
0.2608 0.0128 0.0004 0 0 0 0 0 0 0 0 0 0 0 0 0 0 0 
0.1784 0.0034 0.0002 0 0 0 0 0 0 0 0 0 0 0 0 0 0 0 
0.1202 0.0006 0.0002 0 0 0 0 0 0 0 0 0 0 0 0 0 0 0 
0.0766 0.0002 0 0 0 0 0 0 0 0 0 0 0 0 0 0 0 0 
0.0444 0.0002 0 0 0 0 0 0 0 0 0 0 0 0 0 0 0 0 
0.0218 0 0 0 0 0 0 0 0 0 0 0 0 0 0 0 0 0 
0.0108 0 0 0 0 0 0 0 0 0 0 0 0 0 0 0 0 0 
0.0046 0 0 0 0 0 0 0 0 0 0 0 0 0 0 0 0 0 
0.0012 0 0 0 0 0 0 0 0 0 0 0 0 0 0 0 0 0 
0.0004 0 0 0 0 0 0 0 0 0 0 0 0 0 0 0 0 0 
0.0002 0 0 0 0 0 0 0 0 0 0 0 0 0 0 0 0 0 
0 0 0 0 0 0 0 0 0 0 0 0 0 0 0 0 0 0 

1 0.9984 0.9968 0.9874 0.9772 0.9654 0.9476 0.9198 0.8976 0.8632 0.8148 0.7584 0.6984 0.6294 0.54 0.4448 0.3302 0.198 
0.7828 0.0776 0.0296 0.013 0.0076 0.004 0.0018 0.001 0.0006 0.0002 0 0 0 0 0 0 0 0 
0.6444 0.0198 0.0024 0.0004 0.0002 0 0 0 0 0 0 0 0 0 0 0 0 0 
0.539 0.0074 0.0002 0 0 0 0 0 0 0 0 0 0 0 0 0 0 0 
0.4558 0.0028 0.0002 0 0 0 0 0 0 0 0 0 0 0 0 0 0 0 
0.3672 0.0006 0 0 0 0 0 0 0 0 0 0 0 0 0 0 0 0 
0.2948 0.0004 0 0 0 0 0 0 0 0 0 0 0 0 0 0 0 0 
0.2352 0 0 0 0 0 0 0 0 0 0 0 0 0 0 0 0 0 
0.1884 0 0 0 0 0 0 0 0 0 0 0 0 0 0 0 0 0 
0.1276 0 0 0 0 0 0 0 0 0 0 0 0 0 0 0 0 0 
0.0932 0 0 0 0 0 0 0 0 0 0 0 0 0 0 0 0 0 
0.0624 0 0 0 0 0 0 0 0 0 0 0 0 0 0 0 0 0 
0.0356 0 0 0 0 0 0 0 0 0 0 0 0 0 0 0 0 0 
0.0238 0 0 0 0 0 0 0 0 0 0 0 0 0 0 0 0 0 
0.0086 0 0 0 0 0 0 0 0 0 0 0 0 0 0 0 0 0 
0.0032 0 0 0 0 0 0 0 0 0 0 0 0 0 0 0 0 0 
0.0008 0 0 0 0 0 0 0 0 0 0 0 0 0 0 0 0 0 
0 0 0 0 0 0 0 0 0 0 0 0 0 0 0 0 0 0 

1 0.9984 0.9948 0.9848 0.972 0.957 0.9456 0.9224 0.888 0.8532 0.8004 0.7428 0.6862 0.6006 0.5124 0.4136 0.2906 0.1582 
0.8214 0.0476 0.0132 0.0036 0.0018 0.0008 0.0006 0 0 0 0 0 0 0 0 0 0 0 
0.687 0.0096 0.0012 0.0002 0 0 0 0 0 0 0 0 0 0 0 0 0 0 
0.5722 0.0026 0.0002 0 0 0 0 0 0 0 0 0 0 0 0 0 0 0 
0.4874 0.0012 0 0 0 0 0 0 0 0 0 0 0 0 0 0 0 0 
0.4108 0.0006 0 0 0 0 0 0 0 0 0 0 0 0 0 0 0 0 
0.327 0 0 0 0 0 0 0 0 0 0 0 0 0 0 0 0 0 
0.2636 0 0 0 0 0 0 0 0 0 0 0 0 0 0 0 0 0 
0.208 0 0 0 0 0 0 0 0 0 0 0 0 0 0 0 0 0 
0.1534 0 0 0 0 0 0 0 0 0 0 0 0 0 0 0 0 0 
0.1086 0 0 0 0 0 0 0 0 0 0 0 0 0 0 0 0 0 
0.0696 0 0 0 0 0 0 0 0 0 0 0 0 0 0 0 0 0 
0.0438 0 0 0 0 0 0 0 0 0 0 0 0 0 0 0 0 0 
0.0236 0 0 0 0 0 0 0 0 0 0 0 0 0 0 0 0 0 
0.012 0 0 0 0 0 0 0 0 0 0 0 0 0 0 0 0 0 
0.0054 0 0 0 0 0 0 0 0 0 0 0 0 0 0 0 0 0 
0.002 0 0 0 0 0 0 0 0 0 0 0 0 0 0 0 0 0 
0 0 0 0 0 0 0 0 0 0 0 0 0 0 0 0 0 0 

1 0.9974 0.9962 0.9876 0.9814 0.9716 0.9544 0.9368 0.9218 0.8882 0.853 0.828 0.7724 0.7164 0.6438 0.5602 0.4446 0.2854 
0.6978 0 0 0 0 0 0 0 0 0 0 0 0 0 0 0 0 0 
0.5544 0 0 0 0 0 0 0 0 0 0 0 0 0 0 0 0 0 
0.4448 0 0 0 0 0 0 0 0 0 0 0 0 0 0 0 0 0 
0.363 0 0 0 0 0 0 0 0 0 0 0 0 0 0 0 0 0 
0.304 0 0 0 0 0 0 0 0 0 0 0 0 0 0 0 0 0 
0.2398 0 0 0 0 0 0 0 0 0 0 0 0 0 0 0 0 0 
0.1906 0 0 0 0 0 0 0 0 0 0 0 0 0 0 0 0 0 
0.1506 0 0 0 0 0 0 0 0 0 0 0 0 0 0 0 0 0 
0.1146 0 0 0 0 0 0 0 0 0 0 0 0 0 0 0 0 0 
0.0804 0 0 0 0 0 0 0 0 0 0 0 0 0 0 0 0 0 
0.0554 0 0 0 0 0 0 0 0 0 0 0 0 0 0 0 0 0 
0.0334 0 0 0 0 0 0 0 0 0 0 0 0 0 0 0 0 0 
0.0184 0 0 0 0 0 0 0 0 0 0 0 0 0 0 0 0 0 
0.0104 0 0 0 0 0 0 0 0 0 0 0 0 0 0 0 0 0 
0.0032 0 0 0 0 0 0 0 0 0 0 0 0 0 0 0 0 0 
0 0 0 0 0 0 0 0 0 0 0 0 0 0 0 0 0 0 
0 0 0 0 0 0 0 0 0 0 0 0 0 0 0 0 0 0 

1 0.998 0.9946 0.9868 0.9766 0.959 0.9406 0.9152 0.8826 0.8468 0.7986 0.7386 0.6658 0.594 0.5066 0.396 0.2722 0.1422 
0.828 0.026 0.0054 0.0016 0.0008 0.0002 0 0 0 0 0 0 0 0 0 0 0 0 
0.7122 0.0042 0 0 0 0 0 0 0 0 0 0 0 0 0 0 0 0 
0.6044 0.0014 0 0 0 0 0 0 0 0 0 0 0 0 0 0 0 0 
0.502 0.0008 0 0 0 0 0 0 0 0 0 0 0 0 0 0 0 0 
0.4246 0.0002 0 0 0 0 0 0 0 0 0 0 0 0 0 0 0 0 
0.341 0 0 0 0 0 0 0 0 0 0 0 0 0 0 0 0 0 
0.2756 0 0 0 0 0 0 0 0 0 0 0 0 0 0 0 0 0 
0.2172 0 0 0 0 0 0 0 0 0 0 0 0 0 0 0 0 0 
0.1616 0 0 0 0 0 0 0 0 0 0 0 0 0 0 0 0 0 
0.1112 0 0 0 0 0 0 0 0 0 0 0 0 0 0 0 0 0 
0.075 0 0 0 0 0 0 0 0 0 0 0 0 0 0 0 0 0 
0.0486 0 0 0 0 0 0 0 0 0 0 0 0 0 0 0 0 0 
0.0254 0 0 0 0 0 0 0 0 0 0 0 0 0 0 0 0 0 
0.0118 0 0 0 0 0 0 0 0 0 0 0 0 0 0 0 0 0 
0.005 0 0 0 0 0 0 0 0 0 0 0 0 0 0 0 0 0 
0.0016 0 0 0 0 0 0 0 0 0 0 0 0 0 0 0 0 0 
0 0 0 0 0 0 0 0 0 0 0 0 0 0 0 0 0 0 

1 0.999 0.995 0.986 0.9768 0.9712 0.9562 0.9398 0.914 0.8834 0.845 0.807 0.7566 0.6952 0.629 0.537 0.4314 0.2776 
0.7104 0 0 0 0 0 0 0 0 0 0 0 0 0 0 0 0 0 
0.5624 0 0 0 0 0 0 0 0 0 0 0 0 0 0 0 0 0 
0.4678 0 0 0 0 0 0 0 0 0 0 0 0 0 0 0 0 0 
0.3842 0 0 0 0 0 0 0 0 0 0 0 0 0 0 0 0 0 
0.3168 0 0 0 0 0 0 0 0 0 0 0 0 0 0 0 0 0 
0.2572 0 0 0 0 0 0 0 0 0 0 0 0 0 0 0 0 0 
0.207 0 0 0 0 0 0 0 0 0 0 0 0 0 0 0 0 0 
0.159 0 0 0 0 0 0 0 0 0 0 0 0 0 0 0 0 0 
0.1234 0 0 0 0 0 0 0 0 0 0 0 0 0 0 0 0 0 
0.0846 0 0 0 0 0 0 0 0 0 0 0 0 0 0 0 0 0 
0.0586 0 0 0 0 0 0 0 0 0 0 0 0 0 0 0 0 0 
0.0348 0 0 0 0 0 0 0 0 0 0 0 0 0 0 0 0 0 
0.0176 0 0 0 0 0 0 0 0 0 0 0 0 0 0 0 0 0 
0.0102 0 0 0 0 0 0 0 0 0 0 0 0 0 0 0 0 0 
0.005 0 0 0 0 0 0 0 0 0 0 0 0 0 0 0 0 0 
0.0008 0 0 0 0 0 0 0 0 0 0 0 0 0 0 0 0 0 
0 0 0 0 0 0 0 0 0 0 0 0 0 0 0 0 0 0 

1 0.9978 0.9978 0.9908 0.9752 0.9714 0.9548 0.9324 0.9182 0.8878 0.8536 0.8156 0.764 0.7072 0.639 0.5512 0.4318 0.2742 
0.7062 0 0 0 0 0 0 0 0 0 0 0 0 0 0 0 0 0 
0.5618 0 0 0 0 0 0 0 0 0 0 0 0 0 0 0 0 0 
0.4584 0 0 0 0 0 0 0 0 0 0 0 0 0 0 0 0 0 
0.3738 0 0 0 0 0 0 0 0 0 0 0 0 0 0 0 0 0 
0.3022 0 0 0 0 0 0 0 0 0 0 0 0 0 0 0 0 0 
0.2496 0 0 0 0 0 0 0 0 0 0 0 0 0 0 0 0 0 
0.1916 0 0 0 0 0 0 0 0 0 0 0 0 0 0 0 0 0 
0.1562 0 0 0 0 0 0 0 0 0 0 0 0 0 0 0 0 0 
0.1158 0 0 0 0 0 0 0 0 0 0 0 0 0 0 0 0 0 
0.0866 0 0 0 0 0 0 0 0 0 0 0 0 0 0 0 0 0 
0.059 0 0 0 0 0 0 0 0 0 0 0 0 0 0 0 0 0 
0.0376 0 0 0 0 0 0 0 0 0 0 0 0 0 0 0 0 0 
0.0208 0 0 0 0 0 0 0 0 0 0 0 0 0 0 0 0 0 
0.0108 0 0 0 0 0 0 0 0 0 0 0 0 0 0 0 0 0 
0.005 0 0 0 0 0 0 0 0 0 0 0 0 0 0 0 0 0 
0.0014 0 0 0 0 0 0 0 0 0 0 0 0 0 0 0 0 0 
0.0004 0 0 0 0 0 0 0 0 0 0 0 0 0 0 0 0 0 

1 0.999 0.9988 0.9894 0.9834 0.9776 0.9676 0.9578 0.9406 0.917 0.8982 0.8682 0.834 0.792 0.7406 0.667 0.5816 0.4368 
0.5548 0 0 0 0 0 0 0 0 0 0 0 0 0 0 0 0 0 
0.4176 0 0 0 0 0 0 0 0 0 0 0 0 0 0 0 0 0 
0.3338 0 0 0 0 0 0 0 0 0 0 0 0 0 0 0 0 0 
0.2694 0 0 0 0 0 0 0 0 0 0 0 0 0 0 0 0 0 
0.221 0 0 0 0 0 0 0 0 0 0 0 0 0 0 0 0 0 
0.1802 0 0 0 0 0 0 0 0 0 0 0 0 0 0 0 0 0 
0.1384 0 0 0 0 0 0 0 0 0 0 0 0 0 0 0 0 0 
0.1072 0 0 0 0 0 0 0 0 0 0 0 0 0 0 0 0 0 
0.079 0 0 0 0 0 0 0 0 0 0 0 0 0 0 0 0 0 
0.0566 0 0 0 0 0 0 0 0 0 0 0 0 0 0 0 0 0 
0.0378 0 0 0 0 0 0 0 0 0 0 0 0 0 0 0 0 0 
0.0248 0 0 0 0 0 0 0 0 0 0 0 0 0 0 0 0 0 
0.015 0 0 0 0 0 0 0 0 0 0 0 0 0 0 0 0 0 
0.0092 0 0 0 0 0 0 0 0 0 0 0 0 0 0 0 0 0 
0.0046 0 0 0 0 0 0 0 0 0 0 0 0 0 0 0 0 0 
0.0008 0 0 0 0 0 0 0 0 0 0 0 0 0 0 0 0 0 
0.0002 0 0 0 0 0 0 0 0 0 0 0 0 0 0 0 0 0 

1 0.997 0.9958 0.9862 0.973 0.964 0.9452 0.9168 0.8892 0.8462 0.7984 0.7396 0.6756 0.5844 0.4916 0.3832 0.2622 0.1396 
0.8334 0.0102 0.0024 0.0006 0.0004 0.0002 0.0002 0 0 0 0 0 0 0 0 0 0 0 
0.712 0.0014 0 0 0 0 0 0 0 0 0 0 0 0 0 0 0 0 
0.6118 0.0002 0 0 0 0 0 0 0 0 0 0 0 0 0 0 0 0 
0.5188 0 0 0 0 0 0 0 0 0 0 0 0 0 0 0 0 0 
0.4346 0 0 0 0 0 0 0 0 0 0 0 0 0 0 0 0 0 
0.3472 0 0 0 0 0 0 0 0 0 0 0 0 0 0 0 0 0 
0.2856 0 0 0 0 0 0 0 0 0 0 0 0 0 0 0 0 0 
0.2178 0 0 0 0 0 0 0 0 0 0 0 0 0 0 0 0 0 
0.1582 0 0 0 0 0 0 0 0 0 0 0 0 0 0 0 0 0 
0.1136 0 0 0 0 0 0 0 0 0 0 0 0 0 0 0 0 0 
0.0788 0 0 0 0 0 0 0 0 0 0 0 0 0 0 0 0 0 
0.0464 0 0 0 0 0 0 0 0 0 0 0 0 0 0 0 0 0 
0.0234 0 0 0 0 0 0 0 0 0 0 0 0 0 0 0 0 0 
0.0102 0 0 0 0 0 0 0 0 0 0 0 0 0 0 0 0 0 
0.004 0 0 0 0 0 0 0 0 0 0 0 0 0 0 0 0 0 
0.0006 0 0 0 0 0 0 0 0 0 0 0 0 0 0 0 0 0 
0 0 0 0 0 0 0 0 0 0 0 0 0 0 0 0 0 0 

1 0.999 0.9942 0.988 0.9794 0.9696 0.9578 0.9364 0.9136 0.889 0.8516 0.8108 0.7554 0.695 0.6186 0.532 0.4186 0.2698 
0.718 0 0 0 0 0 0 0 0 0 0 0 0 0 0 0 0 0 
0.5722 0 0 0 0 0 0 0 0 0 0 0 0 0 0 0 0 0 
0.4722 0 0 0 0 0 0 0 0 0 0 0 0 0 0 0 0 0 
0.387 0 0 0 0 0 0 0 0 0 0 0 0 0 0 0 0 0 
0.3216 0 0 0 0 0 0 0 0 0 0 0 0 0 0 0 0 0 
0.2562 0 0 0 0 0 0 0 0 0 0 0 0 0 0 0 0 0 
0.2028 0 0 0 0 0 0 0 0 0 0 0 0 0 0 0 0 0 
0.1608 0 0 0 0 0 0 0 0 0 0 0 0 0 0 0 0 0 
0.1152 0 0 0 0 0 0 0 0 0 0 0 0 0 0 0 0 0 
0.0806 0 0 0 0 0 0 0 0 0 0 0 0 0 0 0 0 0 
0.058 0 0 0 0 0 0 0 0 0 0 0 0 0 0 0 0 0 
0.0376 0 0 0 0 0 0 0 0 0 0 0 0 0 0 0 0 0 
0.0226 0 0 0 0 0 0 0 0 0 0 0 0 0 0 0 0 0 
0.011 0 0 0 0 0 0 0 0 0 0 0 0 0 0 0 0 0 
0.004 0 0 0 0 0 0 0 0 0 0 0 0 0 0 0 0 0 
0.0014 0 0 0 0 0 0 0 0 0 0 0 0 0 0 0 0 0 
0 0 0 0 0 0 0 0 0 0 0 0 0 0 0 0 0 0 

1 0.998 0.9972 0.9912 0.9842 0.9674 0.9522 0.9334 0.9122 0.8822 0.8504 0.8126 0.7568 0.6902 0.6218 0.5312 0.424 0.2732 
0.7098 0 0 0 0 0 0 0 0 0 0 0 0 0 0 0 0 0 
0.5644 0 0 0 0 0 0 0 0 0 0 0 0 0 0 0 0 0 
0.4674 0 0 0 0 0 0 0 0 0 0 0 0 0 0 0 0 0 
0.3896 0 0 0 0 0 0 0 0 0 0 0 0 0 0 0 0 0 
0.3194 0 0 0 0 0 0 0 0 0 0 0 0 0 0 0 0 0 
0.2624 0 0 0 0 0 0 0 0 0 0 0 0 0 0 0 0 0 
0.2064 0 0 0 0 0 0 0 0 0 0 0 0 0 0 0 0 0 
0.1622 0 0 0 0 0 0 0 0 0 0 0 0 0 0 0 0 0 
0.1192 0 0 0 0 0 0 0 0 0 0 0 0 0 0 0 0 0 
0.0872 0 0 0 0 0 0 0 0 0 0 0 0 0 0 0 0 0 
0.0606 0 0 0 0 0 0 0 0 0 0 0 0 0 0 0 0 0 
0.0392 0 0 0 0 0 0 0 0 0 0 0 0 0 0 0 0 0 
0.0216 0 0 0 0 0 0 0 0 0 0 0 0 0 0 0 0 0 
0.0096 0 0 0 0 0 0 0 0 0 0 0 0 0 0 0 0 0 
0.0022 0 0 0 0 0 0 0 0 0 0 0 0 0 0 0 0 0 
0.0006 0 0 0 0 0 0 0 0 0 0 0 0 0 0 0 0 0 
0 0 0 0 0 0 0 0 0 0 0 0 0 0 0 0 0 0 

1 0.999 0.9968 0.9914 0.9886 0.9798 0.9666 0.9502 0.9384 0.9206 0.8952 0.8672 0.8328 0.7852 0.7296 0.664 0.5734 0.4348 
0.5602 0 0 0 0 0 0 0 0 0 0 0 0 0 0 0 0 0 
0.4232 0 0 0 0 0 0 0 0 0 0 0 0 0 0 0 0 0 
0.3382 0 0 0 0 0 0 0 0 0 0 0 0 0 0 0 0 0 
0.2762 0 0 0 0 0 0 0 0 0 0 0 0 0 0 0 0 0 
0.2226 0 0 0 0 0 0 0 0 0 0 0 0 0 0 0 0 0 
0.1784 0 0 0 0 0 0 0 0 0 0 0 0 0 0 0 0 0 
0.1404 0 0 0 0 0 0 0 0 0 0 0 0 0 0 0 0 0 
0.108 0 0 0 0 0 0 0 0 0 0 0 0 0 0 0 0 0 
0.0808 0 0 0 0 0 0 0 0 0 0 0 0 0 0 0 0 0 
0.0586 0 0 0 0 0 0 0 0 0 0 0 0 0 0 0 0 0 
0.0428 0 0 0 0 0 0 0 0 0 0 0 0 0 0 0 0 0 
0.0278 0 0 0 0 0 0 0 0 0 0 0 0 0 0 0 0 0 
0.0166 0 0 0 0 0 0 0 0 0 0 0 0 0 0 0 0 0 
0.0074 0 0 0 0 0 0 0 0 0 0 0 0 0 0 0 0 0 
0.0034 0 0 0 0 0 0 0 0 0 0 0 0 0 0 0 0 0 
0.0016 0 0 0 0 0 0 0 0 0 0 0 0 0 0 0 0 0 
0.0002 0 0 0 0 0 0 0 0 0 0 0 0 0 0 0 0 0 

1 0.9986 0.9974 0.9896 0.983 0.9742 0.9626 0.947 0.929 0.9018 0.8728 0.8278 0.7774 0.7206 0.6552 0.574 0.4728 0.32 
0.6664 0 0 0 0 0 0 0 0 0 0 0 0 0 0 0 0 0 
0.5224 0 0 0 0 0 0 0 0 0 0 0 0 0 0 0 0 0 
0.4254 0 0 0 0 0 0 0 0 0 0 0 0 0 0 0 0 0 
0.3558 0 0 0 0 0 0 0 0 0 0 0 0 0 0 0 0 0 
0.291 0 0 0 0 0 0 0 0 0 0 0 0 0 0 0 0 0 
0.2376 0 0 0 0 0 0 0 0 0 0 0 0 0 0 0 0 0 
0.1844 0 0 0 0 0 0 0 0 0 0 0 0 0 0 0 0 0 
0.1366 0 0 0 0 0 0 0 0 0 0 0 0 0 0 0 0 0 
0.1022 0 0 0 0 0 0 0 0 0 0 0 0 0 0 0 0 0 
0.073 0 0 0 0 0 0 0 0 0 0 0 0 0 0 0 0 0 
0.0446 0 0 0 0 0 0 0 0 0 0 0 0 0 0 0 0 0 
0.0294 0 0 0 0 0 0 0 0 0 0 0 0 0 0 0 0 0 
0.016 0 0 0 0 0 0 0 0 0 0 0 0 0 0 0 0 0 
0.0066 0 0 0 0 0 0 0 0 0 0 0 0 0 0 0 0 0 
0.0036 0 0 0 0 0 0 0 0 0 0 0 0 0 0 0 0 0 
0.0012 0 0 0 0 0 0 0 0 0 0 0 0 0 0 0 0 0 
0 0 0 0 0 0 0 0 0 0 0 0 0 0 0 0 0 0 

1 0.9994 0.9974 0.9932 0.987 0.977 0.9702 0.9578 0.9448 0.922 0.9 0.8716 0.8406 0.8018 0.752 0.6888 0.6032 0.4676 
0.5272 0 0 0 0 0 0 0 0 0 0 0 0 0 0 0 0 0 
0.3964 0 0 0 0 0 0 0 0 0 0 0 0 0 0 0 0 0 
0.3146 0 0 0 0 0 0 0 0 0 0 0 0 0 0 0 0 0 
0.2556 0 0 0 0 0 0 0 0 0 0 0 0 0 0 0 0 0 
0.203 0 0 0 0 0 0 0 0 0 0 0 0 0 0 0 0 0 
0.1686 0 0 0 0 0 0 0 0 0 0 0 0 0 0 0 0 0 
0.1318 0 0 0 0 0 0 0 0 0 0 0 0 0 0 0 0 0 
0.1042 0 0 0 0 0 0 0 0 0 0 0 0 0 0 0 0 0 
0.0788 0 0 0 0 0 0 0 0 0 0 0 0 0 0 0 0 0 
0.0552 0 0 0 0 0 0 0 0 0 0 0 0 0 0 0 0 0 
0.0382 0 0 0 0 0 0 0 0 0 0 0 0 0 0 0 0 0 
0.0234 0 0 0 0 0 0 0 0 0 0 0 0 0 0 0 0 0 
0.0158 0 0 0 0 0 0 0 0 0 0 0 0 0 0 0 0 0 
0.008 0 0 0 0 0 0 0 0 0 0 0 0 0 0 0 0 0 
0.0038 0 0 0 0 0 0 0 0 0 0 0 0 0 0 0 0 0 
0.001 0 0 0 0 0 0 0 0 0 0 0 0 0 0 0 0 0 
0 0 0 0 0 0 0 0 0 0 0 0 0 0 0 0 0 0 

1 0.999 0.9978 0.9946 0.9868 0.9836 0.9676 0.9608 0.9412 0.928 0.907 0.878 0.8434 0.802 0.754 0.6942 0.6078 0.4742 
0.5256 0 0 0 0 0 0 0 0 0 0 0 0 0 0 0 0 0 
0.3874 0 0 0 0 0 0 0 0 0 0 0 0 0 0 0 0 0 
0.3116 0 0 0 0 0 0 0 0 0 0 0 0 0 0 0 0 0 
0.2482 0 0 0 0 0 0 0 0 0 0 0 0 0 0 0 0 0 
0.2014 0 0 0 0 0 0 0 0 0 0 0 0 0 0 0 0 0 
0.1646 0 0 0 0 0 0 0 0 0 0 0 0 0 0 0 0 0 
0.1292 0 0 0 0 0 0 0 0 0 0 0 0 0 0 0 0 0 
0.098 0 0 0 0 0 0 0 0 0 0 0 0 0 0 0 0 0 
0.0726 0 0 0 0 0 0 0 0 0 0 0 0 0 0 0 0 0 
0.0532 0 0 0 0 0 0 0 0 0 0 0 0 0 0 0 0 0 
0.0374 0 0 0 0 0 0 0 0 0 0 0 0 0 0 0 0 0 
0.023 0 0 0 0 0 0 0 0 0 0 0 0 0 0 0 0 0 
0.0152 0 0 0 0 0 0 0 0 0 0 0 0 0 0 0 0 0 
0.008 0 0 0 0 0 0 0 0 0 0 0 0 0 0 0 0 0 
0.0032 0 0 0 0 0 0 0 0 0 0 0 0 0 0 0 0 0 
0.0012 0 0 0 0 0 0 0 0 0 0 0 0 0 0 0 0 0 
0.0002 0 0 0 0 0 0 0 0 0 0 0 0 0 0 0 0 0 

1 0.9992 0.9988 0.996 0.9928 0.985 0.9782 0.9712 0.9636 0.9504 0.9424 0.9268 0.9032 0.872 0.8394 0.8 0.7428 0.6368 
0.359 0 0 0 0 0 0 0 0 0 0 0 0 0 0 0 0 0 
0.2546 0 0 0 0 0 0 0 0 0 0 0 0 0 0 0 0 0 
0.206 0 0 0 0 0 0 0 0 0 0 0 0 0 0 0 0 0 
0.165 0 0 0 0 0 0 0 0 0 0 0 0 0 0 0 0 0 
0.136 0 0 0 0 0 0 0 0 0 0 0 0 0 0 0 0 0 
0.1052 0 0 0 0 0 0 0 0 0 0 0 0 0 0 0 0 0 
0.0802 0 0 0 0 0 0 0 0 0 0 0 0 0 0 0 0 0 
0.0588 0 0 0 0 0 0 0 0 0 0 0 0 0 0 0 0 0 
0.046 0 0 0 0 0 0 0 0 0 0 0 0 0 0 0 0 0 
0.0334 0 0 0 0 0 0 0 0 0 0 0 0 0 0 0 0 0 
0.0232 0 0 0 0 0 0 0 0 0 0 0 0 0 0 0 0 0 
0.0164 0 0 0 0 0 0 0 0 0 0 0 0 0 0 0 0 0 
0.0094 0 0 0 0 0 0 0 0 0 0 0 0 0 0 0 0 0 
0.0054 0 0 0 0 0 0 0 0 0 0 0 0 0 0 0 0 0 
0.0022 0 0 0 0 0 0 0 0 0 0 0 0 0 0 0 0 0 
0.0004 0 0 0 0 0 0 0 0 0 0 0 0 0 0 0 0 0 
0.0002 0 0 0 0 0 0 0 0 0 0 0 0 0 0 0 0 0 

