1 1 1 0.999537 0.938587 0.875475 0.739569 0.599594 0.388069 0.269906 0.155131 0.0997 0.053225 0.0339375 0.0175812 0.0111375 0.00468125 0.002775 
0.996656 0.989894 0.924269 0.78225 0.41675 0.241687 0.100337 0.04675 0.00570625 0.000725 0.00025625 0.00010625 3.75e-05 6.25e-06 0 1.25e-05 0 0 
0.946844 0.793931 0.399331 0.152544 0.0031125 0.00058125 8.75e-05 1.25e-05 0 0 0 0 0 0 0 0 0 0 
0.836987 0.495613 0.123156 0.0323563 2.5e-05 0 0 0 0 0 0 0 0 0 0 0 0 0 
0.608775 0.18065 0.0062875 0.00036875 0 0 0 0 0 0 0 0 0 0 0 0 0 0 
0.389119 0.0433 0.0005375 0.0001125 0 0 0 0 0 0 0 0 0 0 0 0 0 0 
0.175738 0.0044 1.25e-05 0 0 0 0 0 0 0 0 0 0 0 0 0 0 0 
0.0784812 0.0004375 0 0 0 0 0 0 0 0 0 0 0 0 0 0 0 0 
0.023275 6.875e-05 0 0 0 0 0 0 0 0 0 0 0 0 0 0 0 0 
0.0080125 0 0 0 0 0 0 0 0 0 0 0 0 0 0 0 0 0 
0.00116875 0 0 0 0 0 0 0 0 0 0 0 0 0 0 0 0 0 
0.00031875 0 0 0 0 0 0 0 0 0 0 0 0 0 0 0 0 0 
6.25e-06 0 0 0 0 0 0 0 0 0 0 0 0 0 0 0 0 0 
0 0 0 0 0 0 0 0 0 0 0 0 0 0 0 0 0 0 
0 0 0 0 0 0 0 0 0 0 0 0 0 0 0 0 0 0 
0 0 0 0 0 0 0 0 0 0 0 0 0 0 0 0 0 0 
0 0 0 0 0 0 0 0 0 0 0 0 0 0 0 0 0 0 
0 0 0 0 0 0 0 0 0 0 0 0 0 0 0 0 0 0 

1 1 0.995812 0.98645 0.9069 0.851225 0.7446 0.640413 0.478188 0.37685 0.257975 0.19025 0.1235 0.0887375 0.0544875 0.0385375 0.021025 0.013825 
0.9787 0.940037 0.8494 0.730462 0.411225 0.266375 0.130512 0.0707125 0.0145875 0.004025 0.0016125 0.000875 0.0004125 0.0001125 6.25e-05 1.25e-05 6.25e-05 0 
0.860237 0.678325 0.35285 0.154925 0.0074875 0.0029 0.0007875 0.0003125 1.25e-05 0 0 0 0 0 0 0 0 0 
0.719675 0.419012 0.126787 0.0393625 0.0006 0.0001125 1.25e-05 0 0 0 0 0 0 0 0 0 0 0 
0.51015 0.171375 0.0136875 0.0023 1.25e-05 0 0 0 0 0 0 0 0 0 0 0 0 0 
0.3438 0.0575375 0.0030875 0.000775 0 0 0 0 0 0 0 0 0 0 0 0 0 0 
0.182113 0.01275 0.00045 5e-05 0 0 0 0 0 0 0 0 0 0 0 0 0 0 
0.0974375 0.0035 0.0001375 6.25e-05 0 0 0 0 0 0 0 0 0 0 0 0 0 0 
0.0405125 0.00075 0 0 0 0 0 0 0 0 0 0 0 0 0 0 0 0 
0.0189 0.00015 0 0 0 0 0 0 0 0 0 0 0 0 0 0 0 0 
0.0056375 7.5e-05 0 0 0 0 0 0 0 0 0 0 0 0 0 0 0 0 
0.002425 2.5e-05 0 0 0 0 0 0 0 0 0 0 0 0 0 0 0 0 
0.0005625 2.5e-05 0 0 0 0 0 0 0 0 0 0 0 0 0 0 0 0 
0.0002125 0 0 0 0 0 0 0 0 0 0 0 0 0 0 0 0 0 
5e-05 0 0 0 0 0 0 0 0 0 0 0 0 0 0 0 0 0 
2.5e-05 0 0 0 0 0 0 0 0 0 0 0 0 0 0 0 0 0 
3.75e-05 1.25e-05 0 0 0 0 0 0 0 0 0 0 0 0 0 0 0 0 
1.25e-05 0 0 0 0 0 0 0 0 0 0 0 0 0 0 0 0 0 

1 0.999375 0.998575 0.993737 0.988012 0.978662 0.964837 0.94325 0.9124 0.871462 0.817825 0.754175 0.675 0.590237 0.498187 0.40015 0.295637 0.183625 
0.798 0.115387 0.041675 0.0189875 0.0099 0.00515 0.0024875 0.000925 0.000225 5e-05 2.5e-05 0 0 0 0 0 0 0 
0.6775 0.036125 0.004975 0.0006625 8.75e-05 1.25e-05 0 0 0 0 0 0 0 0 0 0 0 0 
0.57275 0.0151 0.0011125 0.0001 0 0 0 0 0 0 0 0 0 0 0 0 0 0 
0.478425 0.0064375 0.0002 1.25e-05 0 0 0 0 0 0 0 0 0 0 0 0 0 0 
0.389987 0.0024625 1.25e-05 0 0 0 0 0 0 0 0 0 0 0 0 0 0 0 
0.307887 0.0008 0 0 0 0 0 0 0 0 0 0 0 0 0 0 0 0 
0.231625 0.0001375 0 0 0 0 0 0 0 0 0 0 0 0 0 0 0 0 
0.1655 3.75e-05 0 0 0 0 0 0 0 0 0 0 0 0 0 0 0 0 
0.1114 0 0 0 0 0 0 0 0 0 0 0 0 0 0 0 0 0 
0.069025 1.25e-05 0 0 0 0 0 0 0 0 0 0 0 0 0 0 0 0 
0.0386625 0 0 0 0 0 0 0 0 0 0 0 0 0 0 0 0 0 
0.0194 0 0 0 0 0 0 0 0 0 0 0 0 0 0 0 0 0 
0.00795 0 0 0 0 0 0 0 0 0 0 0 0 0 0 0 0 0 
0.0029 0 0 0 0 0 0 0 0 0 0 0 0 0 0 0 0 0 
0.0006875 0 0 0 0 0 0 0 0 0 0 0 0 0 0 0 0 0 
3.75e-05 0 0 0 0 0 0 0 0 0 0 0 0 0 0 0 0 0 
1.25e-05 0 0 0 0 0 0 0 0 0 0 0 0 0 0 0 0 0 

1 0.999475 0.99515 0.9862 0.9031 0.848225 0.746875 0.6503 0.48625 0.39075 0.274775 0.20815 0.140875 0.105875 0.0689 0.050775 0.0295 0.0202 
0.971325 0.933825 0.8518 0.747125 0.435425 0.28825 0.148175 0.08345 0.018275 0.0048 0.00235 0.001225 0.000475 0.0001 0.000125 7.5e-05 2.5e-05 0 
0.829525 0.659975 0.359825 0.166275 0.00865 0.0034 0.0009 0.000225 0 0 0 0 0 0 0 0 0 0 
0.677425 0.4062 0.133125 0.0429 0.0007 7.5e-05 2.5e-05 0 0 0 0 0 0 0 0 0 0 0 
0.46195 0.16795 0.0153 0.002725 2.5e-05 0 0 0 0 0 0 0 0 0 0 0 0 0 
0.301125 0.05385 0.0031 0.000875 0 0 0 0 0 0 0 0 0 0 0 0 0 0 
0.15305 0.0128 0.0004 2.5e-05 0 0 0 0 0 0 0 0 0 0 0 0 0 0 
0.082125 0.003475 0.00015 2.5e-05 0 0 0 0 0 0 0 0 0 0 0 0 0 0 
0.034475 0.00085 0 0 0 0 0 0 0 0 0 0 0 0 0 0 0 0 
0.0159 0.0001 2.5e-05 2.5e-05 0 0 0 0 0 0 0 0 0 0 0 0 0 0 
0.005025 0 0 0 0 0 0 0 0 0 0 0 0 0 0 0 0 0 
0.0023 2.5e-05 0 0 0 0 0 0 0 0 0 0 0 0 0 0 0 0 
0.000475 5e-05 0 0 0 0 0 0 0 0 0 0 0 0 0 0 0 0 
0.000175 2.5e-05 0 0 0 0 0 0 0 0 0 0 0 0 0 0 0 0 
7.5e-05 7.5e-05 0 0 0 0 0 0 0 0 0 0 0 0 0 0 0 0 
0 0 0 0 0 0 0 0 0 0 0 0 0 0 0 0 0 0 
2.5e-05 0 0 0 0 0 0 0 0 0 0 0 0 0 0 0 0 0 
0 0 0 0 0 0 0 0 0 0 0 0 0 0 0 0 0 0 

1 0.998425 0.996325 0.98365 0.964425 0.9378 0.899975 0.853325 0.797 0.732875 0.666375 0.592325 0.524725 0.4502 0.3763 0.301575 0.224275 0.1456 
0.8291 0.537175 0.36395 0.227325 0.134725 0.078125 0.040125 0.01755 0.00605 0.001875 0.0005 7.5e-05 7.5e-05 2.5e-05 0 0 0 0 
0.671525 0.270975 0.10665 0.027675 0.00485 0.000425 5e-05 0 0 0 0 0 0 0 0 0 0 0 
0.539925 0.142375 0.03385 0.003 7.5e-05 0 0 0 0 0 0 0 0 0 0 0 0 0 
0.423725 0.065875 0.007575 7.5e-05 0 0 0 0 0 0 0 0 0 0 0 0 0 0 
0.32165 0.028625 0.0015 0 0 0 0 0 0 0 0 0 0 0 0 0 0 0 
0.235675 0.009325 0.00015 0 0 0 0 0 0 0 0 0 0 0 0 0 0 0 
0.16215 0.002175 2.5e-05 0 0 0 0 0 0 0 0 0 0 0 0 0 0 0 
0.1078 0.000425 0 0 0 0 0 0 0 0 0 0 0 0 0 0 0 0 
0.067925 0.0001 0 0 0 0 0 0 0 0 0 0 0 0 0 0 0 0 
0.0413 2.5e-05 0 0 0 0 0 0 0 0 0 0 0 0 0 0 0 0 
0.022625 0 0 0 0 0 0 0 0 0 0 0 0 0 0 0 0 0 
0.011325 0 0 0 0 0 0 0 0 0 0 0 0 0 0 0 0 0 
0.004625 0 0 0 0 0 0 0 0 0 0 0 0 0 0 0 0 0 
0.0017 0 0 0 0 0 0 0 0 0 0 0 0 0 0 0 0 0 
0.000375 0 0 0 0 0 0 0 0 0 0 0 0 0 0 0 0 0 
2.5e-05 0 0 0 0 0 0 0 0 0 0 0 0 0 0 0 0 0 
0 0 0 0 0 0 0 0 0 0 0 0 0 0 0 0 0 0 

1 0.99875 0.996825 0.9901 0.981925 0.9679 0.94865 0.923 0.8851 0.836925 0.774925 0.7023 0.621725 0.531175 0.43575 0.33965 0.2429 0.143525 
0.832575 0.22635 0.100225 0.04995 0.025675 0.014425 0.00705 0.003325 0.000925 0.0002 2.5e-05 0 0 0 0 0 0 0 
0.711 0.0798 0.01475 0.0017 0.0002 5e-05 0 0 0 0 0 0 0 0 0 0 0 0 
0.605475 0.037725 0.00345 7.5e-05 2.5e-05 0 0 0 0 0 0 0 0 0 0 0 0 0 
0.509475 0.0167 0.000375 0 0 0 0 0 0 0 0 0 0 0 0 0 0 0 
0.4119 0.00635 2.5e-05 0 0 0 0 0 0 0 0 0 0 0 0 0 0 0 
0.3251 0.0022 0 0 0 0 0 0 0 0 0 0 0 0 0 0 0 0 
0.24535 0.000625 0 0 0 0 0 0 0 0 0 0 0 0 0 0 0 0 
0.1767 0.000125 0 0 0 0 0 0 0 0 0 0 0 0 0 0 0 0 
0.117425 0 0 0 0 0 0 0 0 0 0 0 0 0 0 0 0 0 
0.07265 0 0 0 0 0 0 0 0 0 0 0 0 0 0 0 0 0 
0.041025 0 0 0 0 0 0 0 0 0 0 0 0 0 0 0 0 0 
0.022275 0 0 0 0 0 0 0 0 0 0 0 0 0 0 0 0 0 
0.010475 0 0 0 0 0 0 0 0 0 0 0 0 0 0 0 0 0 
0.004075 0 0 0 0 0 0 0 0 0 0 0 0 0 0 0 0 0 
0.000925 0 0 0 0 0 0 0 0 0 0 0 0 0 0 0 0 0 
0.0001 0 0 0 0 0 0 0 0 0 0 0 0 0 0 0 0 0 
2.5e-05 0 0 0 0 0 0 0 0 0 0 0 0 0 0 0 0 0 

1 0.99955 0.9993 0.995475 0.99065 0.98295 0.973475 0.95915 0.936375 0.9111 0.878175 0.8374 0.785825 0.725425 0.65615 0.573375 0.472175 0.328475 
0.6644 0.0004 2.5e-05 2.5e-05 2.5e-05 2.5e-05 0 0 0 0 0 0 0 0 0 0 0 0 
0.5224 0 0 0 0 0 0 0 0 0 0 0 0 0 0 0 0 0 
0.427475 2.5e-05 0 0 0 0 0 0 0 0 0 0 0 0 0 0 0 0 
0.3471 2.5e-05 0 0 0 0 0 0 0 0 0 0 0 0 0 0 0 0 
0.280275 0 0 0 0 0 0 0 0 0 0 0 0 0 0 0 0 0 
0.2225 0 0 0 0 0 0 0 0 0 0 0 0 0 0 0 0 0 
0.170175 0 0 0 0 0 0 0 0 0 0 0 0 0 0 0 0 0 
0.126825 0 0 0 0 0 0 0 0 0 0 0 0 0 0 0 0 0 
0.091675 0 0 0 0 0 0 0 0 0 0 0 0 0 0 0 0 0 
0.0617 0 0 0 0 0 0 0 0 0 0 0 0 0 0 0 0 0 
0.03955 0 0 0 0 0 0 0 0 0 0 0 0 0 0 0 0 0 
0.02265 0 0 0 0 0 0 0 0 0 0 0 0 0 0 0 0 0 
0.01145 0 0 0 0 0 0 0 0 0 0 0 0 0 0 0 0 0 
0.004625 0 0 0 0 0 0 0 0 0 0 0 0 0 0 0 0 0 
0.001475 0 0 0 0 0 0 0 0 0 0 0 0 0 0 0 0 0 
0.00015 0 0 0 0 0 0 0 0 0 0 0 0 0 0 0 0 0 
0 0 0 0 0 0 0 0 0 0 0 0 0 0 0 0 0 0 

1 0.9965 0.98815 0.9755 0.88885 0.83735 0.74075 0.6529 0.49945 0.40765 0.29745 0.23265 0.1668 0.12705 0.0848 0.06255 0.0389 0.0276 
0.9461 0.90925 0.8345 0.73495 0.44415 0.29775 0.15605 0.0901 0.0227 0.00815 0.00355 0.0017 0.0009 0.0003 0.0002 0.00015 0.00025 0 
0.78215 0.6299 0.3589 0.17205 0.01355 0.00495 0.0016 0.0006 5e-05 0 0 0 0 0 0 0 0 0 
0.63495 0.39785 0.1396 0.0481 0.00105 0.00025 0.00025 5e-05 0 0 0 0 0 0 0 0 0 0 
0.43455 0.17465 0.0213 0.00535 0.0001 0 5e-05 0 0 0 0 0 0 0 0 0 0 0 
0.2883 0.0651 0.00615 0.0018 0 0 0 0 0 0 0 0 0 0 0 0 0 0 
0.1553 0.0185 0.00165 0.00045 0 0 0 0 0 0 0 0 0 0 0 0 0 0 
0.0853 0.0063 0.0004 5e-05 0 0 0 0 0 0 0 0 0 0 0 0 0 0 
0.0388 0.0021 0.00015 5e-05 0 0 0 0 0 0 0 0 0 0 0 0 0 0 
0.0184 0.0004 0 0 0 0 0 0 0 0 0 0 0 0 0 0 0 0 
0.00695 0.0002 0 0 0 0 0 0 0 0 0 0 0 0 0 0 0 0 
0.00395 0 0 0 0 0 0 0 0 0 0 0 0 0 0 0 0 0 
0.0012 0 0 0 0 0 0 0 0 0 0 0 0 0 0 0 0 0 
0.00065 5e-05 0 0 0 0 0 0 0 0 0 0 0 0 0 0 0 0 
0.00015 0 0 0 0 0 0 0 0 0 0 0 0 0 0 0 0 0 
5e-05 0 0 0 0 0 0 0 0 0 0 0 0 0 0 0 0 0 
5e-05 5e-05 0 0 0 0 0 0 0 0 0 0 0 0 0 0 0 0 
0 0 0 0 0 0 0 0 0 0 0 0 0 0 0 0 0 0 

1 0.9972 0.99185 0.96885 0.92495 0.86395 0.7851 0.6922 0.5986 0.5024 0.4087 0.33115 0.26445 0.21115 0.1635 0.12345 0.0826 0.05165 
0.91155 0.8059 0.6745 0.4843 0.30315 0.17645 0.0886 0.036 0.0113 0.00325 0.00065 0.0001 0 0 0 0 0 0 
0.7871 0.54855 0.305 0.1042 0.02325 0.0035 0.0002 0 0 0 0 0 0 0 0 0 0 0 
0.6454 0.33675 0.1173 0.01285 0.00045 5e-05 0 0 0 0 0 0 0 0 0 0 0 0 
0.4914 0.16965 0.0317 0.0015 0 0 0 0 0 0 0 0 0 0 0 0 0 0 
0.34865 0.06725 0.00535 0.0002 0 0 0 0 0 0 0 0 0 0 0 0 0 0 
0.2238 0.01875 0.0006 0 0 0 0 0 0 0 0 0 0 0 0 0 0 0 
0.1335 0.00435 0.0001 0 0 0 0 0 0 0 0 0 0 0 0 0 0 0 
0.07655 0.0005 0 0 0 0 0 0 0 0 0 0 0 0 0 0 0 0 
0.042 0.00015 0 0 0 0 0 0 0 0 0 0 0 0 0 0 0 0 
0.0231 0 0 0 0 0 0 0 0 0 0 0 0 0 0 0 0 0 
0.01115 0 0 0 0 0 0 0 0 0 0 0 0 0 0 0 0 0 
0.00495 0 0 0 0 0 0 0 0 0 0 0 0 0 0 0 0 0 
0.002 0 0 0 0 0 0 0 0 0 0 0 0 0 0 0 0 0 
0.00055 0 0 0 0 0 0 0 0 0 0 0 0 0 0 0 0 0 
0.00015 0 0 0 0 0 0 0 0 0 0 0 0 0 0 0 0 0 
0 0 0 0 0 0 0 0 0 0 0 0 0 0 0 0 0 0 
0 0 0 0 0 0 0 0 0 0 0 0 0 0 0 0 0 0 

1 0.99775 0.99245 0.9719 0.9426 0.8994 0.84735 0.78765 0.7171 0.63745 0.5588 0.48515 0.41065 0.34565 0.27855 0.21665 0.15375 0.10265 
0.8647 0.7022 0.5446 0.36995 0.2321 0.13895 0.07595 0.03495 0.0113 0.00285 0.0014 0.0005 0.0001 0 0 0 0 0 
0.704 0.4023 0.18675 0.05625 0.00835 0.0018 0.00015 0 0 0 0 0 0 0 0 0 0 0 
0.55615 0.2183 0.06615 0.00805 0.0007 5e-05 5e-05 0 0 0 0 0 0 0 0 0 0 0 
0.42115 0.1096 0.0155 0.00075 0 0 0 0 0 0 0 0 0 0 0 0 0 0 
0.30585 0.04505 0.00235 5e-05 0 0 0 0 0 0 0 0 0 0 0 0 0 0 
0.21105 0.01465 0.00045 0 0 0 0 0 0 0 0 0 0 0 0 0 0 0 
0.13955 0.0044 5e-05 0 0 0 0 0 0 0 0 0 0 0 0 0 0 0 
0.0868 0.00075 5e-05 0 0 0 0 0 0 0 0 0 0 0 0 0 0 0 
0.05125 0.0002 0 0 0 0 0 0 0 0 0 0 0 0 0 0 0 0 
0.02845 0 0 0 0 0 0 0 0 0 0 0 0 0 0 0 0 0 
0.01565 0 0 0 0 0 0 0 0 0 0 0 0 0 0 0 0 0 
0.0078 0 0 0 0 0 0 0 0 0 0 0 0 0 0 0 0 0 
0.00325 0 0 0 0 0 0 0 0 0 0 0 0 0 0 0 0 0 
0.0008 0 0 0 0 0 0 0 0 0 0 0 0 0 0 0 0 0 
0.00035 0 0 0 0 0 0 0 0 0 0 0 0 0 0 0 0 0 
0.0001 0 0 0 0 0 0 0 0 0 0 0 0 0 0 0 0 0 
0 0 0 0 0 0 0 0 0 0 0 0 0 0 0 0 0 0 

1 0.99895 0.99705 0.9907 0.98405 0.97385 0.96045 0.94585 0.92565 0.90085 0.86945 0.83365 0.7875 0.7344 0.67135 0.59165 0.49425 0.35945 
0.62555 0.10155 0.0458 0.0226 0.0114 0.007 0.00355 0.0016 0.00075 0.0002 0 0 0 0 0 0 0 0 
0.48105 0.0331 0.00715 0.001 0.0001 0 0 0 0 0 0 0 0 0 0 0 0 0 
0.38235 0.0147 0.0025 0.0001 0 0 0 0 0 0 0 0 0 0 0 0 0 0 
0.3105 0.00665 0.00025 0 0 0 0 0 0 0 0 0 0 0 0 0 0 0 
0.2446 0.0025 5e-05 0 0 0 0 0 0 0 0 0 0 0 0 0 0 0 
0.1944 0.00105 0 0 0 0 0 0 0 0 0 0 0 0 0 0 0 0 
0.14715 0.0002 0 0 0 0 0 0 0 0 0 0 0 0 0 0 0 0 
0.114 0 0 0 0 0 0 0 0 0 0 0 0 0 0 0 0 0 
0.08175 0 0 0 0 0 0 0 0 0 0 0 0 0 0 0 0 0 
0.05515 0 0 0 0 0 0 0 0 0 0 0 0 0 0 0 0 0 
0.0375 0 0 0 0 0 0 0 0 0 0 0 0 0 0 0 0 0 
0.02205 0 0 0 0 0 0 0 0 0 0 0 0 0 0 0 0 0 
0.01275 0 0 0 0 0 0 0 0 0 0 0 0 0 0 0 0 0 
0.00595 0 0 0 0 0 0 0 0 0 0 0 0 0 0 0 0 0 
0.00205 0 0 0 0 0 0 0 0 0 0 0 0 0 0 0 0 0 
0.00025 0 0 0 0 0 0 0 0 0 0 0 0 0 0 0 0 0 
5e-05 0 0 0 0 0 0 0 0 0 0 0 0 0 0 0 0 0 

1 0.99795 0.99475 0.98365 0.96955 0.9478 0.92475 0.8888 0.8418 0.78615 0.71685 0.644 0.5565 0.47115 0.37975 0.28825 0.1925 0.1094 
0.85585 0.38595 0.2025 0.1084 0.06085 0.03415 0.01725 0.00825 0.00315 0.00055 0.0001 0 0 0 0 0 0 0 
0.7312 0.1604 0.0363 0.0078 0.00085 0.0002 0 0 0 0 0 0 0 0 0 0 0 0 
0.6152 0.0777 0.0083 0.00075 0 0 0 0 0 0 0 0 0 0 0 0 0 0 
0.5099 0.03515 0.0021 5e-05 0 0 0 0 0 0 0 0 0 0 0 0 0 0 
0.4096 0.0139 0.0001 0 0 0 0 0 0 0 0 0 0 0 0 0 0 0 
0.32425 0.00475 0 0 0 0 0 0 0 0 0 0 0 0 0 0 0 0 
0.24095 0.00085 0 0 0 0 0 0 0 0 0 0 0 0 0 0 0 0 
0.1707 0.0003 0 0 0 0 0 0 0 0 0 0 0 0 0 0 0 0 
0.11565 0.0001 0 0 0 0 0 0 0 0 0 0 0 0 0 0 0 0 
0.076 0 0 0 0 0 0 0 0 0 0 0 0 0 0 0 0 0 
0.04525 0 0 0 0 0 0 0 0 0 0 0 0 0 0 0 0 0 
0.02345 0 0 0 0 0 0 0 0 0 0 0 0 0 0 0 0 0 
0.01205 0 0 0 0 0 0 0 0 0 0 0 0 0 0 0 0 0 
0.0041 0 0 0 0 0 0 0 0 0 0 0 0 0 0 0 0 0 
0.0011 0 0 0 0 0 0 0 0 0 0 0 0 0 0 0 0 0 
0.0003 0 0 0 0 0 0 0 0 0 0 0 0 0 0 0 0 0 
0.0001 0 0 0 0 0 0 0 0 0 0 0 0 0 0 0 0 0 

1 0.99865 0.99645 0.99075 0.98155 0.9717 0.95755 0.9435 0.9241 0.8937 0.8619 0.8143 0.76245 0.6996 0.6267 0.54045 0.4285 0.28225 
0.705 0.00345 0.0003 0 0 0 0 0 0 0 0 0 0 0 0 0 0 0 
0.56215 0.0002 0 0 0 0 0 0 0 0 0 0 0 0 0 0 0 0 
0.4559 0.00015 0 0 0 0 0 0 0 0 0 0 0 0 0 0 0 0 
0.37835 0 0 0 0 0 0 0 0 0 0 0 0 0 0 0 0 0 
0.3109 0 0 0 0 0 0 0 0 0 0 0 0 0 0 0 0 0 
0.25215 0 0 0 0 0 0 0 0 0 0 0 0 0 0 0 0 0 
0.19895 0 0 0 0 0 0 0 0 0 0 0 0 0 0 0 0 0 
0.152 0 0 0 0 0 0 0 0 0 0 0 0 0 0 0 0 0 
0.1136 0 0 0 0 0 0 0 0 0 0 0 0 0 0 0 0 0 
0.07835 0 0 0 0 0 0 0 0 0 0 0 0 0 0 0 0 0 
0.05255 0 0 0 0 0 0 0 0 0 0 0 0 0 0 0 0 0 
0.03185 0 0 0 0 0 0 0 0 0 0 0 0 0 0 0 0 0 
0.0174 0 0 0 0 0 0 0 0 0 0 0 0 0 0 0 0 0 
0.00865 0 0 0 0 0 0 0 0 0 0 0 0 0 0 0 0 0 
0.00345 0 0 0 0 0 0 0 0 0 0 0 0 0 0 0 0 0 
0.00055 0 0 0 0 0 0 0 0 0 0 0 0 0 0 0 0 0 
0 0 0 0 0 0 0 0 0 0 0 0 0 0 0 0 0 0 

1 0.9986 0.99685 0.99125 0.98255 0.97325 0.9584 0.9442 0.9191 0.88895 0.8537 0.80815 0.7496 0.6898 0.6154 0.5259 0.417 0.2683 
0.7173 0.00125 0.0002 5e-05 5e-05 5e-05 0 0 0 0 0 0 0 0 0 0 0 0 
0.57545 0.0001 0 0 0 0 0 0 0 0 0 0 0 0 0 0 0 0 
0.47085 0 0 0 0 0 0 0 0 0 0 0 0 0 0 0 0 0 
0.3928 0 0 0 0 0 0 0 0 0 0 0 0 0 0 0 0 0 
0.3212 0 0 0 0 0 0 0 0 0 0 0 0 0 0 0 0 0 
0.2626 0 0 0 0 0 0 0 0 0 0 0 0 0 0 0 0 0 
0.20695 0 0 0 0 0 0 0 0 0 0 0 0 0 0 0 0 0 
0.15735 0 0 0 0 0 0 0 0 0 0 0 0 0 0 0 0 0 
0.1175 0 0 0 0 0 0 0 0 0 0 0 0 0 0 0 0 0 
0.08085 0 0 0 0 0 0 0 0 0 0 0 0 0 0 0 0 0 
0.0528 0 0 0 0 0 0 0 0 0 0 0 0 0 0 0 0 0 
0.0327 0 0 0 0 0 0 0 0 0 0 0 0 0 0 0 0 0 
0.01775 0 0 0 0 0 0 0 0 0 0 0 0 0 0 0 0 0 
0.0076 0 0 0 0 0 0 0 0 0 0 0 0 0 0 0 0 0 
0.00285 0 0 0 0 0 0 0 0 0 0 0 0 0 0 0 0 0 
0.00075 0 0 0 0 0 0 0 0 0 0 0 0 0 0 0 0 0 
0 0 0 0 0 0 0 0 0 0 0 0 0 0 0 0 0 0 

1 0.99885 0.99785 0.99335 0.98615 0.97825 0.97005 0.9593 0.94205 0.926 0.90545 0.88255 0.85045 0.80765 0.7603 0.70145 0.6184 0.48905 
0.5065 0 0 0 0 0 0 0 0 0 0 0 0 0 0 0 0 0 
0.37955 0 0 0 0 0 0 0 0 0 0 0 0 0 0 0 0 0 
0.30205 0 0 0 0 0 0 0 0 0 0 0 0 0 0 0 0 0 
0.24675 0 0 0 0 0 0 0 0 0 0 0 0 0 0 0 0 0 
0.1976 0 0 0 0 0 0 0 0 0 0 0 0 0 0 0 0 0 
0.1601 0 0 0 0 0 0 0 0 0 0 0 0 0 0 0 0 0 
0.125 0 0 0 0 0 0 0 0 0 0 0 0 0 0 0 0 0 
0.0978 0 0 0 0 0 0 0 0 0 0 0 0 0 0 0 0 0 
0.07575 0 0 0 0 0 0 0 0 0 0 0 0 0 0 0 0 0 
0.05415 0 0 0 0 0 0 0 0 0 0 0 0 0 0 0 0 0 
0.0388 0 0 0 0 0 0 0 0 0 0 0 0 0 0 0 0 0 
0.0242 0 0 0 0 0 0 0 0 0 0 0 0 0 0 0 0 0 
0.01445 0 0 0 0 0 0 0 0 0 0 0 0 0 0 0 0 0 
0.00655 0 0 0 0 0 0 0 0 0 0 0 0 0 0 0 0 0 
0.00295 0 0 0 0 0 0 0 0 0 0 0 0 0 0 0 0 0 
0.00055 0 0 0 0 0 0 0 0 0 0 0 0 0 0 0 0 0 
0.0001 0 0 0 0 0 0 0 0 0 0 0 0 0 0 0 0 0 

1 0.9955 0.9863 0.975 0.8912 0.8367 0.741 0.6573 0.5061 0.4198 0.3065 0.2418 0.1711 0.1326 0.0892 0.0693 0.0448 0.0311 
0.9374 0.902 0.8277 0.7292 0.4396 0.2941 0.1569 0.0902 0.0237 0.0073 0.0043 0.0024 0.0017 0.0009 0.0003 0.0003 0 0 
0.7731 0.6335 0.3576 0.1775 0.0135 0.0055 0.0012 0.0008 0.0003 0 0.0001 0 0 0 0 0 0 0 
0.6221 0.3972 0.1449 0.0517 0.0018 0.0007 0 0 0 0 0 0 0 0 0 0 0 0 
0.4193 0.1722 0.023 0.0063 0.0001 0.0001 0 0 0 0 0 0 0 0 0 0 0 0 
0.28 0.0649 0.0071 0.0019 0.0001 0 0 0 0 0 0 0 0 0 0 0 0 0 
0.1445 0.019 0.0012 0.0005 0 0 0 0 0 0 0 0 0 0 0 0 0 0 
0.0856 0.0068 0.0003 0 0 0 0 0 0 0 0 0 0 0 0 0 0 0 
0.0384 0.0024 0.0001 0 0 0 0 0 0 0 0 0 0 0 0 0 0 0 
0.0188 0.0003 0 0 0 0 0 0 0 0 0 0 0 0 0 0 0 0 
0.007 0.0004 0 0 0 0 0 0 0 0 0 0 0 0 0 0 0 0 
0.0035 0.0003 0 0 0 0 0 0 0 0 0 0 0 0 0 0 0 0 
0.0009 0 0 0 0 0 0 0 0 0 0 0 0 0 0 0 0 0 
0.0002 0 0 0 0 0 0 0 0 0 0 0 0 0 0 0 0 0 
0 0 0 0 0 0 0 0 0 0 0 0 0 0 0 0 0 0 
0 0 0 0 0 0 0 0 0 0 0 0 0 0 0 0 0 0 
0 0 0 0 0 0 0 0 0 0 0 0 0 0 0 0 0 0 
0 0 0 0 0 0 0 0 0 0 0 0 0 0 0 0 0 0 

1 0.9971 0.9909 0.9608 0.8905 0.7579 0.6082 0.4539 0.3206 0.2299 0.1662 0.1195 0.082 0.059 0.0405 0.0249 0.0135 0.0068 
0.9603 0.9199 0.8513 0.6872 0.4429 0.2223 0.0912 0.0291 0.0059 0.001 0.0003 0.0001 0 0 0 0 0 0 
0.8877 0.7565 0.5584 0.2698 0.0756 0.0125 0.0011 0.0001 0 0 0 0 0 0 0 0 0 0 
0.7738 0.5446 0.2861 0.0613 0.0058 0.0003 0 0 0 0 0 0 0 0 0 0 0 0 
0.5839 0.2757 0.0767 0.007 0.0003 0.0001 0 0 0 0 0 0 0 0 0 0 0 0 
0.3677 0.0914 0.0129 0.0007 0 0 0 0 0 0 0 0 0 0 0 0 0 0 
0.1932 0.0193 0.0016 0 0 0 0 0 0 0 0 0 0 0 0 0 0 0 
0.0981 0.0033 0.0002 0 0 0 0 0 0 0 0 0 0 0 0 0 0 0 
0.0475 0.0003 0 0 0 0 0 0 0 0 0 0 0 0 0 0 0 0 
0.0249 0.0002 0 0 0 0 0 0 0 0 0 0 0 0 0 0 0 0 
0.0138 0.0001 0 0 0 0 0 0 0 0 0 0 0 0 0 0 0 0 
0.007 0 0 0 0 0 0 0 0 0 0 0 0 0 0 0 0 0 
0.0034 0 0 0 0 0 0 0 0 0 0 0 0 0 0 0 0 0 
0.0018 0 0 0 0 0 0 0 0 0 0 0 0 0 0 0 0 0 
0.0013 0 0 0 0 0 0 0 0 0 0 0 0 0 0 0 0 0 
0.0002 0 0 0 0 0 0 0 0 0 0 0 0 0 0 0 0 0 
0.0001 0 0 0 0 0 0 0 0 0 0 0 0 0 0 0 0 0 
0 0 0 0 0 0 0 0 0 0 0 0 0 0 0 0 0 0 

1 0.9965 0.9895 0.961 0.9092 0.8492 0.7518 0.6582 0.5552 0.4504 0.3556 0.2773 0.2083 0.1593 0.1186 0.086 0.0557 0.035 
0.9296 0.8646 0.759 0.5779 0.3734 0.2334 0.1139 0.0522 0.0202 0.0057 0.0022 0.0007 0.0001 0.0001 0 0 0 0 
0.7867 0.6047 0.3492 0.1244 0.0261 0.0058 0.0012 0.0002 0 0 0 0 0 0 0 0 0 0 
0.6452 0.3721 0.1341 0.0203 0.0014 0.0002 0 0 0 0 0 0 0 0 0 0 0 0 
0.4751 0.1811 0.0366 0.0022 0 0 0 0 0 0 0 0 0 0 0 0 0 0 
0.3276 0.076 0.0067 0.0003 0 0 0 0 0 0 0 0 0 0 0 0 0 0 
0.2033 0.0228 0.0008 0.0001 0 0 0 0 0 0 0 0 0 0 0 0 0 0 
0.1184 0.0065 0 0 0 0 0 0 0 0 0 0 0 0 0 0 0 0 
0.0608 0.0013 0.0001 0 0 0 0 0 0 0 0 0 0 0 0 0 0 0 
0.0295 0.0005 0 0 0 0 0 0 0 0 0 0 0 0 0 0 0 0 
0.0159 0 0 0 0 0 0 0 0 0 0 0 0 0 0 0 0 0 
0.0082 0 0 0 0 0 0 0 0 0 0 0 0 0 0 0 0 0 
0.0034 0 0 0 0 0 0 0 0 0 0 0 0 0 0 0 0 0 
0.0009 0 0 0 0 0 0 0 0 0 0 0 0 0 0 0 0 0 
0.0004 0 0 0 0 0 0 0 0 0 0 0 0 0 0 0 0 0 
0.0001 0 0 0 0 0 0 0 0 0 0 0 0 0 0 0 0 0 
0 0 0 0 0 0 0 0 0 0 0 0 0 0 0 0 0 0 
0 0 0 0 0 0 0 0 0 0 0 0 0 0 0 0 0 0 

1 0.9983 0.9945 0.9766 0.9505 0.9125 0.8637 0.801 0.7344 0.6597 0.5791 0.5118 0.4469 0.384 0.3249 0.2689 0.2069 0.1441 
0.8141 0.6441 0.4964 0.3358 0.2109 0.1191 0.0667 0.0282 0.01 0.002 0.0002 0 0 0 0 0 0 0 
0.6679 0.3908 0.1925 0.0585 0.0136 0.0013 0.0002 0 0 0 0 0 0 0 0 0 0 0 
0.5284 0.2178 0.0677 0.0086 0.0005 0 0 0 0 0 0 0 0 0 0 0 0 0 
0.3967 0.1043 0.0177 0.0002 0.0001 0 0 0 0 0 0 0 0 0 0 0 0 0 
0.2877 0.0435 0.0022 0 0 0 0 0 0 0 0 0 0 0 0 0 0 0 
0.1927 0.0136 0.0004 0 0 0 0 0 0 0 0 0 0 0 0 0 0 0 
0.1272 0.0027 0 0 0 0 0 0 0 0 0 0 0 0 0 0 0 0 
0.0802 0.0007 0 0 0 0 0 0 0 0 0 0 0 0 0 0 0 0 
0.0465 0.0001 0 0 0 0 0 0 0 0 0 0 0 0 0 0 0 0 
0.0261 0 0 0 0 0 0 0 0 0 0 0 0 0 0 0 0 0 
0.0139 0 0 0 0 0 0 0 0 0 0 0 0 0 0 0 0 0 
0.0066 0 0 0 0 0 0 0 0 0 0 0 0 0 0 0 0 0 
0.0026 0 0 0 0 0 0 0 0 0 0 0 0 0 0 0 0 0 
0.0008 0 0 0 0 0 0 0 0 0 0 0 0 0 0 0 0 0 
0.0003 0 0 0 0 0 0 0 0 0 0 0 0 0 0 0 0 0 
0.0001 0 0 0 0 0 0 0 0 0 0 0 0 0 0 0 0 0 
0 0 0 0 0 0 0 0 0 0 0 0 0 0 0 0 0 0 

1 0.9972 0.9919 0.9668 0.9259 0.8826 0.8034 0.7268 0.6377 0.549 0.4566 0.376 0.3069 0.2489 0.1915 0.1476 0.1019 0.07 
0.8974 0.8131 0.6845 0.5218 0.3294 0.212 0.1122 0.057 0.0203 0.0067 0.0021 0.0007 0.0007 0 0.0003 0 0 0 
0.725 0.5092 0.2719 0.0947 0.0153 0.0037 0.0004 0.0002 0 0 0 0 0 0 0 0 0 0 
0.5692 0.2974 0.0978 0.016 0.0009 0.0002 0 0 0 0 0 0 0 0 0 0 0 0 
0.4135 0.1389 0.0252 0.0015 0 0 0 0 0 0 0 0 0 0 0 0 0 0 
0.2814 0.0532 0.0042 0 0 0 0 0 0 0 0 0 0 0 0 0 0 0 
0.183 0.0167 0.0005 0 0 0 0 0 0 0 0 0 0 0 0 0 0 0 
0.1094 0.0037 0.0002 0 0 0 0 0 0 0 0 0 0 0 0 0 0 0 
0.0617 0.0009 0.0002 0 0 0 0 0 0 0 0 0 0 0 0 0 0 0 
0.0349 0.0001 0 0 0 0 0 0 0 0 0 0 0 0 0 0 0 0 
0.018 0 0 0 0 0 0 0 0 0 0 0 0 0 0 0 0 0 
0.0069 0 0 0 0 0 0 0 0 0 0 0 0 0 0 0 0 0 
0.0031 0 0 0 0 0 0 0 0 0 0 0 0 0 0 0 0 0 
0.0014 0 0 0 0 0 0 0 0 0 0 0 0 0 0 0 0 0 
0.0005 0 0 0 0 0 0 0 0 0 0 0 0 0 0 0 0 0 
0.0001 0 0 0 0 0 0 0 0 0 0 0 0 0 0 0 0 0 
0 0 0 0 0 0 0 0 0 0 0 0 0 0 0 0 0 0 
0 0 0 0 0 0 0 0 0 0 0 0 0 0 0 0 0 0 

1 0.9989 0.9955 0.9863 0.9738 0.9536 0.9338 0.9066 0.8723 0.8281 0.7818 0.7335 0.6789 0.62 0.5542 0.4812 0.3936 0.2834 
0.6938 0.3326 0.2077 0.1229 0.0769 0.0421 0.0239 0.0123 0.0029 0.0016 0.0001 0 0 0 0 0 0 0 
0.5312 0.1511 0.0537 0.0138 0.003 0.0006 0.0001 0 0 0 0 0 0 0 0 0 0 0 
0.4173 0.0753 0.0175 0.0016 0.0001 0.0001 0 0 0 0 0 0 0 0 0 0 0 0 
0.3232 0.0352 0.0043 0.0001 0 0 0 0 0 0 0 0 0 0 0 0 0 0 
0.2492 0.0156 0.0007 0 0 0 0 0 0 0 0 0 0 0 0 0 0 0 
0.1915 0.0055 0 0 0 0 0 0 0 0 0 0 0 0 0 0 0 0 
0.1388 0.0011 0.0001 0 0 0 0 0 0 0 0 0 0 0 0 0 0 0 
0.1014 0.0003 0 0 0 0 0 0 0 0 0 0 0 0 0 0 0 0 
0.0689 0.0001 0 0 0 0 0 0 0 0 0 0 0 0 0 0 0 0 
0.0452 0 0 0 0 0 0 0 0 0 0 0 0 0 0 0 0 0 
0.0284 0 0 0 0 0 0 0 0 0 0 0 0 0 0 0 0 0 
0.0166 0 0 0 0 0 0 0 0 0 0 0 0 0 0 0 0 0 
0.0092 0 0 0 0 0 0 0 0 0 0 0 0 0 0 0 0 0 
0.0044 0 0 0 0 0 0 0 0 0 0 0 0 0 0 0 0 0 
0.0021 0 0 0 0 0 0 0 0 0 0 0 0 0 0 0 0 0 
0.0003 0 0 0 0 0 0 0 0 0 0 0 0 0 0 0 0 0 
0.0001 0 0 0 0 0 0 0 0 0 0 0 0 0 0 0 0 0 

1 0.9979 0.997 0.9856 0.9747 0.9608 0.942 0.9182 0.8905 0.8525 0.8103 0.7629 0.7069 0.645 0.5702 0.497 0.3925 0.2741 
0.7073 0.2361 0.1228 0.0672 0.0376 0.0197 0.0109 0.0055 0.0018 0.0003 0.0002 0.0001 0 0 0 0 0 0 
0.55 0.0903 0.024 0.0058 0.0008 0.0002 0 0 0 0 0 0 0 0 0 0 0 0 
0.4426 0.0416 0.0067 0.0007 0.0001 0 0 0 0 0 0 0 0 0 0 0 0 0 
0.3583 0.0179 0.0013 0.0002 0 0 0 0 0 0 0 0 0 0 0 0 0 0 
0.2871 0.0076 0.0001 0 0 0 0 0 0 0 0 0 0 0 0 0 0 0 
0.2238 0.0034 0 0 0 0 0 0 0 0 0 0 0 0 0 0 0 0 
0.1768 0.0009 0 0 0 0 0 0 0 0 0 0 0 0 0 0 0 0 
0.1269 0.0003 0 0 0 0 0 0 0 0 0 0 0 0 0 0 0 0 
0.0935 0 0 0 0 0 0 0 0 0 0 0 0 0 0 0 0 0 
0.065 0 0 0 0 0 0 0 0 0 0 0 0 0 0 0 0 0 
0.0399 0 0 0 0 0 0 0 0 0 0 0 0 0 0 0 0 0 
0.0256 0 0 0 0 0 0 0 0 0 0 0 0 0 0 0 0 0 
0.0124 0 0 0 0 0 0 0 0 0 0 0 0 0 0 0 0 0 
0.0053 0 0 0 0 0 0 0 0 0 0 0 0 0 0 0 0 0 
0.0026 0 0 0 0 0 0 0 0 0 0 0 0 0 0 0 0 0 
0.0006 0 0 0 0 0 0 0 0 0 0 0 0 0 0 0 0 0 
0.0001 0 0 0 0 0 0 0 0 0 0 0 0 0 0 0 0 0 

1 0.9988 0.9974 0.992 0.9879 0.9812 0.9703 0.9582 0.9425 0.9234 0.9008 0.8728 0.8381 0.7937 0.7468 0.6796 0.5887 0.4543 
0.5385 0.0019 0.0004 0.0002 0.0001 0 0 0 0 0 0 0 0 0 0 0 0 0 
0.4054 0.0003 0 0 0 0 0 0 0 0 0 0 0 0 0 0 0 0 
0.3207 0 0 0 0 0 0 0 0 0 0 0 0 0 0 0 0 0 
0.2612 0 0 0 0 0 0 0 0 0 0 0 0 0 0 0 0 0 
0.2106 0 0 0 0 0 0 0 0 0 0 0 0 0 0 0 0 0 
0.1688 0 0 0 0 0 0 0 0 0 0 0 0 0 0 0 0 0 
0.136 0 0 0 0 0 0 0 0 0 0 0 0 0 0 0 0 0 
0.1072 0 0 0 0 0 0 0 0 0 0 0 0 0 0 0 0 0 
0.081 0 0 0 0 0 0 0 0 0 0 0 0 0 0 0 0 0 
0.0569 0 0 0 0 0 0 0 0 0 0 0 0 0 0 0 0 0 
0.037 0 0 0 0 0 0 0 0 0 0 0 0 0 0 0 0 0 
0.0242 0 0 0 0 0 0 0 0 0 0 0 0 0 0 0 0 0 
0.0137 0 0 0 0 0 0 0 0 0 0 0 0 0 0 0 0 0 
0.0062 0 0 0 0 0 0 0 0 0 0 0 0 0 0 0 0 0 
0.0025 0 0 0 0 0 0 0 0 0 0 0 0 0 0 0 0 0 
0.0007 0 0 0 0 0 0 0 0 0 0 0 0 0 0 0 0 0 
0 0 0 0 0 0 0 0 0 0 0 0 0 0 0 0 0 0 

1 0.9964 0.9931 0.9785 0.9578 0.9322 0.8905 0.8432 0.7825 0.7064 0.6345 0.5475 0.4571 0.378 0.29 0.2089 0.1382 0.0829 
0.8807 0.5725 0.3638 0.2216 0.1228 0.0708 0.0385 0.0179 0.0063 0.0016 0.0005 0.0002 0.0001 0.0001 0 0 0 0 
0.7555 0.2698 0.0783 0.021 0.0026 0.0005 0 0 0 0 0 0 0 0 0 0 0 0 
0.6419 0.1386 0.0239 0.0031 0 0 0 0 0 0 0 0 0 0 0 0 0 0 
0.5154 0.0609 0.0046 0.0003 0 0 0 0 0 0 0 0 0 0 0 0 0 0 
0.4099 0.0239 0.0004 0.0001 0 0 0 0 0 0 0 0 0 0 0 0 0 0 
0.3098 0.0077 0.0001 0 0 0 0 0 0 0 0 0 0 0 0 0 0 0 
0.2246 0.0014 0 0 0 0 0 0 0 0 0 0 0 0 0 0 0 0 
0.1568 0.0004 0 0 0 0 0 0 0 0 0 0 0 0 0 0 0 0 
0.1022 0.0002 0 0 0 0 0 0 0 0 0 0 0 0 0 0 0 0 
0.0634 0.0001 0 0 0 0 0 0 0 0 0 0 0 0 0 0 0 0 
0.0364 0 0 0 0 0 0 0 0 0 0 0 0 0 0 0 0 0 
0.0181 0 0 0 0 0 0 0 0 0 0 0 0 0 0 0 0 0 
0.0086 0.0001 0 0 0 0 0 0 0 0 0 0 0 0 0 0 0 0 
0.0035 0 0 0 0 0 0 0 0 0 0 0 0 0 0 0 0 0 
0.0007 0 0 0 0 0 0 0 0 0 0 0 0 0 0 0 0 0 
0.0001 0 0 0 0 0 0 0 0 0 0 0 0 0 0 0 0 0 
0 0 0 0 0 0 0 0 0 0 0 0 0 0 0 0 0 0 

1 0.998 0.9961 0.987 0.9794 0.9669 0.9529 0.927 0.9031 0.8726 0.8309 0.7876 0.7221 0.6495 0.5682 0.4654 0.3515 0.212 
0.7694 0.0214 0.0045 0.0014 0.0006 0.0004 0.0001 0 0 0 0 0 0 0 0 0 0 0 
0.6329 0.003 0.0002 0 0 0 0 0 0 0 0 0 0 0 0 0 0 0 
0.5299 0.0008 0 0 0 0 0 0 0 0 0 0 0 0 0 0 0 0 
0.4388 0.0003 0 0 0 0 0 0 0 0 0 0 0 0 0 0 0 0 
0.3638 0.0001 0 0 0 0 0 0 0 0 0 0 0 0 0 0 0 0 
0.2897 0 0 0 0 0 0 0 0 0 0 0 0 0 0 0 0 0 
0.2268 0 0 0 0 0 0 0 0 0 0 0 0 0 0 0 0 0 
0.1802 0 0 0 0 0 0 0 0 0 0 0 0 0 0 0 0 0 
0.1335 0 0 0 0 0 0 0 0 0 0 0 0 0 0 0 0 0 
0.0953 0 0 0 0 0 0 0 0 0 0 0 0 0 0 0 0 0 
0.0648 0 0 0 0 0 0 0 0 0 0 0 0 0 0 0 0 0 
0.0379 0 0 0 0 0 0 0 0 0 0 0 0 0 0 0 0 0 
0.0195 0 0 0 0 0 0 0 0 0 0 0 0 0 0 0 0 0 
0.0101 0 0 0 0 0 0 0 0 0 0 0 0 0 0 0 0 0 
0.0035 0 0 0 0 0 0 0 0 0 0 0 0 0 0 0 0 0 
0.0008 0 0 0 0 0 0 0 0 0 0 0 0 0 0 0 0 0 
0.0001 0 0 0 0 0 0 0 0 0 0 0 0 0 0 0 0 0 

1 0.9983 0.9964 0.9866 0.9777 0.9613 0.9505 0.9278 0.9013 0.8754 0.834 0.7823 0.7222 0.6524 0.5722 0.4756 0.3569 0.2127 
0.7703 0.0109 0.0016 0.0007 0.0002 0.0001 0.0001 0 0 0 0 0 0 0 0 0 0 0 
0.6292 0.0008 0.0001 0 0 0 0 0 0 0 0 0 0 0 0 0 0 0 
0.5226 0.0003 0 0 0 0 0 0 0 0 0 0 0 0 0 0 0 0 
0.4333 0 0 0 0 0 0 0 0 0 0 0 0 0 0 0 0 0 
0.3618 0 0 0 0 0 0 0 0 0 0 0 0 0 0 0 0 0 
0.2934 0 0 0 0 0 0 0 0 0 0 0 0 0 0 0 0 0 
0.2312 0 0 0 0 0 0 0 0 0 0 0 0 0 0 0 0 0 
0.1774 0 0 0 0 0 0 0 0 0 0 0 0 0 0 0 0 0 
0.1327 0 0 0 0 0 0 0 0 0 0 0 0 0 0 0 0 0 
0.098 0 0 0 0 0 0 0 0 0 0 0 0 0 0 0 0 0 
0.0645 0 0 0 0 0 0 0 0 0 0 0 0 0 0 0 0 0 
0.0412 0 0 0 0 0 0 0 0 0 0 0 0 0 0 0 0 0 
0.0256 0 0 0 0 0 0 0 0 0 0 0 0 0 0 0 0 0 
0.0131 0 0 0 0 0 0 0 0 0 0 0 0 0 0 0 0 0 
0.0055 0 0 0 0 0 0 0 0 0 0 0 0 0 0 0 0 0 
0.0017 0 0 0 0 0 0 0 0 0 0 0 0 0 0 0 0 0 
0.0001 0 0 0 0 0 0 0 0 0 0 0 0 0 0 0 0 0 

1 0.9983 0.9961 0.9891 0.9835 0.9746 0.9633 0.948 0.9292 0.911 0.8797 0.8492 0.8049 0.7526 0.6912 0.62 0.5199 0.3683 
0.6253 0 0 0 0 0 0 0 0 0 0 0 0 0 0 0 0 0 
0.4775 0 0 0 0 0 0 0 0 0 0 0 0 0 0 0 0 0 
0.3814 0 0 0 0 0 0 0 0 0 0 0 0 0 0 0 0 0 
0.3144 0 0 0 0 0 0 0 0 0 0 0 0 0 0 0 0 0 
0.2577 0 0 0 0 0 0 0 0 0 0 0 0 0 0 0 0 0 
0.2045 0 0 0 0 0 0 0 0 0 0 0 0 0 0 0 0 0 
0.1653 0 0 0 0 0 0 0 0 0 0 0 0 0 0 0 0 0 
0.1276 0 0 0 0 0 0 0 0 0 0 0 0 0 0 0 0 0 
0.093 0 0 0 0 0 0 0 0 0 0 0 0 0 0 0 0 0 
0.0667 0 0 0 0 0 0 0 0 0 0 0 0 0 0 0 0 0 
0.0459 0 0 0 0 0 0 0 0 0 0 0 0 0 0 0 0 0 
0.03 0 0 0 0 0 0 0 0 0 0 0 0 0 0 0 0 0 
0.018 0 0 0 0 0 0 0 0 0 0 0 0 0 0 0 0 0 
0.0089 0 0 0 0 0 0 0 0 0 0 0 0 0 0 0 0 0 
0.0036 0 0 0 0 0 0 0 0 0 0 0 0 0 0 0 0 0 
0.0012 0 0 0 0 0 0 0 0 0 0 0 0 0 0 0 0 0 
0.0001 0 0 0 0 0 0 0 0 0 0 0 0 0 0 0 0 0 

1 0.9978 0.9967 0.989 0.9776 0.9681 0.953 0.9302 0.9034 0.8714 0.8307 0.7783 0.7143 0.637 0.5573 0.4542 0.3383 0.1932 
0.7833 0.0041 0.0005 0.0001 0.0001 0 0 0 0 0 0 0 0 0 0 0 0 0 
0.6514 0.0005 0 0 0 0 0 0 0 0 0 0 0 0 0 0 0 0 
0.5499 0.0001 0 0 0 0 0 0 0 0 0 0 0 0 0 0 0 0 
0.4522 0.0001 0 0 0 0 0 0 0 0 0 0 0 0 0 0 0 0 
0.3726 0 0 0 0 0 0 0 0 0 0 0 0 0 0 0 0 0 
0.3071 0 0 0 0 0 0 0 0 0 0 0 0 0 0 0 0 0 
0.2396 0 0 0 0 0 0 0 0 0 0 0 0 0 0 0 0 0 
0.1798 0 0 0 0 0 0 0 0 0 0 0 0 0 0 0 0 0 
0.1343 0 0 0 0 0 0 0 0 0 0 0 0 0 0 0 0 0 
0.094 0 0 0 0 0 0 0 0 0 0 0 0 0 0 0 0 0 
0.0621 0 0 0 0 0 0 0 0 0 0 0 0 0 0 0 0 0 
0.0392 0 0 0 0 0 0 0 0 0 0 0 0 0 0 0 0 0 
0.0237 0 0 0 0 0 0 0 0 0 0 0 0 0 0 0 0 0 
0.0108 0 0 0 0 0 0 0 0 0 0 0 0 0 0 0 0 0 
0.0032 0 0 0 0 0 0 0 0 0 0 0 0 0 0 0 0 0 
0.0007 0 0 0 0 0 0 0 0 0 0 0 0 0 0 0 0 0 
0.0001 0 0 0 0 0 0 0 0 0 0 0 0 0 0 0 0 0 

1 0.9983 0.9978 0.9897 0.9824 0.9765 0.9621 0.9453 0.9268 0.9057 0.8752 0.8442 0.8016 0.7508 0.6856 0.6032 0.5072 0.3555 
0.6353 0 0 0 0 0 0 0 0 0 0 0 0 0 0 0 0 0 
0.4856 0 0 0 0 0 0 0 0 0 0 0 0 0 0 0 0 0 
0.3953 0 0 0 0 0 0 0 0 0 0 0 0 0 0 0 0 0 
0.3257 0 0 0 0 0 0 0 0 0 0 0 0 0 0 0 0 0 
0.268 0 0 0 0 0 0 0 0 0 0 0 0 0 0 0 0 0 
0.2113 0 0 0 0 0 0 0 0 0 0 0 0 0 0 0 0 0 
0.1636 0 0 0 0 0 0 0 0 0 0 0 0 0 0 0 0 0 
0.1278 0 0 0 0 0 0 0 0 0 0 0 0 0 0 0 0 0 
0.0965 0 0 0 0 0 0 0 0 0 0 0 0 0 0 0 0 0 
0.073 0 0 0 0 0 0 0 0 0 0 0 0 0 0 0 0 0 
0.0497 0 0 0 0 0 0 0 0 0 0 0 0 0 0 0 0 0 
0.0305 0 0 0 0 0 0 0 0 0 0 0 0 0 0 0 0 0 
0.0173 0 0 0 0 0 0 0 0 0 0 0 0 0 0 0 0 0 
0.0081 0 0 0 0 0 0 0 0 0 0 0 0 0 0 0 0 0 
0.0033 0 0 0 0 0 0 0 0 0 0 0 0 0 0 0 0 0 
0.0009 0 0 0 0 0 0 0 0 0 0 0 0 0 0 0 0 0 
0.0002 0 0 0 0 0 0 0 0 0 0 0 0 0 0 0 0 0 

1 0.9986 0.9962 0.9911 0.983 0.9749 0.9636 0.9528 0.9345 0.9163 0.8863 0.8549 0.8173 0.7685 0.713 0.6394 0.5425 0.3984 
0.5903 0 0 0 0 0 0 0 0 0 0 0 0 0 0 0 0 0 
0.4477 0 0 0 0 0 0 0 0 0 0 0 0 0 0 0 0 0 
0.3608 0 0 0 0 0 0 0 0 0 0 0 0 0 0 0 0 0 
0.2972 0 0 0 0 0 0 0 0 0 0 0 0 0 0 0 0 0 
0.2446 0 0 0 0 0 0 0 0 0 0 0 0 0 0 0 0 0 
0.196 0 0 0 0 0 0 0 0 0 0 0 0 0 0 0 0 0 
0.1545 0 0 0 0 0 0 0 0 0 0 0 0 0 0 0 0 0 
0.1222 0 0 0 0 0 0 0 0 0 0 0 0 0 0 0 0 0 
0.0923 0 0 0 0 0 0 0 0 0 0 0 0 0 0 0 0 0 
0.0639 0 0 0 0 0 0 0 0 0 0 0 0 0 0 0 0 0 
0.044 0 0 0 0 0 0 0 0 0 0 0 0 0 0 0 0 0 
0.0274 0 0 0 0 0 0 0 0 0 0 0 0 0 0 0 0 0 
0.0159 0 0 0 0 0 0 0 0 0 0 0 0 0 0 0 0 0 
0.0081 0 0 0 0 0 0 0 0 0 0 0 0 0 0 0 0 0 
0.0032 0 0 0 0 0 0 0 0 0 0 0 0 0 0 0 0 0 
0.0005 0 0 0 0 0 0 0 0 0 0 0 0 0 0 0 0 0 
0.0001 0 0 0 0 0 0 0 0 0 0 0 0 0 0 0 0 0 

1 0.9992 0.9978 0.9943 0.9894 0.9839 0.975 0.965 0.9511 0.937 0.9222 0.8986 0.8718 0.8373 0.7942 0.7391 0.6672 0.551 
0.4476 0 0 0 0 0 0 0 0 0 0 0 0 0 0 0 0 0 
0.3329 0 0 0 0 0 0 0 0 0 0 0 0 0 0 0 0 0 
0.2609 0 0 0 0 0 0 0 0 0 0 0 0 0 0 0 0 0 
0.2103 0 0 0 0 0 0 0 0 0 0 0 0 0 0 0 0 0 
0.1698 0 0 0 0 0 0 0 0 0 0 0 0 0 0 0 0 0 
0.1345 0 0 0 0 0 0 0 0 0 0 0 0 0 0 0 0 0 
0.1062 0 0 0 0 0 0 0 0 0 0 0 0 0 0 0 0 0 
0.0813 0 0 0 0 0 0 0 0 0 0 0 0 0 0 0 0 0 
0.0621 0 0 0 0 0 0 0 0 0 0 0 0 0 0 0 0 0 
0.0461 0 0 0 0 0 0 0 0 0 0 0 0 0 0 0 0 0 
0.032 0 0 0 0 0 0 0 0 0 0 0 0 0 0 0 0 0 
0.0207 0 0 0 0 0 0 0 0 0 0 0 0 0 0 0 0 0 
0.0116 0 0 0 0 0 0 0 0 0 0 0 0 0 0 0 0 0 
0.0061 0 0 0 0 0 0 0 0 0 0 0 0 0 0 0 0 0 
0.0026 0 0 0 0 0 0 0 0 0 0 0 0 0 0 0 0 0 
0.0009 0 0 0 0 0 0 0 0 0 0 0 0 0 0 0 0 0 
0.0003 0 0 0 0 0 0 0 0 0 0 0 0 0 0 0 0 0 

1 0.9972 0.9836 0.9712 0.8834 0.8272 0.7336 0.6622 0.4974 0.4132 0.294 0.225 0.1558 0.1218 0.0834 0.0646 0.0422 0.0298 
0.94 0.907 0.8292 0.7404 0.4446 0.3044 0.167 0.0998 0.0246 0.0086 0.0054 0.0034 0.0012 0.0006 0.0002 0.0002 0.0004 0 
0.767 0.6306 0.372 0.1772 0.0182 0.008 0.003 0.0018 0 0 0 0 0 0 0 0 0 0 
0.6232 0.3946 0.1374 0.0466 0.0018 0.0002 0 0 0 0 0 0 0 0 0 0 0 0 
0.4298 0.1844 0.0254 0.0056 0 0 0 0 0 0 0 0 0 0 0 0 0 0 
0.2904 0.0726 0.0064 0.002 0 0 0 0 0 0 0 0 0 0 0 0 0 0 
0.149 0.0204 0.001 0.0004 0 0 0 0 0 0 0 0 0 0 0 0 0 0 
0.0854 0.0068 0.0004 0.0002 0 0 0 0 0 0 0 0 0 0 0 0 0 0 
0.0382 0.0022 0.0004 0 0 0 0 0 0 0 0 0 0 0 0 0 0 0 
0.021 0.001 0.0002 0 0 0 0 0 0 0 0 0 0 0 0 0 0 0 
0.0066 0.0002 0 0 0 0 0 0 0 0 0 0 0 0 0 0 0 0 
0.0034 0 0 0 0 0 0 0 0 0 0 0 0 0 0 0 0 0 
0.0012 0.0002 0.0002 0 0 0 0 0 0 0 0 0 0 0 0 0 0 0 
0.0002 0 0 0 0 0 0 0 0 0 0 0 0 0 0 0 0 0 
0.0006 0 0 0 0 0 0 0 0 0 0 0 0 0 0 0 0 0 
0 0 0 0 0 0 0 0 0 0 0 0 0 0 0 0 0 0 
0 0 0 0 0 0 0 0 0 0 0 0 0 0 0 0 0 0 
0 0 0 0 0 0 0 0 0 0 0 0 0 0 0 0 0 0 

1 0.9976 0.9898 0.9494 0.8062 0.5632 0.326 0.1724 0.0994 0.0594 0.036 0.0242 0.0176 0.0108 0.0062 0.0042 0.0028 0.0018 
0.969 0.9394 0.9106 0.8018 0.5266 0.245 0.076 0.021 0.0044 0.0002 0 0 0 0 0 0 0 0 
0.9096 0.8452 0.7472 0.5016 0.1856 0.04 0.0032 0.0002 0 0 0 0 0 0 0 0 0 0 
0.8268 0.6822 0.4888 0.1926 0.034 0.0032 0.0004 0 0 0 0 0 0 0 0 0 0 0 
0.5996 0.367 0.1586 0.0276 0.003 0.0002 0 0 0 0 0 0 0 0 0 0 0 0 
0.3204 0.1134 0.0264 0.002 0.0002 0 0 0 0 0 0 0 0 0 0 0 0 0 
0.1382 0.0234 0.0036 0.0006 0 0 0 0 0 0 0 0 0 0 0 0 0 0 
0.067 0.0024 0.0004 0.0002 0 0 0 0 0 0 0 0 0 0 0 0 0 0 
0.042 0.0004 0 0 0 0 0 0 0 0 0 0 0 0 0 0 0 0 
0.0288 0 0 0 0 0 0 0 0 0 0 0 0 0 0 0 0 0 
0.0204 0.0002 0 0 0 0 0 0 0 0 0 0 0 0 0 0 0 0 
0.0132 0 0 0 0 0 0 0 0 0 0 0 0 0 0 0 0 0 
0.0092 0 0 0 0 0 0 0 0 0 0 0 0 0 0 0 0 0 
0.0056 0 0 0 0 0 0 0 0 0 0 0 0 0 0 0 0 0 
0.0032 0 0 0 0 0 0 0 0 0 0 0 0 0 0 0 0 0 
0.0012 0 0 0 0 0 0 0 0 0 0 0 0 0 0 0 0 0 
0 0 0 0 0 0 0 0 0 0 0 0 0 0 0 0 0 0 
0 0 0 0 0 0 0 0 0 0 0 0 0 0 0 0 0 0 

1 0.9966 0.989 0.9548 0.8824 0.8102 0.6868 0.574 0.449 0.3366 0.2376 0.1732 0.1184 0.0822 0.051 0.0342 0.0204 0.0116 
0.953 0.9112 0.8382 0.6736 0.4328 0.2708 0.1278 0.059 0.018 0.0058 0.0026 0.0016 0.0004 0 0.0002 0 0 0 
0.8406 0.7102 0.4666 0.186 0.0404 0.0106 0.0014 0.0004 0 0 0 0 0 0 0 0 0 0 
0.7058 0.46 0.1894 0.0338 0.003 0.0008 0 0 0 0 0 0 0 0 0 0 0 0 
0.516 0.2258 0.052 0.0038 0 0 0 0 0 0 0 0 0 0 0 0 0 0 
0.3362 0.0926 0.0122 0.0006 0 0 0 0 0 0 0 0 0 0 0 0 0 0 
0.1902 0.0284 0.003 0.0002 0 0 0 0 0 0 0 0 0 0 0 0 0 0 
0.1028 0.006 0.001 0 0 0 0 0 0 0 0 0 0 0 0 0 0 0 
0.045 0.0018 0.0002 0 0 0 0 0 0 0 0 0 0 0 0 0 0 0 
0.019 0.0006 0 0 0 0 0 0 0 0 0 0 0 0 0 0 0 0 
0.0068 0.0002 0 0 0 0 0 0 0 0 0 0 0 0 0 0 0 0 
0.0022 0 0 0 0 0 0 0 0 0 0 0 0 0 0 0 0 0 
0.0008 0 0 0 0 0 0 0 0 0 0 0 0 0 0 0 0 0 
0.0006 0 0 0 0 0 0 0 0 0 0 0 0 0 0 0 0 0 
0 0 0 0 0 0 0 0 0 0 0 0 0 0 0 0 0 0 
0 0 0 0 0 0 0 0 0 0 0 0 0 0 0 0 0 0 
0 0 0 0 0 0 0 0 0 0 0 0 0 0 0 0 0 0 
0 0 0 0 0 0 0 0 0 0 0 0 0 0 0 0 0 0 

1 0.9972 0.9934 0.9586 0.9198 0.8626 0.8054 0.7126 0.629 0.5304 0.4292 0.3298 0.2538 0.1814 0.1304 0.0918 0.0588 0.034 
0.9218 0.8102 0.6722 0.4616 0.3032 0.1828 0.1004 0.0436 0.018 0.0038 0.0004 0.0002 0 0 0 0 0 0 
0.7976 0.5344 0.287 0.0826 0.0172 0.0022 0.0002 0 0 0 0 0 0 0 0 0 0 0 
0.6552 0.309 0.0988 0.0096 0.0006 0 0 0 0 0 0 0 0 0 0 0 0 0 
0.4968 0.1486 0.0276 0.0006 0 0 0 0 0 0 0 0 0 0 0 0 0 0 
0.3598 0.0626 0.0052 0.0006 0 0 0 0 0 0 0 0 0 0 0 0 0 0 
0.252 0.0224 0.0002 0 0 0 0 0 0 0 0 0 0 0 0 0 0 0 
0.1636 0.0072 0.0002 0 0 0 0 0 0 0 0 0 0 0 0 0 0 0 
0.0984 0.001 0 0 0 0 0 0 0 0 0 0 0 0 0 0 0 0 
0.063 0.0002 0 0 0 0 0 0 0 0 0 0 0 0 0 0 0 0 
0.0338 0 0 0 0 0 0 0 0 0 0 0 0 0 0 0 0 0 
0.016 0 0 0 0 0 0 0 0 0 0 0 0 0 0 0 0 0 
0.0056 0 0 0 0 0 0 0 0 0 0 0 0 0 0 0 0 0 
0.0028 0 0 0 0 0 0 0 0 0 0 0 0 0 0 0 0 0 
0.0008 0 0 0 0 0 0 0 0 0 0 0 0 0 0 0 0 0 
0.0002 0 0 0 0 0 0 0 0 0 0 0 0 0 0 0 0 0 
0 0 0 0 0 0 0 0 0 0 0 0 0 0 0 0 0 0 
0 0 0 0 0 0 0 0 0 0 0 0 0 0 0 0 0 0 

1 0.9962 0.9908 0.9668 0.9044 0.851 0.7546 0.6522 0.5398 0.437 0.33 0.2554 0.1978 0.1492 0.1076 0.079 0.0518 0.0332 
0.9334 0.8812 0.7966 0.6456 0.4178 0.2632 0.1314 0.069 0.0188 0.0074 0.003 0.0012 0 0 0 0 0 0 
0.7894 0.6288 0.3676 0.1468 0.0236 0.0076 0.0012 0.0006 0 0 0 0 0 0 0 0 0 0 
0.6238 0.382 0.1378 0.0294 0.0014 0.0004 0 0 0 0 0 0 0 0 0 0 0 0 
0.4434 0.1822 0.0346 0.0048 0 0 0 0 0 0 0 0 0 0 0 0 0 0 
0.2922 0.0652 0.007 0.001 0 0 0 0 0 0 0 0 0 0 0 0 0 0 
0.1678 0.0166 0.001 0.0002 0 0 0 0 0 0 0 0 0 0 0 0 0 0 
0.0926 0.0046 0.0002 0.0002 0 0 0 0 0 0 0 0 0 0 0 0 0 0 
0.0464 0.0016 0 0 0 0 0 0 0 0 0 0 0 0 0 0 0 0 
0.0198 0.0008 0 0 0 0 0 0 0 0 0 0 0 0 0 0 0 0 
0.007 0.0006 0.0002 0 0 0 0 0 0 0 0 0 0 0 0 0 0 0 
0.0024 0 0 0 0 0 0 0 0 0 0 0 0 0 0 0 0 0 
0.001 0 0 0 0 0 0 0 0 0 0 0 0 0 0 0 0 0 
0.0004 0.0002 0 0 0 0 0 0 0 0 0 0 0 0 0 0 0 0 
0.0002 0 0 0 0 0 0 0 0 0 0 0 0 0 0 0 0 0 
0 0 0 0 0 0 0 0 0 0 0 0 0 0 0 0 0 0 
0 0 0 0 0 0 0 0 0 0 0 0 0 0 0 0 0 0 
0 0 0 0 0 0 0 0 0 0 0 0 0 0 0 0 0 0 

1 0.9962 0.991 0.962 0.9258 0.8586 0.7768 0.6854 0.5766 0.4824 0.3956 0.3194 0.2432 0.1918 0.146 0.105 0.0698 0.039 
0.9224 0.8222 0.6876 0.4974 0.313 0.1808 0.089 0.0394 0.0122 0.0016 0.0006 0.0002 0 0 0 0 0 0 
0.8004 0.563 0.3282 0.1108 0.0254 0.0024 0.0004 0.0002 0.0002 0 0 0 0 0 0 0 0 0 
0.6528 0.3516 0.1258 0.0182 0.0002 0 0 0 0 0 0 0 0 0 0 0 0 0 
0.496 0.1744 0.0376 0.001 0 0 0 0 0 0 0 0 0 0 0 0 0 0 
0.3518 0.071 0.0058 0 0 0 0 0 0 0 0 0 0 0 0 0 0 0 
0.2228 0.0232 0.0006 0 0 0 0 0 0 0 0 0 0 0 0 0 0 0 
0.138 0.005 0 0 0 0 0 0 0 0 0 0 0 0 0 0 0 0 
0.0786 0.0006 0 0 0 0 0 0 0 0 0 0 0 0 0 0 0 0 
0.0422 0 0 0 0 0 0 0 0 0 0 0 0 0 0 0 0 0 
0.0226 0 0 0 0 0 0 0 0 0 0 0 0 0 0 0 0 0 
0.011 0 0 0 0 0 0 0 0 0 0 0 0 0 0 0 0 0 
0.0048 0 0 0 0 0 0 0 0 0 0 0 0 0 0 0 0 0 
0.0016 0 0 0 0 0 0 0 0 0 0 0 0 0 0 0 0 0 
0.0004 0 0 0 0 0 0 0 0 0 0 0 0 0 0 0 0 0 
0.0004 0 0 0 0 0 0 0 0 0 0 0 0 0 0 0 0 0 
0 0 0 0 0 0 0 0 0 0 0 0 0 0 0 0 0 0 
0 0 0 0 0 0 0 0 0 0 0 0 0 0 0 0 0 0 

1 0.9962 0.993 0.9648 0.9224 0.8748 0.806 0.7258 0.6354 0.5466 0.46 0.3846 0.3148 0.258 0.2074 0.1586 0.1164 0.0804 
0.8862 0.7866 0.6652 0.4908 0.3094 0.186 0.0982 0.0416 0.0148 0.0058 0.0022 0.0004 0.0004 0 0 0 0 0 
0.7274 0.507 0.2814 0.0914 0.0176 0.0032 0.0002 0 0 0 0 0 0 0 0 0 0 0 
0.569 0.299 0.1048 0.016 0.001 0.0002 0 0 0 0 0 0 0 0 0 0 0 0 
0.4376 0.1504 0.025 0.0016 0 0 0 0 0 0 0 0 0 0 0 0 0 0 
0.3062 0.06 0.0036 0 0 0 0 0 0 0 0 0 0 0 0 0 0 0 
0.1946 0.0204 0.0002 0 0 0 0 0 0 0 0 0 0 0 0 0 0 0 
0.1138 0.0026 0 0 0 0 0 0 0 0 0 0 0 0 0 0 0 0 
0.0644 0.0008 0 0 0 0 0 0 0 0 0 0 0 0 0 0 0 0 
0.0376 0.0002 0 0 0 0 0 0 0 0 0 0 0 0 0 0 0 0 
0.0182 0 0 0 0 0 0 0 0 0 0 0 0 0 0 0 0 0 
0.0076 0 0 0 0 0 0 0 0 0 0 0 0 0 0 0 0 0 
0.003 0 0 0 0 0 0 0 0 0 0 0 0 0 0 0 0 0 
0.0008 0 0 0 0 0 0 0 0 0 0 0 0 0 0 0 0 0 
0 0 0 0 0 0 0 0 0 0 0 0 0 0 0 0 0 0 
0.0002 0 0 0 0 0 0 0 0 0 0 0 0 0 0 0 0 0 
0.0002 0 0 0 0 0 0 0 0 0 0 0 0 0 0 0 0 0 
0 0 0 0 0 0 0 0 0 0 0 0 0 0 0 0 0 0 

1 0.998 0.996 0.9838 0.9684 0.9484 0.922 0.891 0.852 0.8138 0.7694 0.7138 0.6646 0.608 0.553 0.4838 0.4024 0.3132 
0.6618 0.3734 0.255 0.1494 0.0978 0.0556 0.0282 0.0134 0.004 0.0014 0 0 0 0 0 0 0 0 
0.5146 0.1918 0.0796 0.0204 0.004 0.0002 0 0 0 0 0 0 0 0 0 0 0 0 
0.4002 0.1008 0.0254 0.0026 0 0 0 0 0 0 0 0 0 0 0 0 0 0 
0.307 0.0468 0.004 0 0 0 0 0 0 0 0 0 0 0 0 0 0 0 
0.2286 0.0188 0.0012 0 0 0 0 0 0 0 0 0 0 0 0 0 0 0 
0.1718 0.0044 0.0002 0 0 0 0 0 0 0 0 0 0 0 0 0 0 0 
0.121 0.0022 0 0 0 0 0 0 0 0 0 0 0 0 0 0 0 0 
0.0838 0.0006 0 0 0 0 0 0 0 0 0 0 0 0 0 0 0 0 
0.0564 0 0 0 0 0 0 0 0 0 0 0 0 0 0 0 0 0 
0.0368 0 0 0 0 0 0 0 0 0 0 0 0 0 0 0 0 0 
0.0254 0 0 0 0 0 0 0 0 0 0 0 0 0 0 0 0 0 
0.015 0 0 0 0 0 0 0 0 0 0 0 0 0 0 0 0 0 
0.01 0 0 0 0 0 0 0 0 0 0 0 0 0 0 0 0 0 
0.004 0 0 0 0 0 0 0 0 0 0 0 0 0 0 0 0 0 
0.0006 0 0 0 0 0 0 0 0 0 0 0 0 0 0 0 0 0 
0.0002 0 0 0 0 0 0 0 0 0 0 0 0 0 0 0 0 0 
0 0 0 0 0 0 0 0 0 0 0 0 0 0 0 0 0 0 

1 0.9954 0.9898 0.9644 0.9086 0.859 0.774 0.6818 0.5762 0.4796 0.382 0.307 0.231 0.1822 0.1368 0.0996 0.0676 0.0474 
0.9238 0.8654 0.763 0.6276 0.4 0.2542 0.1312 0.0688 0.0238 0.0064 0.0024 0.0012 0.0006 0 0 0 0 0 
0.7568 0.5806 0.3318 0.134 0.021 0.0088 0.0012 0.0006 0.0002 0 0 0 0 0 0 0 0 0 
0.5886 0.3474 0.126 0.0286 0.0016 0.001 0 0 0 0 0 0 0 0 0 0 0 0 
0.4122 0.1522 0.0278 0.0034 0.0002 0 0 0 0 0 0 0 0 0 0 0 0 0 
0.2692 0.0618 0.008 0.001 0 0 0 0 0 0 0 0 0 0 0 0 0 0 
0.168 0.0164 0.0014 0 0 0 0 0 0 0 0 0 0 0 0 0 0 0 
0.098 0.0042 0.0006 0 0 0 0 0 0 0 0 0 0 0 0 0 0 0 
0.0486 0.001 0 0 0 0 0 0 0 0 0 0 0 0 0 0 0 0 
0.0274 0.0002 0 0 0 0 0 0 0 0 0 0 0 0 0 0 0 0 
0.0118 0.0002 0 0 0 0 0 0 0 0 0 0 0 0 0 0 0 0 
0.005 0 0 0 0 0 0 0 0 0 0 0 0 0 0 0 0 0 
0.002 0 0 0 0 0 0 0 0 0 0 0 0 0 0 0 0 0 
0.0002 0 0 0 0 0 0 0 0 0 0 0 0 0 0 0 0 0 
0.0002 0 0 0 0 0 0 0 0 0 0 0 0 0 0 0 0 0 
0 0 0 0 0 0 0 0 0 0 0 0 0 0 0 0 0 0 
0 0 0 0 0 0 0 0 0 0 0 0 0 0 0 0 0 0 
0 0 0 0 0 0 0 0 0 0 0 0 0 0 0 0 0 0 

1 0.997 0.9934 0.9722 0.944 0.9058 0.8576 0.7928 0.7248 0.6548 0.5784 0.5092 0.448 0.384 0.3264 0.2678 0.2024 0.1458 
0.8246 0.6496 0.5086 0.3482 0.2162 0.134 0.0712 0.0314 0.0108 0.0036 0.0012 0 0 0 0 0 0 0 
0.652 0.392 0.2076 0.0654 0.0136 0.002 0.0004 0 0 0 0 0 0 0 0 0 0 0 
0.5136 0.2288 0.0696 0.0056 0 0 0 0 0 0 0 0 0 0 0 0 0 0 
0.3892 0.1118 0.0202 0.0008 0 0 0 0 0 0 0 0 0 0 0 0 0 0 
0.2812 0.0442 0.003 0 0 0 0 0 0 0 0 0 0 0 0 0 0 0 
0.1878 0.012 0.0004 0 0 0 0 0 0 0 0 0 0 0 0 0 0 0 
0.1202 0.0022 0 0 0 0 0 0 0 0 0 0 0 0 0 0 0 0 
0.0768 0.001 0 0 0 0 0 0 0 0 0 0 0 0 0 0 0 0 
0.0434 0.0004 0 0 0 0 0 0 0 0 0 0 0 0 0 0 0 0 
0.0246 0 0 0 0 0 0 0 0 0 0 0 0 0 0 0 0 0 
0.0138 0 0 0 0 0 0 0 0 0 0 0 0 0 0 0 0 0 
0.0072 0 0 0 0 0 0 0 0 0 0 0 0 0 0 0 0 0 
0.0044 0 0 0 0 0 0 0 0 0 0 0 0 0 0 0 0 0 
0.0006 0 0 0 0 0 0 0 0 0 0 0 0 0 0 0 0 0 
0.0004 0 0 0 0 0 0 0 0 0 0 0 0 0 0 0 0 0 
0 0 0 0 0 0 0 0 0 0 0 0 0 0 0 0 0 0 
0 0 0 0 0 0 0 0 0 0 0 0 0 0 0 0 0 0 

1 0.9966 0.9926 0.9764 0.9512 0.921 0.8808 0.8344 0.7952 0.7318 0.6646 0.604 0.543 0.4792 0.4128 0.3444 0.2668 0.1894 
0.7844 0.5426 0.3916 0.2534 0.1574 0.0982 0.0522 0.0258 0.0122 0.0028 0.0012 0.0006 0 0 0 0 0 0 
0.6042 0.2846 0.1268 0.0352 0.007 0.0008 0 0 0 0 0 0 0 0 0 0 0 0 
0.4808 0.1596 0.0468 0.0046 0.0006 0 0 0 0 0 0 0 0 0 0 0 0 0 
0.3624 0.0704 0.0118 0 0 0 0 0 0 0 0 0 0 0 0 0 0 0 
0.272 0.0328 0.002 0 0 0 0 0 0 0 0 0 0 0 0 0 0 0 
0.1938 0.0118 0.0008 0 0 0 0 0 0 0 0 0 0 0 0 0 0 0 
0.1388 0.0028 0 0 0 0 0 0 0 0 0 0 0 0 0 0 0 0 
0.091 0.0006 0 0 0 0 0 0 0 0 0 0 0 0 0 0 0 0 
0.0628 0 0 0 0 0 0 0 0 0 0 0 0 0 0 0 0 0 
0.0382 0 0 0 0 0 0 0 0 0 0 0 0 0 0 0 0 0 
0.0236 0 0 0 0 0 0 0 0 0 0 0 0 0 0 0 0 0 
0.0146 0 0 0 0 0 0 0 0 0 0 0 0 0 0 0 0 0 
0.0068 0 0 0 0 0 0 0 0 0 0 0 0 0 0 0 0 0 
0.004 0 0 0 0 0 0 0 0 0 0 0 0 0 0 0 0 0 
0.0014 0 0 0 0 0 0 0 0 0 0 0 0 0 0 0 0 0 
0 0 0 0 0 0 0 0 0 0 0 0 0 0 0 0 0 0 
0 0 0 0 0 0 0 0 0 0 0 0 0 0 0 0 0 0 

1 0.9986 0.9974 0.993 0.989 0.9764 0.968 0.959 0.94 0.9192 0.8988 0.8732 0.8344 0.7906 0.737 0.669 0.5882 0.4468 
0.5436 0.0388 0.0174 0.0076 0.004 0.0026 0.0008 0.0006 0.0002 0 0 0 0 0 0 0 0 0 
0.403 0.0114 0.0028 0.0008 0.0002 0 0 0 0 0 0 0 0 0 0 0 0 0 
0.3194 0.0052 0.0006 0 0 0 0 0 0 0 0 0 0 0 0 0 0 0 
0.2612 0.0026 0.0002 0 0 0 0 0 0 0 0 0 0 0 0 0 0 0 
0.2084 0.001 0 0 0 0 0 0 0 0 0 0 0 0 0 0 0 0 
0.1616 0.0004 0 0 0 0 0 0 0 0 0 0 0 0 0 0 0 0 
0.1296 0.0002 0 0 0 0 0 0 0 0 0 0 0 0 0 0 0 0 
0.0944 0 0 0 0 0 0 0 0 0 0 0 0 0 0 0 0 0 
0.0704 0 0 0 0 0 0 0 0 0 0 0 0 0 0 0 0 0 
0.052 0 0 0 0 0 0 0 0 0 0 0 0 0 0 0 0 0 
0.0364 0 0 0 0 0 0 0 0 0 0 0 0 0 0 0 0 0 
0.0234 0 0 0 0 0 0 0 0 0 0 0 0 0 0 0 0 0 
0.0136 0 0 0 0 0 0 0 0 0 0 0 0 0 0 0 0 0 
0.0056 0 0 0 0 0 0 0 0 0 0 0 0 0 0 0 0 0 
0.0014 0 0 0 0 0 0 0 0 0 0 0 0 0 0 0 0 0 
0 0 0 0 0 0 0 0 0 0 0 0 0 0 0 0 0 0 
0 0 0 0 0 0 0 0 0 0 0 0 0 0 0 0 0 0 

1 0.997 0.995 0.9816 0.96 0.9404 0.9126 0.8824 0.8312 0.7924 0.7348 0.6744 0.6002 0.5312 0.4482 0.364 0.2786 0.185 
0.7898 0.4336 0.268 0.1544 0.0914 0.055 0.0304 0.0144 0.0056 0.002 0.0004 0.0004 0 0 0 0 0 0 
0.6268 0.1918 0.0694 0.0162 0.0038 0.0006 0.0002 0.0002 0 0 0 0 0 0 0 0 0 0 
0.5058 0.1 0.022 0.0012 0.0002 0 0 0 0 0 0 0 0 0 0 0 0 0 
0.3972 0.047 0.0042 0 0 0 0 0 0 0 0 0 0 0 0 0 0 0 
0.311 0.0218 0.0008 0 0 0 0 0 0 0 0 0 0 0 0 0 0 0 
0.233 0.0062 0 0 0 0 0 0 0 0 0 0 0 0 0 0 0 0 
0.1682 0.0022 0 0 0 0 0 0 0 0 0 0 0 0 0 0 0 0 
0.1212 0.0006 0 0 0 0 0 0 0 0 0 0 0 0 0 0 0 0 
0.0832 0.0002 0 0 0 0 0 0 0 0 0 0 0 0 0 0 0 0 
0.0504 0 0 0 0 0 0 0 0 0 0 0 0 0 0 0 0 0 
0.0308 0 0 0 0 0 0 0 0 0 0 0 0 0 0 0 0 0 
0.0164 0 0 0 0 0 0 0 0 0 0 0 0 0 0 0 0 0 
0.0082 0 0 0 0 0 0 0 0 0 0 0 0 0 0 0 0 0 
0.0036 0 0 0 0 0 0 0 0 0 0 0 0 0 0 0 0 0 
0.001 0 0 0 0 0 0 0 0 0 0 0 0 0 0 0 0 0 
0.0002 0 0 0 0 0 0 0 0 0 0 0 0 0 0 0 0 0 
0 0 0 0 0 0 0 0 0 0 0 0 0 0 0 0 0 0 

1 0.9992 0.9966 0.9904 0.9866 0.975 0.9658 0.9498 0.9366 0.9124 0.8872 0.8488 0.8074 0.7548 0.7 0.6264 0.5258 0.3822 
0.6074 0.0138 0.0018 0.0004 0.0004 0 0 0.0002 0 0 0 0 0 0 0 0 0 0 
0.4646 0.0012 0 0 0 0 0 0 0 0 0 0 0 0 0 0 0 0 
0.3812 0.001 0 0 0 0 0 0 0 0 0 0 0 0 0 0 0 0 
0.3104 0.0002 0 0 0 0 0 0 0 0 0 0 0 0 0 0 0 0 
0.2466 0.0002 0 0 0 0 0 0 0 0 0 0 0 0 0 0 0 0 
0.2028 0 0 0 0 0 0 0 0 0 0 0 0 0 0 0 0 0 
0.1584 0 0 0 0 0 0 0 0 0 0 0 0 0 0 0 0 0 
0.1204 0 0 0 0 0 0 0 0 0 0 0 0 0 0 0 0 0 
0.0902 0 0 0 0 0 0 0 0 0 0 0 0 0 0 0 0 0 
0.059 0 0 0 0 0 0 0 0 0 0 0 0 0 0 0 0 0 
0.0418 0 0 0 0 0 0 0 0 0 0 0 0 0 0 0 0 0 
0.0272 0 0 0 0 0 0 0 0 0 0 0 0 0 0 0 0 0 
0.015 0 0 0 0 0 0 0 0 0 0 0 0 0 0 0 0 0 
0.0072 0 0 0 0 0 0 0 0 0 0 0 0 0 0 0 0 0 
0.0028 0 0 0 0 0 0 0 0 0 0 0 0 0 0 0 0 0 
0.0008 0 0 0 0 0 0 0 0 0 0 0 0 0 0 0 0 0 
0 0 0 0 0 0 0 0 0 0 0 0 0 0 0 0 0 0 

1 0.9986 0.9976 0.9906 0.9834 0.974 0.9616 0.946 0.9306 0.9104 0.8814 0.847 0.7998 0.756 0.698 0.6186 0.5182 0.3766 
0.6104 0.0038 0.0012 0.0006 0.0004 0 0 0 0 0 0 0 0 0 0 0 0 0 
0.4702 0.0002 0 0 0 0 0 0 0 0 0 0 0 0 0 0 0 0 
0.3792 0 0 0 0 0 0 0 0 0 0 0 0 0 0 0 0 0 
0.3184 0 0 0 0 0 0 0 0 0 0 0 0 0 0 0 0 0 
0.2538 0 0 0 0 0 0 0 0 0 0 0 0 0 0 0 0 0 
0.2048 0 0 0 0 0 0 0 0 0 0 0 0 0 0 0 0 0 
0.1626 0 0 0 0 0 0 0 0 0 0 0 0 0 0 0 0 0 
0.1292 0 0 0 0 0 0 0 0 0 0 0 0 0 0 0 0 0 
0.0942 0 0 0 0 0 0 0 0 0 0 0 0 0 0 0 0 0 
0.0674 0 0 0 0 0 0 0 0 0 0 0 0 0 0 0 0 0 
0.0484 0 0 0 0 0 0 0 0 0 0 0 0 0 0 0 0 0 
0.0322 0 0 0 0 0 0 0 0 0 0 0 0 0 0 0 0 0 
0.0204 0 0 0 0 0 0 0 0 0 0 0 0 0 0 0 0 0 
0.0108 0 0 0 0 0 0 0 0 0 0 0 0 0 0 0 0 0 
0.003 0 0 0 0 0 0 0 0 0 0 0 0 0 0 0 0 0 
0.0004 0 0 0 0 0 0 0 0 0 0 0 0 0 0 0 0 0 
0 0 0 0 0 0 0 0 0 0 0 0 0 0 0 0 0 0 

1 0.9992 0.9972 0.9924 0.9858 0.9784 0.9722 0.9602 0.944 0.9332 0.9096 0.8864 0.8602 0.8304 0.7886 0.7298 0.6506 0.5296 
0.4668 0 0 0 0 0 0 0 0 0 0 0 0 0 0 0 0 0 
0.3424 0 0 0 0 0 0 0 0 0 0 0 0 0 0 0 0 0 
0.2692 0 0 0 0 0 0 0 0 0 0 0 0 0 0 0 0 0 
0.2226 0 0 0 0 0 0 0 0 0 0 0 0 0 0 0 0 0 
0.177 0 0 0 0 0 0 0 0 0 0 0 0 0 0 0 0 0 
0.1454 0 0 0 0 0 0 0 0 0 0 0 0 0 0 0 0 0 
0.1178 0 0 0 0 0 0 0 0 0 0 0 0 0 0 0 0 0 
0.0932 0 0 0 0 0 0 0 0 0 0 0 0 0 0 0 0 0 
0.07 0 0 0 0 0 0 0 0 0 0 0 0 0 0 0 0 0 
0.0554 0 0 0 0 0 0 0 0 0 0 0 0 0 0 0 0 0 
0.0374 0 0 0 0 0 0 0 0 0 0 0 0 0 0 0 0 0 
0.0258 0 0 0 0 0 0 0 0 0 0 0 0 0 0 0 0 0 
0.0166 0 0 0 0 0 0 0 0 0 0 0 0 0 0 0 0 0 
0.008 0 0 0 0 0 0 0 0 0 0 0 0 0 0 0 0 0 
0.0034 0 0 0 0 0 0 0 0 0 0 0 0 0 0 0 0 0 
0.0012 0 0 0 0 0 0 0 0 0 0 0 0 0 0 0 0 0 
0 0 0 0 0 0 0 0 0 0 0 0 0 0 0 0 0 0 

1 0.9952 0.9896 0.9718 0.9362 0.8976 0.8444 0.7712 0.7054 0.614 0.526 0.433 0.3486 0.2702 0.1982 0.1496 0.0938 0.0542 
0.9098 0.741 0.5464 0.376 0.2164 0.1286 0.068 0.0302 0.0112 0.004 0.0016 0.0008 0.0002 0 0 0 0 0 
0.781 0.4152 0.1576 0.0524 0.0058 0.001 0 0 0 0 0 0 0 0 0 0 0 0 
0.648 0.237 0.0504 0.0102 0.0002 0 0.0002 0 0 0 0 0 0 0 0 0 0 0 
0.507 0.1086 0.0086 0.0004 0 0 0 0 0 0 0 0 0 0 0 0 0 0 
0.386 0.0434 0.002 0 0 0 0 0 0 0 0 0 0 0 0 0 0 0 
0.271 0.0134 0.0002 0.0002 0 0 0 0 0 0 0 0 0 0 0 0 0 0 
0.187 0.003 0 0 0 0 0 0 0 0 0 0 0 0 0 0 0 0 
0.1176 0.0008 0 0 0 0 0 0 0 0 0 0 0 0 0 0 0 0 
0.0734 0 0 0 0 0 0 0 0 0 0 0 0 0 0 0 0 0 
0.0448 0 0 0 0 0 0 0 0 0 0 0 0 0 0 0 0 0 
0.0238 0 0 0 0 0 0 0 0 0 0 0 0 0 0 0 0 0 
0.0112 0 0 0 0 0 0 0 0 0 0 0 0 0 0 0 0 0 
0.004 0 0 0 0 0 0 0 0 0 0 0 0 0 0 0 0 0 
0.0012 0 0 0 0 0 0 0 0 0 0 0 0 0 0 0 0 0 
0.0002 0 0 0 0 0 0 0 0 0 0 0 0 0 0 0 0 0 
0 0 0 0 0 0 0 0 0 0 0 0 0 0 0 0 0 0 
0 0 0 0 0 0 0 0 0 0 0 0 0 0 0 0 0 0 

1 0.9988 0.9968 0.986 0.9776 0.963 0.9474 0.9244 0.8952 0.869 0.823 0.7698 0.7012 0.6308 0.5432 0.4464 0.3346 0.2092 
0.7712 0.0904 0.029 0.0124 0.006 0.0032 0.0022 0.001 0.0002 0 0.0002 0 0 0 0 0 0 0 
0.6384 0.0216 0.0034 0.0002 0 0 0 0 0 0 0 0 0 0 0 0 0 0 
0.5324 0.0106 0.0006 0 0 0 0 0 0 0 0 0 0 0 0 0 0 0 
0.444 0.0048 0.0004 0 0 0 0 0 0 0 0 0 0 0 0 0 0 0 
0.36 0.002 0 0 0 0 0 0 0 0 0 0 0 0 0 0 0 0 
0.291 0.0004 0 0 0 0 0 0 0 0 0 0 0 0 0 0 0 0 
0.2274 0 0 0 0 0 0 0 0 0 0 0 0 0 0 0 0 0 
0.1776 0 0 0 0 0 0 0 0 0 0 0 0 0 0 0 0 0 
0.13 0 0 0 0 0 0 0 0 0 0 0 0 0 0 0 0 0 
0.0912 0 0 0 0 0 0 0 0 0 0 0 0 0 0 0 0 0 
0.0604 0 0 0 0 0 0 0 0 0 0 0 0 0 0 0 0 0 
0.0368 0 0 0 0 0 0 0 0 0 0 0 0 0 0 0 0 0 
0.021 0 0 0 0 0 0 0 0 0 0 0 0 0 0 0 0 0 
0.0092 0 0 0 0 0 0 0 0 0 0 0 0 0 0 0 0 0 
0.0032 0 0 0 0 0 0 0 0 0 0 0 0 0 0 0 0 0 
0.001 0 0 0 0 0 0 0 0 0 0 0 0 0 0 0 0 0 
0.0002 0 0 0 0 0 0 0 0 0 0 0 0 0 0 0 0 0 

1 0.9974 0.9972 0.9854 0.9718 0.9602 0.945 0.924 0.8918 0.8582 0.8178 0.7518 0.682 0.597 0.5104 0.4024 0.291 0.1644 
0.8118 0.0498 0.0154 0.0056 0.0014 0.0012 0 0 0.0002 0 0 0 0 0 0 0 0 0 
0.6886 0.0078 0.0004 0 0 0 0 0 0 0 0 0 0 0 0 0 0 0 
0.5872 0.004 0 0 0 0 0 0 0 0 0 0 0 0 0 0 0 0 
0.4872 0.0014 0 0 0 0 0 0 0 0 0 0 0 0 0 0 0 0 
0.4078 0.0006 0 0 0 0 0 0 0 0 0 0 0 0 0 0 0 0 
0.3294 0.0002 0 0 0 0 0 0 0 0 0 0 0 0 0 0 0 0 
0.263 0 0 0 0 0 0 0 0 0 0 0 0 0 0 0 0 0 
0.2018 0 0 0 0 0 0 0 0 0 0 0 0 0 0 0 0 0 
0.1446 0 0 0 0 0 0 0 0 0 0 0 0 0 0 0 0 0 
0.0978 0 0 0 0 0 0 0 0 0 0 0 0 0 0 0 0 0 
0.066 0 0 0 0 0 0 0 0 0 0 0 0 0 0 0 0 0 
0.041 0 0 0 0 0 0 0 0 0 0 0 0 0 0 0 0 0 
0.022 0 0 0 0 0 0 0 0 0 0 0 0 0 0 0 0 0 
0.0104 0 0 0 0 0 0 0 0 0 0 0 0 0 0 0 0 0 
0.0042 0 0 0 0 0 0 0 0 0 0 0 0 0 0 0 0 0 
0.0014 0 0 0 0 0 0 0 0 0 0 0 0 0 0 0 0 0 
0 0 0 0 0 0 0 0 0 0 0 0 0 0 0 0 0 0 

1 0.9988 0.9964 0.9892 0.9818 0.9728 0.9624 0.9406 0.9184 0.8918 0.857 0.8128 0.769 0.705 0.6364 0.5496 0.44 0.2968 
0.6926 0 0 0 0 0 0 0 0 0 0 0 0 0 0 0 0 0 
0.5522 0 0 0 0 0 0 0 0 0 0 0 0 0 0 0 0 0 
0.4584 0 0 0 0 0 0 0 0 0 0 0 0 0 0 0 0 0 
0.3722 0 0 0 0 0 0 0 0 0 0 0 0 0 0 0 0 0 
0.3058 0 0 0 0 0 0 0 0 0 0 0 0 0 0 0 0 0 
0.2438 0 0 0 0 0 0 0 0 0 0 0 0 0 0 0 0 0 
0.1968 0 0 0 0 0 0 0 0 0 0 0 0 0 0 0 0 0 
0.1484 0 0 0 0 0 0 0 0 0 0 0 0 0 0 0 0 0 
0.1096 0 0 0 0 0 0 0 0 0 0 0 0 0 0 0 0 0 
0.0792 0 0 0 0 0 0 0 0 0 0 0 0 0 0 0 0 0 
0.0542 0 0 0 0 0 0 0 0 0 0 0 0 0 0 0 0 0 
0.0316 0 0 0 0 0 0 0 0 0 0 0 0 0 0 0 0 0 
0.0208 0 0 0 0 0 0 0 0 0 0 0 0 0 0 0 0 0 
0.0096 0 0 0 0 0 0 0 0 0 0 0 0 0 0 0 0 0 
0.0044 0 0 0 0 0 0 0 0 0 0 0 0 0 0 0 0 0 
0.0012 0 0 0 0 0 0 0 0 0 0 0 0 0 0 0 0 0 
0.0004 0 0 0 0 0 0 0 0 0 0 0 0 0 0 0 0 0 

1 0.9978 0.9938 0.9866 0.9754 0.9628 0.9418 0.9178 0.8886 0.8464 0.8002 0.739 0.6622 0.5814 0.4918 0.386 0.2646 0.1438 
0.8368 0.0234 0.0046 0.0018 0.0012 0.0002 0.0002 0 0 0 0 0 0 0 0 0 0 0 
0.7124 0.0026 0.0006 0 0 0 0 0 0 0 0 0 0 0 0 0 0 0 
0.603 0.0016 0 0 0 0 0 0 0 0 0 0 0 0 0 0 0 0 
0.5118 0.0004 0 0 0 0 0 0 0 0 0 0 0 0 0 0 0 0 
0.4302 0.0002 0 0 0 0 0 0 0 0 0 0 0 0 0 0 0 0 
0.349 0 0 0 0 0 0 0 0 0 0 0 0 0 0 0 0 0 
0.2834 0 0 0 0 0 0 0 0 0 0 0 0 0 0 0 0 0 
0.2176 0 0 0 0 0 0 0 0 0 0 0 0 0 0 0 0 0 
0.159 0 0 0 0 0 0 0 0 0 0 0 0 0 0 0 0 0 
0.1152 0 0 0 0 0 0 0 0 0 0 0 0 0 0 0 0 0 
0.0768 0 0 0 0 0 0 0 0 0 0 0 0 0 0 0 0 0 
0.049 0 0 0 0 0 0 0 0 0 0 0 0 0 0 0 0 0 
0.0248 0 0 0 0 0 0 0 0 0 0 0 0 0 0 0 0 0 
0.0098 0 0 0 0 0 0 0 0 0 0 0 0 0 0 0 0 0 
0.0038 0 0 0 0 0 0 0 0 0 0 0 0 0 0 0 0 0 
0.0006 0 0 0 0 0 0 0 0 0 0 0 0 0 0 0 0 0 
0 0 0 0 0 0 0 0 0 0 0 0 0 0 0 0 0 0 

1 0.9992 0.9974 0.9878 0.9808 0.9708 0.9536 0.936 0.9176 0.8838 0.8518 0.8136 0.7518 0.7008 0.6338 0.5388 0.4278 0.2812 
0.7038 0 0 0 0 0 0 0 0 0 0 0 0 0 0 0 0 0 
0.555 0 0 0 0 0 0 0 0 0 0 0 0 0 0 0 0 0 
0.4648 0 0 0 0 0 0 0 0 0 0 0 0 0 0 0 0 0 
0.3812 0 0 0 0 0 0 0 0 0 0 0 0 0 0 0 0 0 
0.3154 0 0 0 0 0 0 0 0 0 0 0 0 0 0 0 0 0 
0.256 0 0 0 0 0 0 0 0 0 0 0 0 0 0 0 0 0 
0.2036 0 0 0 0 0 0 0 0 0 0 0 0 0 0 0 0 0 
0.1596 0 0 0 0 0 0 0 0 0 0 0 0 0 0 0 0 0 
0.1174 0 0 0 0 0 0 0 0 0 0 0 0 0 0 0 0 0 
0.084 0 0 0 0 0 0 0 0 0 0 0 0 0 0 0 0 0 
0.0584 0 0 0 0 0 0 0 0 0 0 0 0 0 0 0 0 0 
0.038 0 0 0 0 0 0 0 0 0 0 0 0 0 0 0 0 0 
0.0208 0 0 0 0 0 0 0 0 0 0 0 0 0 0 0 0 0 
0.009 0 0 0 0 0 0 0 0 0 0 0 0 0 0 0 0 0 
0.0044 0 0 0 0 0 0 0 0 0 0 0 0 0 0 0 0 0 
0.0018 0 0 0 0 0 0 0 0 0 0 0 0 0 0 0 0 0 
0.0002 0 0 0 0 0 0 0 0 0 0 0 0 0 0 0 0 0 

1 0.9982 0.9966 0.988 0.98 0.9656 0.951 0.9352 0.909 0.8848 0.8464 0.8064 0.7542 0.7064 0.6294 0.5352 0.4254 0.2802 
0.7056 0 0 0 0 0 0 0 0 0 0 0 0 0 0 0 0 0 
0.5632 0 0 0 0 0 0 0 0 0 0 0 0 0 0 0 0 0 
0.472 0 0 0 0 0 0 0 0 0 0 0 0 0 0 0 0 0 
0.3794 0 0 0 0 0 0 0 0 0 0 0 0 0 0 0 0 0 
0.3154 0 0 0 0 0 0 0 0 0 0 0 0 0 0 0 0 0 
0.2516 0 0 0 0 0 0 0 0 0 0 0 0 0 0 0 0 0 
0.2008 0 0 0 0 0 0 0 0 0 0 0 0 0 0 0 0 0 
0.1618 0 0 0 0 0 0 0 0 0 0 0 0 0 0 0 0 0 
0.1262 0 0 0 0 0 0 0 0 0 0 0 0 0 0 0 0 0 
0.0904 0 0 0 0 0 0 0 0 0 0 0 0 0 0 0 0 0 
0.0604 0 0 0 0 0 0 0 0 0 0 0 0 0 0 0 0 0 
0.04 0 0 0 0 0 0 0 0 0 0 0 0 0 0 0 0 0 
0.022 0 0 0 0 0 0 0 0 0 0 0 0 0 0 0 0 0 
0.0116 0 0 0 0 0 0 0 0 0 0 0 0 0 0 0 0 0 
0.0066 0 0 0 0 0 0 0 0 0 0 0 0 0 0 0 0 0 
0.0008 0 0 0 0 0 0 0 0 0 0 0 0 0 0 0 0 0 
0.0002 0 0 0 0 0 0 0 0 0 0 0 0 0 0 0 0 0 

1 0.9996 0.997 0.9908 0.9836 0.9754 0.9632 0.9562 0.9346 0.9194 0.8916 0.864 0.8258 0.7848 0.727 0.662 0.5812 0.435 
0.5608 0 0 0 0 0 0 0 0 0 0 0 0 0 0 0 0 0 
0.4124 0 0 0 0 0 0 0 0 0 0 0 0 0 0 0 0 0 
0.3398 0 0 0 0 0 0 0 0 0 0 0 0 0 0 0 0 0 
0.2792 0 0 0 0 0 0 0 0 0 0 0 0 0 0 0 0 0 
0.2296 0 0 0 0 0 0 0 0 0 0 0 0 0 0 0 0 0 
0.183 0 0 0 0 0 0 0 0 0 0 0 0 0 0 0 0 0 
0.1432 0 0 0 0 0 0 0 0 0 0 0 0 0 0 0 0 0 
0.1096 0 0 0 0 0 0 0 0 0 0 0 0 0 0 0 0 0 
0.0862 0 0 0 0 0 0 0 0 0 0 0 0 0 0 0 0 0 
0.0588 0 0 0 0 0 0 0 0 0 0 0 0 0 0 0 0 0 
0.043 0 0 0 0 0 0 0 0 0 0 0 0 0 0 0 0 0 
0.0262 0 0 0 0 0 0 0 0 0 0 0 0 0 0 0 0 0 
0.0206 0 0 0 0 0 0 0 0 0 0 0 0 0 0 0 0 0 
0.011 0 0 0 0 0 0 0 0 0 0 0 0 0 0 0 0 0 
0.0044 0 0 0 0 0 0 0 0 0 0 0 0 0 0 0 0 0 
0.001 0 0 0 0 0 0 0 0 0 0 0 0 0 0 0 0 0 
0 0 0 0 0 0 0 0 0 0 0 0 0 0 0 0 0 0 

1 0.997 0.995 0.9858 0.9718 0.9616 0.9456 0.916 0.8876 0.847 0.7958 0.7426 0.6612 0.5738 0.48 0.3788 0.2616 0.137 
0.8414 0.0108 0.0022 0.001 0.0004 0.0004 0.0002 0 0 0 0 0 0 0 0 0 0 0 
0.7142 0.0008 0 0 0 0 0 0 0 0 0 0 0 0 0 0 0 0 
0.6134 0.0006 0 0 0 0 0 0 0 0 0 0 0 0 0 0 0 0 
0.5258 0.0002 0 0 0 0 0 0 0 0 0 0 0 0 0 0 0 0 
0.4396 0 0 0 0 0 0 0 0 0 0 0 0 0 0 0 0 0 
0.359 0 0 0 0 0 0 0 0 0 0 0 0 0 0 0 0 0 
0.2896 0 0 0 0 0 0 0 0 0 0 0 0 0 0 0 0 0 
0.219 0 0 0 0 0 0 0 0 0 0 0 0 0 0 0 0 0 
0.1588 0 0 0 0 0 0 0 0 0 0 0 0 0 0 0 0 0 
0.1152 0 0 0 0 0 0 0 0 0 0 0 0 0 0 0 0 0 
0.0788 0 0 0 0 0 0 0 0 0 0 0 0 0 0 0 0 0 
0.0484 0 0 0 0 0 0 0 0 0 0 0 0 0 0 0 0 0 
0.0258 0 0 0 0 0 0 0 0 0 0 0 0 0 0 0 0 0 
0.0118 0 0 0 0 0 0 0 0 0 0 0 0 0 0 0 0 0 
0.0038 0 0 0 0 0 0 0 0 0 0 0 0 0 0 0 0 0 
0.0006 0 0 0 0 0 0 0 0 0 0 0 0 0 0 0 0 0 
0 0 0 0 0 0 0 0 0 0 0 0 0 0 0 0 0 0 

1 0.9982 0.9958 0.9904 0.9786 0.9712 0.96 0.9394 0.916 0.8886 0.8554 0.8182 0.765 0.7054 0.632 0.5406 0.4238 0.2724 
0.7146 0 0 0 0 0 0 0 0 0 0 0 0 0 0 0 0 0 
0.5688 0 0 0 0 0 0 0 0 0 0 0 0 0 0 0 0 0 
0.468 0 0 0 0 0 0 0 0 0 0 0 0 0 0 0 0 0 
0.3766 0 0 0 0 0 0 0 0 0 0 0 0 0 0 0 0 0 
0.3088 0 0 0 0 0 0 0 0 0 0 0 0 0 0 0 0 0 
0.2416 0 0 0 0 0 0 0 0 0 0 0 0 0 0 0 0 0 
0.1988 0 0 0 0 0 0 0 0 0 0 0 0 0 0 0 0 0 
0.1526 0 0 0 0 0 0 0 0 0 0 0 0 0 0 0 0 0 
0.1116 0 0 0 0 0 0 0 0 0 0 0 0 0 0 0 0 0 
0.0818 0 0 0 0 0 0 0 0 0 0 0 0 0 0 0 0 0 
0.0566 0 0 0 0 0 0 0 0 0 0 0 0 0 0 0 0 0 
0.0356 0 0 0 0 0 0 0 0 0 0 0 0 0 0 0 0 0 
0.0204 0 0 0 0 0 0 0 0 0 0 0 0 0 0 0 0 0 
0.0094 0 0 0 0 0 0 0 0 0 0 0 0 0 0 0 0 0 
0.0032 0 0 0 0 0 0 0 0 0 0 0 0 0 0 0 0 0 
0.0006 0 0 0 0 0 0 0 0 0 0 0 0 0 0 0 0 0 
0 0 0 0 0 0 0 0 0 0 0 0 0 0 0 0 0 0 

1 0.9986 0.997 0.9908 0.98 0.972 0.9562 0.9434 0.9254 0.896 0.862 0.8218 0.7678 0.7114 0.6386 0.542 0.4304 0.2742 
0.7062 0 0 0 0 0 0 0 0 0 0 0 0 0 0 0 0 0 
0.5682 0 0 0 0 0 0 0 0 0 0 0 0 0 0 0 0 0 
0.461 0 0 0 0 0 0 0 0 0 0 0 0 0 0 0 0 0 
0.3756 0 0 0 0 0 0 0 0 0 0 0 0 0 0 0 0 0 
0.3014 0 0 0 0 0 0 0 0 0 0 0 0 0 0 0 0 0 
0.2416 0 0 0 0 0 0 0 0 0 0 0 0 0 0 0 0 0 
0.19 0 0 0 0 0 0 0 0 0 0 0 0 0 0 0 0 0 
0.1478 0 0 0 0 0 0 0 0 0 0 0 0 0 0 0 0 0 
0.1058 0 0 0 0 0 0 0 0 0 0 0 0 0 0 0 0 0 
0.0774 0 0 0 0 0 0 0 0 0 0 0 0 0 0 0 0 0 
0.0528 0 0 0 0 0 0 0 0 0 0 0 0 0 0 0 0 0 
0.031 0 0 0 0 0 0 0 0 0 0 0 0 0 0 0 0 0 
0.018 0 0 0 0 0 0 0 0 0 0 0 0 0 0 0 0 0 
0.0106 0 0 0 0 0 0 0 0 0 0 0 0 0 0 0 0 0 
0.0038 0 0 0 0 0 0 0 0 0 0 0 0 0 0 0 0 0 
0.0008 0 0 0 0 0 0 0 0 0 0 0 0 0 0 0 0 0 
0.0004 0 0 0 0 0 0 0 0 0 0 0 0 0 0 0 0 0 

1 0.9982 0.9984 0.9934 0.9864 0.9786 0.9646 0.9478 0.934 0.9216 0.899 0.8696 0.8422 0.8044 0.7554 0.6802 0.5942 0.4502 
0.5518 0 0 0 0 0 0 0 0 0 0 0 0 0 0 0 0 0 
0.4014 0 0 0 0 0 0 0 0 0 0 0 0 0 0 0 0 0 
0.3228 0 0 0 0 0 0 0 0 0 0 0 0 0 0 0 0 0 
0.258 0 0 0 0 0 0 0 0 0 0 0 0 0 0 0 0 0 
0.206 0 0 0 0 0 0 0 0 0 0 0 0 0 0 0 0 0 
0.1638 0 0 0 0 0 0 0 0 0 0 0 0 0 0 0 0 0 
0.1298 0 0 0 0 0 0 0 0 0 0 0 0 0 0 0 0 0 
0.1046 0 0 0 0 0 0 0 0 0 0 0 0 0 0 0 0 0 
0.0782 0 0 0 0 0 0 0 0 0 0 0 0 0 0 0 0 0 
0.06 0 0 0 0 0 0 0 0 0 0 0 0 0 0 0 0 0 
0.042 0 0 0 0 0 0 0 0 0 0 0 0 0 0 0 0 0 
0.0298 0 0 0 0 0 0 0 0 0 0 0 0 0 0 0 0 0 
0.0204 0 0 0 0 0 0 0 0 0 0 0 0 0 0 0 0 0 
0.009 0 0 0 0 0 0 0 0 0 0 0 0 0 0 0 0 0 
0.003 0 0 0 0 0 0 0 0 0 0 0 0 0 0 0 0 0 
0.0012 0 0 0 0 0 0 0 0 0 0 0 0 0 0 0 0 0 
0 0 0 0 0 0 0 0 0 0 0 0 0 0 0 0 0 0 

1 0.9978 0.9956 0.9868 0.9818 0.973 0.9612 0.943 0.9164 0.888 0.8588 0.8116 0.7664 0.7076 0.6382 0.5626 0.4554 0.3102 
0.6692 0 0 0 0 0 0 0 0 0 0 0 0 0 0 0 0 0 
0.5402 0 0 0 0 0 0 0 0 0 0 0 0 0 0 0 0 0 
0.4382 0 0 0 0 0 0 0 0 0 0 0 0 0 0 0 0 0 
0.3702 0 0 0 0 0 0 0 0 0 0 0 0 0 0 0 0 0 
0.3022 0 0 0 0 0 0 0 0 0 0 0 0 0 0 0 0 0 
0.254 0 0 0 0 0 0 0 0 0 0 0 0 0 0 0 0 0 
0.2002 0 0 0 0 0 0 0 0 0 0 0 0 0 0 0 0 0 
0.1514 0 0 0 0 0 0 0 0 0 0 0 0 0 0 0 0 0 
0.113 0 0 0 0 0 0 0 0 0 0 0 0 0 0 0 0 0 
0.081 0 0 0 0 0 0 0 0 0 0 0 0 0 0 0 0 0 
0.0572 0 0 0 0 0 0 0 0 0 0 0 0 0 0 0 0 0 
0.0366 0 0 0 0 0 0 0 0 0 0 0 0 0 0 0 0 0 
0.0188 0 0 0 0 0 0 0 0 0 0 0 0 0 0 0 0 0 
0.0086 0 0 0 0 0 0 0 0 0 0 0 0 0 0 0 0 0 
0.0038 0 0 0 0 0 0 0 0 0 0 0 0 0 0 0 0 0 
0.0008 0 0 0 0 0 0 0 0 0 0 0 0 0 0 0 0 0 
0.0002 0 0 0 0 0 0 0 0 0 0 0 0 0 0 0 0 0 

1 0.9982 0.9978 0.9938 0.9874 0.981 0.973 0.9582 0.9428 0.9298 0.9068 0.881 0.8512 0.805 0.7594 0.6926 0.6022 0.4694 
0.5246 0 0 0 0 0 0 0 0 0 0 0 0 0 0 0 0 0 
0.3966 0 0 0 0 0 0 0 0 0 0 0 0 0 0 0 0 0 
0.316 0 0 0 0 0 0 0 0 0 0 0 0 0 0 0 0 0 
0.2458 0 0 0 0 0 0 0 0 0 0 0 0 0 0 0 0 0 
0.1998 0 0 0 0 0 0 0 0 0 0 0 0 0 0 0 0 0 
0.1608 0 0 0 0 0 0 0 0 0 0 0 0 0 0 0 0 0 
0.1258 0 0 0 0 0 0 0 0 0 0 0 0 0 0 0 0 0 
0.0948 0 0 0 0 0 0 0 0 0 0 0 0 0 0 0 0 0 
0.071 0 0 0 0 0 0 0 0 0 0 0 0 0 0 0 0 0 
0.0512 0 0 0 0 0 0 0 0 0 0 0 0 0 0 0 0 0 
0.0352 0 0 0 0 0 0 0 0 0 0 0 0 0 0 0 0 0 
0.0226 0 0 0 0 0 0 0 0 0 0 0 0 0 0 0 0 0 
0.0144 0 0 0 0 0 0 0 0 0 0 0 0 0 0 0 0 0 
0.0076 0 0 0 0 0 0 0 0 0 0 0 0 0 0 0 0 0 
0.0034 0 0 0 0 0 0 0 0 0 0 0 0 0 0 0 0 0 
0.0006 0 0 0 0 0 0 0 0 0 0 0 0 0 0 0 0 0 
0.0002 0 0 0 0 0 0 0 0 0 0 0 0 0 0 0 0 0 

1 0.999 0.9976 0.9914 0.9852 0.9764 0.9648 0.9532 0.94 0.9252 0.9046 0.8702 0.842 0.8032 0.7576 0.6948 0.61 0.4774 
0.521 0 0 0 0 0 0 0 0 0 0 0 0 0 0 0 0 0 
0.3904 0 0 0 0 0 0 0 0 0 0 0 0 0 0 0 0 0 
0.312 0 0 0 0 0 0 0 0 0 0 0 0 0 0 0 0 0 
0.251 0 0 0 0 0 0 0 0 0 0 0 0 0 0 0 0 0 
0.1992 0 0 0 0 0 0 0 0 0 0 0 0 0 0 0 0 0 
0.1628 0 0 0 0 0 0 0 0 0 0 0 0 0 0 0 0 0 
0.136 0 0 0 0 0 0 0 0 0 0 0 0 0 0 0 0 0 
0.1028 0 0 0 0 0 0 0 0 0 0 0 0 0 0 0 0 0 
0.076 0 0 0 0 0 0 0 0 0 0 0 0 0 0 0 0 0 
0.055 0 0 0 0 0 0 0 0 0 0 0 0 0 0 0 0 0 
0.039 0 0 0 0 0 0 0 0 0 0 0 0 0 0 0 0 0 
0.028 0 0 0 0 0 0 0 0 0 0 0 0 0 0 0 0 0 
0.0168 0 0 0 0 0 0 0 0 0 0 0 0 0 0 0 0 0 
0.0108 0 0 0 0 0 0 0 0 0 0 0 0 0 0 0 0 0 
0.0044 0 0 0 0 0 0 0 0 0 0 0 0 0 0 0 0 0 
0.0018 0 0 0 0 0 0 0 0 0 0 0 0 0 0 0 0 0 
0.0004 0 0 0 0 0 0 0 0 0 0 0 0 0 0 0 0 0 

1 0.999 0.9994 0.9958 0.9922 0.9838 0.9766 0.9686 0.9568 0.9476 0.9352 0.9182 0.897 0.871 0.836 0.79 0.729 0.6346 
0.3612 0 0 0 0 0 0 0 0 0 0 0 0 0 0 0 0 0 
0.2662 0 0 0 0 0 0 0 0 0 0 0 0 0 0 0 0 0 
0.2142 0 0 0 0 0 0 0 0 0 0 0 0 0 0 0 0 0 
0.17 0 0 0 0 0 0 0 0 0 0 0 0 0 0 0 0 0 
0.1338 0 0 0 0 0 0 0 0 0 0 0 0 0 0 0 0 0 
0.108 0 0 0 0 0 0 0 0 0 0 0 0 0 0 0 0 0 
0.0848 0 0 0 0 0 0 0 0 0 0 0 0 0 0 0 0 0 
0.0654 0 0 0 0 0 0 0 0 0 0 0 0 0 0 0 0 0 
0.0514 0 0 0 0 0 0 0 0 0 0 0 0 0 0 0 0 0 
0.041 0 0 0 0 0 0 0 0 0 0 0 0 0 0 0 0 0 
0.03 0 0 0 0 0 0 0 0 0 0 0 0 0 0 0 0 0 
0.0208 0 0 0 0 0 0 0 0 0 0 0 0 0 0 0 0 0 
0.0124 0 0 0 0 0 0 0 0 0 0 0 0 0 0 0 0 0 
0.0066 0 0 0 0 0 0 0 0 0 0 0 0 0 0 0 0 0 
0.003 0 0 0 0 0 0 0 0 0 0 0 0 0 0 0 0 0 
0.0004 0 0 0 0 0 0 0 0 0 0 0 0 0 0 0 0 0 
0 0 0 0 0 0 0 0 0 0 0 0 0 0 0 0 0 0 

