32160 32087 31920 31293 30357 29104 27534 25562 23174 20754 18070 15595 13349 11223 9293 7670 6190 4921 3856 2868 1969 1230 
29329 26231 22741 17613 12640 8354 5315 3072 1617 730 262 77 17 5 0 0 0 0 0 0 0 0 
26112 19651 13055 6065 2134 599 117 15 4 0 0 0 0 0 0 0 0 0 0 0 0 0 
22696 13778 6706 1644 221 20 0 0 0 0 0 0 0 0 0 0 0 0 0 0 0 0 
18789 8439 2723 274 11 0 0 0 0 0 0 0 0 0 0 0 0 0 0 0 0 0 
14760 4583 882 20 1 0 0 0 0 0 0 0 0 0 0 0 0 0 0 0 0 0 
10998 2087 203 1 0 0 0 0 0 0 0 0 0 0 0 0 0 0 0 0 0 0 
7899 857 32 0 0 0 0 0 0 0 0 0 0 0 0 0 0 0 0 0 0 0 
5372 260 3 0 0 0 0 0 0 0 0 0 0 0 0 0 0 0 0 0 0 0 
3433 68 1 0 0 0 0 0 0 0 0 0 0 0 0 0 0 0 0 0 0 0 
2070 13 0 0 0 0 0 0 0 0 0 0 0 0 0 0 0 0 0 0 0 0 
1274 1 0 0 0 0 0 0 0 0 0 0 0 0 0 0 0 0 0 0 0 0 
699 0 0 0 0 0 0 0 0 0 0 0 0 0 0 0 0 0 0 0 0 0 
405 0 0 0 0 0 0 0 0 0 0 0 0 0 0 0 0 0 0 0 0 0 
194 0 0 0 0 0 0 0 0 0 0 0 0 0 0 0 0 0 0 0 0 0 
96 0 0 0 0 0 0 0 0 0 0 0 0 0 0 0 0 0 0 0 0 0 
47 0 0 0 0 0 0 0 0 0 0 0 0 0 0 0 0 0 0 0 0 0 
19 0 0 0 0 0 0 0 0 0 0 0 0 0 0 0 0 0 0 0 0 0 
5 0 0 0 0 0 0 0 0 0 0 0 0 0 0 0 0 0 0 0 0 0 
2 0 0 0 0 0 0 0 0 0 0 0 0 0 0 0 0 0 0 0 0 0 
0 0 0 0 0 0 0 0 0 0 0 0 0 0 0 0 0 0 0 0 0 0 
0 0 0 0 0 0 0 0 0 0 0 0 0 0 0 0 0 0 0 0 0 0 
16080 16030 15932 15508 14874 14186 13277 12098 10961 9680 8357 7080 5831 4780 3905 3088 2462 1886 1433 1066 721 477 
14919 14020 12627 10374 7619 5365 3487 2115 1143 605 213 104 34 10 6 1 1 0 0 0 0 0 
13098 10718 7391 3688 1226 398 82 19 3 3 0 0 0 0 0 0 0 0 0 0 0 0 
11080 7555 3779 1052 169 30 2 0 0 0 0 0 0 0 0 0 0 0 0 0 0 0 
8947 4663 1554 208 11 0 0 0 0 0 0 0 0 0 0 0 0 0 0 0 0 0 
6814 2589 535 28 1 0 0 0 0 0 0 0 0 0 0 0 0 0 0 0 0 0 
4941 1244 139 2 0 0 0 0 0 0 0 0 0 0 0 0 0 0 0 0 0 0 
3426 509 32 3 0 0 0 0 0 0 0 0 0 0 0 0 0 0 0 0 0 0 
2227 163 7 0 0 0 0 0 0 0 0 0 0 0 0 0 0 0 0 0 0 0 
1370 59 2 0 0 0 0 0 0 0 0 0 0 0 0 0 0 0 0 0 0 0 
793 10 1 0 0 0 0 0 0 0 0 0 0 0 0 0 0 0 0 0 0 0 
420 2 0 0 0 0 0 0 0 0 0 0 0 0 0 0 0 0 0 0 0 0 
213 2 0 0 0 0 0 0 0 0 0 0 0 0 0 0 0 0 0 0 0 0 
114 0 0 0 0 0 0 0 0 0 0 0 0 0 0 0 0 0 0 0 0 0 
49 0 0 0 0 0 0 0 0 0 0 0 0 0 0 0 0 0 0 0 0 0 
20 0 0 0 0 0 0 0 0 0 0 0 0 0 0 0 0 0 0 0 0 0 
10 0 0 0 0 0 0 0 0 0 0 0 0 0 0 0 0 0 0 0 0 0 
2 0 0 0 0 0 0 0 0 0 0 0 0 0 0 0 0 0 0 0 0 0 
1 0 0 0 0 0 0 0 0 0 0 0 0 0 0 0 0 0 0 0 0 0 
1 0 0 0 0 0 0 0 0 0 0 0 0 0 0 0 0 0 0 0 0 0 
0 0 0 0 0 0 0 0 0 0 0 0 0 0 0 0 0 0 0 0 0 0 
0 0 0 0 0 0 0 0 0 0 0 0 0 0 0 0 0 0 0 0 0 0 
16080 16054 15975 15707 15370 14908 14313 13619 12722 11883 10947 9990 8903 7970 7048 6197 5303 4529 3798 3019 2290 1560 
13797 11114 9054 6640 4662 3042 1869 1104 592 285 117 28 6 1 0 0 0 0 0 0 0 0 
11922 7534 4648 2012 695 183 41 1 0 0 0 0 0 0 0 0 0 0 0 0 0 0 
10139 4975 2156 474 66 6 0 0 0 0 0 0 0 0 0 0 0 0 0 0 0 0 
8334 2914 895 86 3 0 0 0 0 0 0 0 0 0 0 0 0 0 0 0 0 0 
6604 1585 250 7 0 0 0 0 0 0 0 0 0 0 0 0 0 0 0 0 0 0 
5107 799 51 2 0 0 0 0 0 0 0 0 0 0 0 0 0 0 0 0 0 0 
3643 310 8 0 0 0 0 0 0 0 0 0 0 0 0 0 0 0 0 0 0 0 
2634 113 1 0 0 0 0 0 0 0 0 0 0 0 0 0 0 0 0 0 0 0 
1790 25 0 0 0 0 0 0 0 0 0 0 0 0 0 0 0 0 0 0 0 0 
1230 4 0 0 0 0 0 0 0 0 0 0 0 0 0 0 0 0 0 0 0 0 
798 1 0 0 0 0 0 0 0 0 0 0 0 0 0 0 0 0 0 0 0 0 
503 0 0 0 0 0 0 0 0 0 0 0 0 0 0 0 0 0 0 0 0 0 
318 0 0 0 0 0 0 0 0 0 0 0 0 0 0 0 0 0 0 0 0 0 
191 0 0 0 0 0 0 0 0 0 0 0 0 0 0 0 0 0 0 0 0 0 
104 0 0 0 0 0 0 0 0 0 0 0 0 0 0 0 0 0 0 0 0 0 
61 0 0 0 0 0 0 0 0 0 0 0 0 0 0 0 0 0 0 0 0 0 
28 0 0 0 0 0 0 0 0 0 0 0 0 0 0 0 0 0 0 0 0 0 
11 0 0 0 0 0 0 0 0 0 0 0 0 0 0 0 0 0 0 0 0 0 
1 0 0 0 0 0 0 0 0 0 0 0 0 0 0 0 0 0 0 0 0 0 
1 0 0 0 0 0 0 0 0 0 0 0 0 0 0 0 0 0 0 0 0 0 
0 0 0 0 0 0 0 0 0 0 0 0 0 0 0 0 0 0 0 0 0 0 
8040 8011 7940 7756 7350 7048 6478 5938 5275 4606 3919 3257 2685 2178 1706 1371 1060 836 612 458 316 216 
7496 7166 6565 5696 4267 3180 2047 1327 695 378 159 73 33 13 7 3 3 0 0 0 1 0 
6506 5478 3859 2094 690 263 45 14 2 1 0 0 0 1 0 0 0 0 0 0 0 0 
5531 3929 2043 622 67 17 1 1 0 0 0 0 0 0 0 0 0 0 0 0 0 0 
4263 2324 800 125 5 2 0 0 0 0 0 0 0 0 0 0 0 0 0 0 0 0 
3278 1321 265 24 1 1 0 0 0 0 0 0 0 0 0 0 0 0 0 0 0 0 
2263 607 82 8 0 0 0 0 0 0 0 0 0 0 0 0 0 0 0 0 0 0 
1574 281 28 1 0 0 0 0 0 0 0 0 0 0 0 0 0 0 0 0 0 0 
969 85 4 0 0 0 0 0 0 0 0 0 0 0 0 0 0 0 0 0 0 0 
590 21 2 0 0 0 0 0 0 0 0 0 0 0 0 0 0 0 0 0 0 0 
315 10 1 0 0 0 0 0 0 0 0 0 0 0 0 0 0 0 0 0 0 0 
165 3 0 0 0 0 0 0 0 0 0 0 0 0 0 0 0 0 0 0 0 0 
88 0 0 0 0 0 0 0 0 0 0 0 0 0 0 0 0 0 0 0 0 0 
34 0 0 0 0 0 0 0 0 0 0 0 0 0 0 0 0 0 0 0 0 0 
10 0 0 0 0 0 0 0 0 0 0 0 0 0 0 0 0 0 0 0 0 0 
1 0 0 0 0 0 0 0 0 0 0 0 0 0 0 0 0 0 0 0 0 0 
0 0 0 0 0 0 0 0 0 0 0 0 0 0 0 0 0 0 0 0 0 0 
0 0 0 0 0 0 0 0 0 0 0 0 0 0 0 0 0 0 0 0 0 0 
0 0 0 0 0 0 0 0 0 0 0 0 0 0 0 0 0 0 0 0 0 0 
0 0 0 0 0 0 0 0 0 0 0 0 0 0 0 0 0 0 0 0 0 0 
0 0 0 0 0 0 0 0 0 0 0 0 0 0 0 0 0 0 0 0 0 0 
0 0 0 0 0 0 0 0 0 0 0 0 0 0 0 0 0 0 0 0 0 0 
8040 8009 7985 7812 7515 7156 6695 6023 5301 4548 3826 3138 2538 2039 1633 1257 1021 785 587 431 304 186 
7471 6946 6243 5086 3729 2529 1581 862 391 176 62 16 1 0 0 0 0 0 0 0 0 0 
6777 5494 3985 1990 791 235 45 6 0 0 0 0 0 0 0 0 0 0 0 0 0 0 
6003 4119 2140 560 114 8 1 0 0 0 0 0 0 0 0 0 0 0 0 0 0 0 
5033 2618 928 101 3 0 0 0 0 0 0 0 0 0 0 0 0 0 0 0 0 0 
3927 1379 285 10 0 0 0 0 0 0 0 0 0 0 0 0 0 0 0 0 0 0 
2797 695 74 0 0 0 0 0 0 0 0 0 0 0 0 0 0 0 0 0 0 0 
1861 263 13 0 0 0 0 0 0 0 0 0 0 0 0 0 0 0 0 0 0 0 
1131 81 2 0 0 0 0 0 0 0 0 0 0 0 0 0 0 0 0 0 0 0 
678 23 0 0 0 0 0 0 0 0 0 0 0 0 0 0 0 0 0 0 0 0 
366 2 0 0 0 0 0 0 0 0 0 0 0 0 0 0 0 0 0 0 0 0 
200 0 0 0 0 0 0 0 0 0 0 0 0 0 0 0 0 0 0 0 0 0 
111 0 0 0 0 0 0 0 0 0 0 0 0 0 0 0 0 0 0 0 0 0 
51 0 0 0 0 0 0 0 0 0 0 0 0 0 0 0 0 0 0 0 0 0 
26 0 0 0 0 0 0 0 0 0 0 0 0 0 0 0 0 0 0 0 0 0 
18 0 0 0 0 0 0 0 0 0 0 0 0 0 0 0 0 0 0 0 0 0 
10 0 0 0 0 0 0 0 0 0 0 0 0 0 0 0 0 0 0 0 0 0 
3 0 0 0 0 0 0 0 0 0 0 0 0 0 0 0 0 0 0 0 0 0 
1 0 0 0 0 0 0 0 0 0 0 0 0 0 0 0 0 0 0 0 0 0 
0 0 0 0 0 0 0 0 0 0 0 0 0 0 0 0 0 0 0 0 0 0 
0 0 0 0 0 0 0 0 0 0 0 0 0 0 0 0 0 0 0 0 0 0 
0 0 0 0 0 0 0 0 0 0 0 0 0 0 0 0 0 0 0 0 0 0 
8040 8013 7973 7803 7578 7262 6853 6390 5909 5390 4782 4215 3669 3130 2670 2260 1860 1518 1215 947 680 449 
7254 6589 5689 4549 3238 2234 1424 851 458 253 100 38 11 3 0 0 0 0 0 0 0 0 
6244 4782 3049 1377 487 161 27 7 0 1 0 0 0 0 0 0 0 0 0 0 0 0 
5205 3217 1511 352 51 7 0 0 0 0 0 0 0 0 0 0 0 0 0 0 0 0 
4184 1955 593 53 1 0 0 0 0 0 0 0 0 0 0 0 0 0 0 0 0 0 
3245 1097 226 8 0 0 0 0 0 0 0 0 0 0 0 0 0 0 0 0 0 0 
2417 545 67 1 0 0 0 0 0 0 0 0 0 0 0 0 0 0 0 0 0 0 
1653 192 13 1 0 0 0 0 0 0 0 0 0 0 0 0 0 0 0 0 0 0 
1096 72 0 0 0 0 0 0 0 0 0 0 0 0 0 0 0 0 0 0 0 0 
719 23 1 0 0 0 0 0 0 0 0 0 0 0 0 0 0 0 0 0 0 0 
414 5 0 0 0 0 0 0 0 0 0 0 0 0 0 0 0 0 0 0 0 0 
255 0 0 0 0 0 0 0 0 0 0 0 0 0 0 0 0 0 0 0 0 0 
143 1 0 0 0 0 0 0 0 0 0 0 0 0 0 0 0 0 0 0 0 0 
73 0 0 0 0 0 0 0 0 0 0 0 0 0 0 0 0 0 0 0 0 0 
34 0 0 0 0 0 0 0 0 0 0 0 0 0 0 0 0 0 0 0 0 0 
12 0 0 0 0 0 0 0 0 0 0 0 0 0 0 0 0 0 0 0 0 0 
4 0 0 0 0 0 0 0 0 0 0 0 0 0 0 0 0 0 0 0 0 0 
2 0 0 0 0 0 0 0 0 0 0 0 0 0 0 0 0 0 0 0 0 0 
0 0 0 0 0 0 0 0 0 0 0 0 0 0 0 0 0 0 0 0 0 0 
0 0 0 0 0 0 0 0 0 0 0 0 0 0 0 0 0 0 0 0 0 0 
0 0 0 0 0 0 0 0 0 0 0 0 0 0 0 0 0 0 0 0 0 0 
0 0 0 0 0 0 0 0 0 0 0 0 0 0 0 0 0 0 0 0 0 0 
8040 8030 8015 7957 7872 7766 7651 7530 7399 7186 6948 6731 6481 6157 5831 5474 5052 4621 4075 3515 2816 2028 
5705 2588 1588 950 607 367 231 140 91 46 19 11 3 1 0 0 0 0 0 0 0 0 
4668 1264 487 166 55 13 5 0 0 0 0 0 0 0 0 0 0 0 0 0 0 0 
3876 718 180 25 3 0 0 0 0 0 0 0 0 0 0 0 0 0 0 0 0 0 
3205 399 64 3 0 0 0 0 0 0 0 0 0 0 0 0 0 0 0 0 0 0 
2627 206 23 0 0 0 0 0 0 0 0 0 0 0 0 0 0 0 0 0 0 0 
2163 117 4 0 0 0 0 0 0 0 0 0 0 0 0 0 0 0 0 0 0 0 
1760 59 0 0 0 0 0 0 0 0 0 0 0 0 0 0 0 0 0 0 0 0 
1416 22 0 0 0 0 0 0 0 0 0 0 0 0 0 0 0 0 0 0 0 0 
1099 4 0 0 0 0 0 0 0 0 0 0 0 0 0 0 0 0 0 0 0 0 
831 2 0 0 0 0 0 0 0 0 0 0 0 0 0 0 0 0 0 0 0 0 
641 0 0 0 0 0 0 0 0 0 0 0 0 0 0 0 0 0 0 0 0 0 
446 0 0 0 0 0 0 0 0 0 0 0 0 0 0 0 0 0 0 0 0 0 
317 0 0 0 0 0 0 0 0 0 0 0 0 0 0 0 0 0 0 0 0 0 
209 0 0 0 0 0 0 0 0 0 0 0 0 0 0 0 0 0 0 0 0 0 
128 0 0 0 0 0 0 0 0 0 0 0 0 0 0 0 0 0 0 0 0 0 
75 0 0 0 0 0 0 0 0 0 0 0 0 0 0 0 0 0 0 0 0 0 
39 0 0 0 0 0 0 0 0 0 0 0 0 0 0 0 0 0 0 0 0 0 
22 0 0 0 0 0 0 0 0 0 0 0 0 0 0 0 0 0 0 0 0 0 
12 0 0 0 0 0 0 0 0 0 0 0 0 0 0 0 0 0 0 0 0 0 
5 0 0 0 0 0 0 0 0 0 0 0 0 0 0 0 0 0 0 0 0 0 
0 0 0 0 0 0 0 0 0 0 0 0 0 0 0 0 0 0 0 0 0 0 
4020 4005 3971 3903 3688 3507 3217 2953 2549 2231 1887 1560 1243 971 744 601 448 362 247 184 140 93 
3801 3642 3430 3082 2270 1734 1088 701 403 239 87 32 21 11 3 4 0 0 0 0 0 0 
3215 2792 1954 1175 340 128 31 9 1 1 0 0 0 0 0 0 0 0 0 0 0 0 
2768 2036 1068 387 50 9 2 0 0 0 0 0 0 0 0 0 0 0 0 0 0 0 
2104 1195 403 102 5 1 0 0 0 0 0 0 0 0 0 0 0 0 0 0 0 0 
1641 656 137 18 2 0 0 0 0 0 0 0 0 0 0 0 0 0 0 0 0 0 
1078 284 38 8 0 0 0 0 0 0 0 0 0 0 0 0 0 0 0 0 0 0 
668 121 9 3 0 0 0 0 0 0 0 0 0 0 0 0 0 0 0 0 0 0 
403 41 2 0 0 0 0 0 0 0 0 0 0 0 0 0 0 0 0 0 0 0 
231 9 0 0 0 0 0 0 0 0 0 0 0 0 0 0 0 0 0 0 0 0 
117 2 1 1 0 0 0 0 0 0 0 0 0 0 0 0 0 0 0 0 0 0 
64 1 0 0 0 0 0 0 0 0 0 0 0 0 0 0 0 0 0 0 0 0 
25 1 0 0 0 0 0 0 0 0 0 0 0 0 0 0 0 0 0 0 0 0 
12 1 0 0 0 0 0 0 0 0 0 0 0 0 0 0 0 0 0 0 0 0 
10 0 0 0 0 0 0 0 0 0 0 0 0 0 0 0 0 0 0 0 0 0 
4 0 0 0 0 0 0 0 0 0 0 0 0 0 0 0 0 0 0 0 0 0 
4 0 0 0 0 0 0 0 0 0 0 0 0 0 0 0 0 0 0 0 0 0 
0 0 0 0 0 0 0 0 0 0 0 0 0 0 0 0 0 0 0 0 0 0 
0 0 0 0 0 0 0 0 0 0 0 0 0 0 0 0 0 0 0 0 0 0 
0 0 0 0 0 0 0 0 0 0 0 0 0 0 0 0 0 0 0 0 0 0 
0 0 0 0 0 0 0 0 0 0 0 0 0 0 0 0 0 0 0 0 0 0 
0 0 0 0 0 0 0 0 0 0 0 0 0 0 0 0 0 0 0 0 0 0 
4020 4013 3979 3896 3707 3484 3015 2500 1858 1286 826 560 365 254 189 147 113 78 49 28 21 10 
3865 3711 3492 3093 2418 1659 996 446 195 64 14 1 0 0 0 0 0 0 0 0 0 0 
3604 3276 2770 1788 767 270 68 13 1 0 0 0 0 0 0 0 0 0 0 0 0 0 
3349 2705 1742 616 132 15 4 1 0 0 0 0 0 0 0 0 0 0 0 0 0 0 
2934 1842 802 117 12 0 0 0 0 0 0 0 0 0 0 0 0 0 0 0 0 0 
2281 992 254 16 1 0 0 0 0 0 0 0 0 0 0 0 0 0 0 0 0 0 
1520 405 55 0 0 0 0 0 0 0 0 0 0 0 0 0 0 0 0 0 0 0 
831 108 3 0 0 0 0 0 0 0 0 0 0 0 0 0 0 0 0 0 0 0 
424 31 0 0 0 0 0 0 0 0 0 0 0 0 0 0 0 0 0 0 0 0 
184 8 0 0 0 0 0 0 0 0 0 0 0 0 0 0 0 0 0 0 0 0 
84 0 0 0 0 0 0 0 0 0 0 0 0 0 0 0 0 0 0 0 0 0 
34 0 0 0 0 0 0 0 0 0 0 0 0 0 0 0 0 0 0 0 0 0 
15 0 0 0 0 0 0 0 0 0 0 0 0 0 0 0 0 0 0 0 0 0 
7 0 0 0 0 0 0 0 0 0 0 0 0 0 0 0 0 0 0 0 0 0 
3 0 0 0 0 0 0 0 0 0 0 0 0 0 0 0 0 0 0 0 0 0 
2 0 0 0 0 0 0 0 0 0 0 0 0 0 0 0 0 0 0 0 0 0 
1 0 0 0 0 0 0 0 0 0 0 0 0 0 0 0 0 0 0 0 0 0 
1 0 0 0 0 0 0 0 0 0 0 0 0 0 0 0 0 0 0 0 0 0 
0 0 0 0 0 0 0 0 0 0 0 0 0 0 0 0 0 0 0 0 0 0 
0 0 0 0 0 0 0 0 0 0 0 0 0 0 0 0 0 0 0 0 0 0 
0 0 0 0 0 0 0 0 0 0 0 0 0 0 0 0 0 0 0 0 0 0 
0 0 0 0 0 0 0 0 0 0 0 0 0 0 0 0 0 0 0 0 0 0 
4020 4008 3985 3885 3734 3486 3267 2964 2647 2316 1950 1635 1312 1048 804 642 500 382 280 188 117 57 
3786 3588 3258 2736 2043 1455 910 555 291 150 70 28 9 3 1 0 0 0 0 0 0 0 
3323 2786 2005 1035 354 113 18 6 2 1 0 0 0 0 0 0 0 0 0 0 0 0 
2806 1984 1085 316 47 4 1 0 0 0 0 0 0 0 0 0 0 0 0 0 0 0 
2284 1268 452 58 3 0 0 0 0 0 0 0 0 0 0 0 0 0 0 0 0 0 
1737 697 138 9 0 0 0 0 0 0 0 0 0 0 0 0 0 0 0 0 0 0 
1262 319 32 1 0 0 0 0 0 0 0 0 0 0 0 0 0 0 0 0 0 0 
818 116 8 0 0 0 0 0 0 0 0 0 0 0 0 0 0 0 0 0 0 0 
561 32 1 1 0 0 0 0 0 0 0 0 0 0 0 0 0 0 0 0 0 0 
323 11 0 0 0 0 0 0 0 0 0 0 0 0 0 0 0 0 0 0 0 0 
164 3 0 0 0 0 0 0 0 0 0 0 0 0 0 0 0 0 0 0 0 0 
83 1 0 0 0 0 0 0 0 0 0 0 0 0 0 0 0 0 0 0 0 0 
37 0 0 0 0 0 0 0 0 0 0 0 0 0 0 0 0 0 0 0 0 0 
14 0 0 0 0 0 0 0 0 0 0 0 0 0 0 0 0 0 0 0 0 0 
9 0 0 0 0 0 0 0 0 0 0 0 0 0 0 0 0 0 0 0 0 0 
2 0 0 0 0 0 0 0 0 0 0 0 0 0 0 0 0 0 0 0 0 0 
0 0 0 0 0 0 0 0 0 0 0 0 0 0 0 0 0 0 0 0 0 0 
0 0 0 0 0 0 0 0 0 0 0 0 0 0 0 0 0 0 0 0 0 0 
0 0 0 0 0 0 0 0 0 0 0 0 0 0 0 0 0 0 0 0 0 0 
0 0 0 0 0 0 0 0 0 0 0 0 0 0 0 0 0 0 0 0 0 0 
0 0 0 0 0 0 0 0 0 0 0 0 0 0 0 0 0 0 0 0 0 0 
0 0 0 0 0 0 0 0 0 0 0 0 0 0 0 0 0 0 0 0 0 0 
4020 4005 3983 3889 3790 3622 3419 3198 2914 2645 2360 2100 1849 1597 1357 1143 945 771 642 482 351 215 
3592 3189 2743 2069 1496 955 624 374 178 116 44 16 7 1 0 0 0 0 0 0 0 0 
3148 2317 1510 697 237 69 22 3 0 0 0 0 0 0 0 0 0 0 0 0 0 0 
2707 1583 761 205 29 3 0 0 0 0 0 0 0 0 0 0 0 0 0 0 0 0 
2205 1016 290 29 2 0 0 0 0 0 0 0 0 0 0 0 0 0 0 0 0 0 
1767 549 90 2 0 0 0 0 0 0 0 0 0 0 0 0 0 0 0 0 0 0 
1303 265 23 0 0 0 0 0 0 0 0 0 0 0 0 0 0 0 0 0 0 0 
936 118 6 0 0 0 0 0 0 0 0 0 0 0 0 0 0 0 0 0 0 0 
664 39 0 0 0 0 0 0 0 0 0 0 0 0 0 0 0 0 0 0 0 0 
428 13 0 0 0 0 0 0 0 0 0 0 0 0 0 0 0 0 0 0 0 0 
284 0 0 0 0 0 0 0 0 0 0 0 0 0 0 0 0 0 0 0 0 0 
171 0 0 0 0 0 0 0 0 0 0 0 0 0 0 0 0 0 0 0 0 0 
103 0 0 0 0 0 0 0 0 0 0 0 0 0 0 0 0 0 0 0 0 0 
61 0 0 0 0 0 0 0 0 0 0 0 0 0 0 0 0 0 0 0 0 0 
38 0 0 0 0 0 0 0 0 0 0 0 0 0 0 0 0 0 0 0 0 0 
24 0 0 0 0 0 0 0 0 0 0 0 0 0 0 0 0 0 0 0 0 0 
10 0 0 0 0 0 0 0 0 0 0 0 0 0 0 0 0 0 0 0 0 0 
6 0 0 0 0 0 0 0 0 0 0 0 0 0 0 0 0 0 0 0 0 0 
3 0 0 0 0 0 0 0 0 0 0 0 0 0 0 0 0 0 0 0 0 0 
3 0 0 0 0 0 0 0 0 0 0 0 0 0 0 0 0 0 0 0 0 0 
0 0 0 0 0 0 0 0 0 0 0 0 0 0 0 0 0 0 0 0 0 0 
0 0 0 0 0 0 0 0 0 0 0 0 0 0 0 0 0 0 0 0 0 0 
4020 4011 3975 3904 3735 3595 3333 3058 2758 2458 2106 1836 1526 1258 1003 846 667 542 404 318 215 152 
3729 3497 3195 2690 2003 1505 949 591 325 173 63 32 16 10 2 0 0 0 0 0 0 0 
3175 2622 1820 921 301 107 18 7 6 2 0 0 0 0 0 0 0 0 0 0 0 0 
2645 1826 911 259 32 7 1 0 0 0 0 0 0 0 0 0 0 0 0 0 0 0 
2094 1119 353 52 2 0 0 0 0 0 0 0 0 0 0 0 0 0 0 0 0 0 
1563 592 110 7 0 0 0 0 0 0 0 0 0 0 0 0 0 0 0 0 0 0 
1105 252 20 1 0 0 0 0 0 0 0 0 0 0 0 0 0 0 0 0 0 0 
736 107 7 2 0 0 0 0 0 0 0 0 0 0 0 0 0 0 0 0 0 0 
473 38 3 0 0 0 0 0 0 0 0 0 0 0 0 0 0 0 0 0 0 0 
292 16 2 0 0 0 0 0 0 0 0 0 0 0 0 0 0 0 0 0 0 0 
153 5 0 0 0 0 0 0 0 0 0 0 0 0 0 0 0 0 0 0 0 0 
78 2 1 0 0 0 0 0 0 0 0 0 0 0 0 0 0 0 0 0 0 0 
44 2 0 0 0 0 0 0 0 0 0 0 0 0 0 0 0 0 0 0 0 0 
28 0 0 0 0 0 0 0 0 0 0 0 0 0 0 0 0 0 0 0 0 0 
12 0 0 0 0 0 0 0 0 0 0 0 0 0 0 0 0 0 0 0 0 0 
5 0 0 0 0 0 0 0 0 0 0 0 0 0 0 0 0 0 0 0 0 0 
2 0 0 0 0 0 0 0 0 0 0 0 0 0 0 0 0 0 0 0 0 0 
2 0 0 0 0 0 0 0 0 0 0 0 0 0 0 0 0 0 0 0 0 0 
0 0 0 0 0 0 0 0 0 0 0 0 0 0 0 0 0 0 0 0 0 0 
0 0 0 0 0 0 0 0 0 0 0 0 0 0 0 0 0 0 0 0 0 0 
0 0 0 0 0 0 0 0 0 0 0 0 0 0 0 0 0 0 0 0 0 0 
0 0 0 0 0 0 0 0 0 0 0 0 0 0 0 0 0 0 0 0 0 0 
4020 4007 4000 3920 3845 3744 3640 3483 3316 3127 2892 2692 2469 2278 2037 1841 1617 1406 1226 1012 791 555 
3290 2574 2016 1459 1031 661 428 262 134 73 25 7 6 2 1 0 0 0 0 0 0 0 
2733 1617 961 363 114 29 7 1 0 0 0 0 0 0 0 0 0 0 0 0 0 0 
2317 1062 452 82 10 1 0 0 0 0 0 0 0 0 0 0 0 0 0 0 0 0 
1863 630 193 20 0 0 0 0 0 0 0 0 0 0 0 0 0 0 0 0 0 0 
1494 349 67 3 0 0 0 0 0 0 0 0 0 0 0 0 0 0 0 0 0 0 
1137 161 10 0 0 0 0 0 0 0 0 0 0 0 0 0 0 0 0 0 0 0 
858 65 1 0 0 0 0 0 0 0 0 0 0 0 0 0 0 0 0 0 0 0 
613 29 1 0 0 0 0 0 0 0 0 0 0 0 0 0 0 0 0 0 0 0 
465 8 0 0 0 0 0 0 0 0 0 0 0 0 0 0 0 0 0 0 0 0 
295 1 0 0 0 0 0 0 0 0 0 0 0 0 0 0 0 0 0 0 0 0 
197 1 0 0 0 0 0 0 0 0 0 0 0 0 0 0 0 0 0 0 0 0 
126 0 0 0 0 0 0 0 0 0 0 0 0 0 0 0 0 0 0 0 0 0 
90 0 0 0 0 0 0 0 0 0 0 0 0 0 0 0 0 0 0 0 0 0 
58 0 0 0 0 0 0 0 0 0 0 0 0 0 0 0 0 0 0 0 0 0 
35 0 0 0 0 0 0 0 0 0 0 0 0 0 0 0 0 0 0 0 0 0 
21 0 0 0 0 0 0 0 0 0 0 0 0 0 0 0 0 0 0 0 0 0 
7 0 0 0 0 0 0 0 0 0 0 0 0 0 0 0 0 0 0 0 0 0 
4 0 0 0 0 0 0 0 0 0 0 0 0 0 0 0 0 0 0 0 0 0 
2 0 0 0 0 0 0 0 0 0 0 0 0 0 0 0 0 0 0 0 0 0 
0 0 0 0 0 0 0 0 0 0 0 0 0 0 0 0 0 0 0 0 0 0 
0 0 0 0 0 0 0 0 0 0 0 0 0 0 0 0 0 0 0 0 0 0 
4020 4015 3996 3956 3879 3820 3727 3628 3491 3341 3191 3006 2826 2624 2413 2180 1980 1713 1481 1207 929 629 
3204 2215 1553 1053 683 455 259 164 88 51 19 5 0 1 0 0 0 0 0 0 0 0 
2618 1216 564 214 52 15 4 0 0 1 0 0 0 0 0 0 0 0 0 0 0 0 
2187 716 222 48 5 1 0 0 0 0 0 0 0 0 0 0 0 0 0 0 0 0 
1810 432 94 8 0 0 0 0 0 0 0 0 0 0 0 0 0 0 0 0 0 0 
1468 209 29 0 0 0 0 0 0 0 0 0 0 0 0 0 0 0 0 0 0 0 
1178 99 6 0 0 0 0 0 0 0 0 0 0 0 0 0 0 0 0 0 0 0 
921 46 2 0 0 0 0 0 0 0 0 0 0 0 0 0 0 0 0 0 0 0 
698 21 1 0 0 0 0 0 0 0 0 0 0 0 0 0 0 0 0 0 0 0 
531 7 0 0 0 0 0 0 0 0 0 0 0 0 0 0 0 0 0 0 0 0 
400 1 0 0 0 0 0 0 0 0 0 0 0 0 0 0 0 0 0 0 0 0 
289 1 0 0 0 0 0 0 0 0 0 0 0 0 0 0 0 0 0 0 0 0 
187 0 0 0 0 0 0 0 0 0 0 0 0 0 0 0 0 0 0 0 0 0 
129 0 0 0 0 0 0 0 0 0 0 0 0 0 0 0 0 0 0 0 0 0 
88 0 0 0 0 0 0 0 0 0 0 0 0 0 0 0 0 0 0 0 0 0 
62 0 0 0 0 0 0 0 0 0 0 0 0 0 0 0 0 0 0 0 0 0 
32 0 0 0 0 0 0 0 0 0 0 0 0 0 0 0 0 0 0 0 0 0 
19 0 0 0 0 0 0 0 0 0 0 0 0 0 0 0 0 0 0 0 0 0 
4 0 0 0 0 0 0 0 0 0 0 0 0 0 0 0 0 0 0 0 0 0 
2 0 0 0 0 0 0 0 0 0 0 0 0 0 0 0 0 0 0 0 0 0 
1 0 0 0 0 0 0 0 0 0 0 0 0 0 0 0 0 0 0 0 0 0 
0 0 0 0 0 0 0 0 0 0 0 0 0 0 0 0 0 0 0 0 0 0 
4020 4014 4012 3987 3959 3937 3900 3886 3854 3810 3736 3660 3580 3491 3381 3259 3082 2907 2677 2397 2039 1508 
2439 114 35 20 15 10 5 4 3 2 2 1 0 0 0 0 0 0 0 0 0 0 
1923 32 7 2 2 0 0 0 0 0 0 0 0 0 0 0 0 0 0 0 0 0 
1618 10 3 1 0 0 0 0 0 0 0 0 0 0 0 0 0 0 0 0 0 0 
1382 2 1 0 0 0 0 0 0 0 0 0 0 0 0 0 0 0 0 0 0 0 
1163 1 0 0 0 0 0 0 0 0 0 0 0 0 0 0 0 0 0 0 0 0 
939 0 0 0 0 0 0 0 0 0 0 0 0 0 0 0 0 0 0 0 0 0 
782 0 0 0 0 0 0 0 0 0 0 0 0 0 0 0 0 0 0 0 0 0 
681 0 0 0 0 0 0 0 0 0 0 0 0 0 0 0 0 0 0 0 0 0 
552 0 0 0 0 0 0 0 0 0 0 0 0 0 0 0 0 0 0 0 0 0 
453 0 0 0 0 0 0 0 0 0 0 0 0 0 0 0 0 0 0 0 0 0 
339 0 0 0 0 0 0 0 0 0 0 0 0 0 0 0 0 0 0 0 0 0 
255 0 0 0 0 0 0 0 0 0 0 0 0 0 0 0 0 0 0 0 0 0 
205 0 0 0 0 0 0 0 0 0 0 0 0 0 0 0 0 0 0 0 0 0 
142 0 0 0 0 0 0 0 0 0 0 0 0 0 0 0 0 0 0 0 0 0 
90 0 0 0 0 0 0 0 0 0 0 0 0 0 0 0 0 0 0 0 0 0 
53 0 0 0 0 0 0 0 0 0 0 0 0 0 0 0 0 0 0 0 0 0 
34 0 0 0 0 0 0 0 0 0 0 0 0 0 0 0 0 0 0 0 0 0 
18 0 0 0 0 0 0 0 0 0 0 0 0 0 0 0 0 0 0 0 0 0 
4 0 0 0 0 0 0 0 0 0 0 0 0 0 0 0 0 0 0 0 0 0 
0 0 0 0 0 0 0 0 0 0 0 0 0 0 0 0 0 0 0 0 0 0 
0 0 0 0 0 0 0 0 0 0 0 0 0 0 0 0 0 0 0 0 0 0 
2010 2001 1989 1946 1803 1720 1594 1462 1253 1082 914 752 575 459 366 289 221 176 136 115 77 47 
1888 1818 1715 1549 1087 836 511 350 192 110 39 15 6 6 2 5 1 0 0 0 0 0 
1653 1439 1069 639 156 60 10 3 0 0 0 0 0 0 0 0 0 0 0 0 0 0 
1355 1033 570 231 22 4 1 0 0 0 0 0 0 0 0 0 0 0 0 0 0 0 
1054 624 236 66 7 1 0 0 0 0 0 0 0 0 0 0 0 0 0 0 0 0 
815 369 91 13 2 0 0 0 0 0 0 0 0 0 0 0 0 0 0 0 0 0 
536 156 28 3 0 0 0 0 0 0 0 0 0 0 0 0 0 0 0 0 0 0 
348 63 6 1 0 0 0 0 0 0 0 0 0 0 0 0 0 0 0 0 0 0 
193 26 2 0 0 0 0 0 0 0 0 0 0 0 0 0 0 0 0 0 0 0 
99 6 2 0 0 0 0 0 0 0 0 0 0 0 0 0 0 0 0 0 0 0 
55 5 1 0 0 0 0 0 0 0 0 0 0 0 0 0 0 0 0 0 0 0 
23 0 0 0 0 0 0 0 0 0 0 0 0 0 0 0 0 0 0 0 0 0 
14 2 0 0 0 0 0 0 0 0 0 0 0 0 0 0 0 0 0 0 0 0 
6 0 0 0 0 0 0 0 0 0 0 0 0 0 0 0 0 0 0 0 0 0 
1 0 0 0 0 0 0 0 0 0 0 0 0 0 0 0 0 0 0 0 0 0 
1 0 0 0 0 0 0 0 0 0 0 0 0 0 0 0 0 0 0 0 0 0 
1 0 0 0 0 0 0 0 0 0 0 0 0 0 0 0 0 0 0 0 0 0 
1 0 0 0 0 0 0 0 0 0 0 0 0 0 0 0 0 0 0 0 0 0 
1 0 0 0 0 0 0 0 0 0 0 0 0 0 0 0 0 0 0 0 0 0 
0 0 0 0 0 0 0 0 0 0 0 0 0 0 0 0 0 0 0 0 0 0 
0 0 0 0 0 0 0 0 0 0 0 0 0 0 0 0 0 0 0 0 0 0 
0 0 0 0 0 0 0 0 0 0 0 0 0 0 0 0 0 0 0 0 0 0 
2010 2006 1987 1948 1849 1631 1305 882 498 218 92 38 18 7 5 3 1 2 2 1 1 1 
1951 1890 1810 1643 1397 942 530 230 75 25 2 0 0 0 0 0 0 0 0 0 0 0 
1823 1709 1592 1175 641 256 67 14 1 1 0 0 0 0 0 0 0 0 0 0 0 0 
1731 1544 1144 529 160 32 3 0 0 0 0 0 0 0 0 0 0 0 0 0 0 0 
1495 1085 572 143 17 6 0 0 0 0 0 0 0 0 0 0 0 0 0 0 0 0 
1080 593 210 26 2 0 0 0 0 0 0 0 0 0 0 0 0 0 0 0 0 0 
685 244 49 1 0 0 0 0 0 0 0 0 0 0 0 0 0 0 0 0 0 0 
353 57 5 0 0 0 0 0 0 0 0 0 0 0 0 0 0 0 0 0 0 0 
114 10 0 0 0 0 0 0 0 0 0 0 0 0 0 0 0 0 0 0 0 0 
35 3 0 0 0 0 0 0 0 0 0 0 0 0 0 0 0 0 0 0 0 0 
5 0 0 0 0 0 0 0 0 0 0 0 0 0 0 0 0 0 0 0 0 0 
4 1 0 0 0 0 0 0 0 0 0 0 0 0 0 0 0 0 0 0 0 0 
2 0 0 0 0 0 0 0 0 0 0 0 0 0 0 0 0 0 0 0 0 0 
1 0 0 0 0 0 0 0 0 0 0 0 0 0 0 0 0 0 0 0 0 0 
0 0 0 0 0 0 0 0 0 0 0 0 0 0 0 0 0 0 0 0 0 0 
0 0 0 0 0 0 0 0 0 0 0 0 0 0 0 0 0 0 0 0 0 0 
0 0 0 0 0 0 0 0 0 0 0 0 0 0 0 0 0 0 0 0 0 0 
0 0 0 0 0 0 0 0 0 0 0 0 0 0 0 0 0 0 0 0 0 0 
0 0 0 0 0 0 0 0 0 0 0 0 0 0 0 0 0 0 0 0 0 0 
0 0 0 0 0 0 0 0 0 0 0 0 0 0 0 0 0 0 0 0 0 0 
0 0 0 0 0 0 0 0 0 0 0 0 0 0 0 0 0 0 0 0 0 0 
0 0 0 0 0 0 0 0 0 0 0 0 0 0 0 0 0 0 0 0 0 0 
2010 2004 1987 1934 1847 1723 1582 1428 1237 1049 865 702 542 429 317 239 179 124 91 59 40 25 
1902 1810 1682 1442 1105 763 473 278 135 65 32 12 8 3 0 0 0 0 0 0 0 0 
1710 1477 1084 578 222 65 22 10 1 1 0 1 0 0 0 0 0 0 0 0 0 0 
1479 1068 578 174 25 0 0 0 0 0 0 0 0 0 0 0 0 0 0 0 0 0 
1212 703 263 39 2 0 0 0 0 0 0 0 0 0 0 0 0 0 0 0 0 0 
926 387 79 3 0 0 0 0 0 0 0 0 0 0 0 0 0 0 0 0 0 0 
647 184 24 3 0 0 0 0 0 0 0 0 0 0 0 0 0 0 0 0 0 0 
439 81 6 1 0 0 0 0 0 0 0 0 0 0 0 0 0 0 0 0 0 0 
273 29 1 0 0 0 0 0 0 0 0 0 0 0 0 0 0 0 0 0 0 0 
160 9 1 0 0 0 0 0 0 0 0 0 0 0 0 0 0 0 0 0 0 0 
70 2 0 0 0 0 0 0 0 0 0 0 0 0 0 0 0 0 0 0 0 0 
36 0 0 0 0 0 0 0 0 0 0 0 0 0 0 0 0 0 0 0 0 0 
13 0 0 0 0 0 0 0 0 0 0 0 0 0 0 0 0 0 0 0 0 0 
7 1 0 0 0 0 0 0 0 0 0 0 0 0 0 0 0 0 0 0 0 0 
1 0 0 0 0 0 0 0 0 0 0 0 0 0 0 0 0 0 0 0 0 0 
0 0 0 0 0 0 0 0 0 0 0 0 0 0 0 0 0 0 0 0 0 0 
0 0 0 0 0 0 0 0 0 0 0 0 0 0 0 0 0 0 0 0 0 0 
0 0 0 0 0 0 0 0 0 0 0 0 0 0 0 0 0 0 0 0 0 0 
0 0 0 0 0 0 0 0 0 0 0 0 0 0 0 0 0 0 0 0 0 0 
0 0 0 0 0 0 0 0 0 0 0 0 0 0 0 0 0 0 0 0 0 0 
0 0 0 0 0 0 0 0 0 0 0 0 0 0 0 0 0 0 0 0 0 0 
0 0 0 0 0 0 0 0 0 0 0 0 0 0 0 0 0 0 0 0 0 0 
2010 2007 1991 1947 1872 1773 1631 1524 1343 1202 1048 874 748 617 486 365 278 179 129 82 45 18 
1901 1730 1556 1189 860 567 325 173 92 43 10 4 2 1 0 0 0 0 0 0 0 0 
1733 1364 907 450 153 44 7 1 0 0 0 0 0 0 0 0 0 0 0 0 0 0 
1514 938 501 134 17 3 0 0 0 0 0 0 0 0 0 0 0 0 0 0 0 0 
1271 558 181 23 0 0 0 0 0 0 0 0 0 0 0 0 0 0 0 0 0 0 
981 293 60 3 0 0 0 0 0 0 0 0 0 0 0 0 0 0 0 0 0 0 
735 144 16 0 0 0 0 0 0 0 0 0 0 0 0 0 0 0 0 0 0 0 
515 54 3 0 0 0 0 0 0 0 0 0 0 0 0 0 0 0 0 0 0 0 
354 14 0 0 0 0 0 0 0 0 0 0 0 0 0 0 0 0 0 0 0 0 
224 4 0 0 0 0 0 0 0 0 0 0 0 0 0 0 0 0 0 0 0 0 
155 0 0 0 0 0 0 0 0 0 0 0 0 0 0 0 0 0 0 0 0 0 
93 0 0 0 0 0 0 0 0 0 0 0 0 0 0 0 0 0 0 0 0 0 
59 0 0 0 0 0 0 0 0 0 0 0 0 0 0 0 0 0 0 0 0 0 
37 0 0 0 0 0 0 0 0 0 0 0 0 0 0 0 0 0 0 0 0 0 
20 0 0 0 0 0 0 0 0 0 0 0 0 0 0 0 0 0 0 0 0 0 
20 0 0 0 0 0 0 0 0 0 0 0 0 0 0 0 0 0 0 0 0 0 
7 0 0 0 0 0 0 0 0 0 0 0 0 0 0 0 0 0 0 0 0 0 
4 0 0 0 0 0 0 0 0 0 0 0 0 0 0 0 0 0 0 0 0 0 
3 0 0 0 0 0 0 0 0 0 0 0 0 0 0 0 0 0 0 0 0 0 
1 0 0 0 0 0 0 0 0 0 0 0 0 0 0 0 0 0 0 0 0 0 
0 0 0 0 0 0 0 0 0 0 0 0 0 0 0 0 0 0 0 0 0 0 
0 0 0 0 0 0 0 0 0 0 0 0 0 0 0 0 0 0 0 0 0 0 
2010 2002 1997 1930 1852 1760 1616 1493 1308 1156 940 782 627 502 372 302 210 160 123 88 58 32 
1916 1820 1694 1451 1095 804 501 317 168 88 39 19 5 3 1 2 1 0 0 0 0 0 
1674 1447 1011 529 173 68 13 7 1 0 0 0 0 0 0 0 0 0 0 0 0 0 
1402 1016 555 178 24 8 1 0 0 0 0 0 0 0 0 0 0 0 0 0 0 0 
1060 612 195 37 4 1 0 0 0 0 0 0 0 0 0 0 0 0 0 0 0 0 
816 328 68 8 1 0 0 0 0 0 0 0 0 0 0 0 0 0 0 0 0 0 
562 164 22 2 0 0 0 0 0 0 0 0 0 0 0 0 0 0 0 0 0 0 
375 55 5 1 0 0 0 0 0 0 0 0 0 0 0 0 0 0 0 0 0 0 
253 28 2 1 0 0 0 0 0 0 0 0 0 0 0 0 0 0 0 0 0 0 
131 4 1 0 0 0 0 0 0 0 0 0 0 0 0 0 0 0 0 0 0 0 
67 2 0 0 0 0 0 0 0 0 0 0 0 0 0 0 0 0 0 0 0 0 
34 1 0 0 0 0 0 0 0 0 0 0 0 0 0 0 0 0 0 0 0 0 
21 1 0 0 0 0 0 0 0 0 0 0 0 0 0 0 0 0 0 0 0 0 
6 1 0 0 0 0 0 0 0 0 0 0 0 0 0 0 0 0 0 0 0 0 
0 0 0 0 0 0 0 0 0 0 0 0 0 0 0 0 0 0 0 0 0 0 
0 0 0 0 0 0 0 0 0 0 0 0 0 0 0 0 0 0 0 0 0 0 
0 0 0 0 0 0 0 0 0 0 0 0 0 0 0 0 0 0 0 0 0 0 
0 0 0 0 0 0 0 0 0 0 0 0 0 0 0 0 0 0 0 0 0 0 
0 0 0 0 0 0 0 0 0 0 0 0 0 0 0 0 0 0 0 0 0 0 
0 0 0 0 0 0 0 0 0 0 0 0 0 0 0 0 0 0 0 0 0 0 
0 0 0 0 0 0 0 0 0 0 0 0 0 0 0 0 0 0 0 0 0 0 
0 0 0 0 0 0 0 0 0 0 0 0 0 0 0 0 0 0 0 0 0 0 
2010 2000 1982 1942 1882 1802 1645 1459 1285 1046 863 679 549 453 346 261 197 147 107 73 54 35 
1893 1758 1615 1330 950 691 415 214 98 39 10 1 1 0 0 0 0 0 0 0 0 0 
1713 1437 1104 594 207 67 8 0 0 0 0 0 0 0 0 0 0 0 0 0 0 0 
1519 1088 578 174 24 3 0 0 0 0 0 0 0 0 0 0 0 0 0 0 0 0 
1286 675 252 26 0 0 0 0 0 0 0 0 0 0 0 0 0 0 0 0 0 0 
988 359 66 3 0 0 0 0 0 0 0 0 0 0 0 0 0 0 0 0 0 0 
714 165 16 0 0 0 0 0 0 0 0 0 0 0 0 0 0 0 0 0 0 0 
476 60 2 0 0 0 0 0 0 0 0 0 0 0 0 0 0 0 0 0 0 0 
291 21 0 0 0 0 0 0 0 0 0 0 0 0 0 0 0 0 0 0 0 0 
193 5 0 0 0 0 0 0 0 0 0 0 0 0 0 0 0 0 0 0 0 0 
126 1 0 0 0 0 0 0 0 0 0 0 0 0 0 0 0 0 0 0 0 0 
74 0 0 0 0 0 0 0 0 0 0 0 0 0 0 0 0 0 0 0 0 0 
43 0 0 0 0 0 0 0 0 0 0 0 0 0 0 0 0 0 0 0 0 0 
18 0 0 0 0 0 0 0 0 0 0 0 0 0 0 0 0 0 0 0 0 0 
6 0 0 0 0 0 0 0 0 0 0 0 0 0 0 0 0 0 0 0 0 0 
5 0 0 0 0 0 0 0 0 0 0 0 0 0 0 0 0 0 0 0 0 0 
1 0 0 0 0 0 0 0 0 0 0 0 0 0 0 0 0 0 0 0 0 0 
0 0 0 0 0 0 0 0 0 0 0 0 0 0 0 0 0 0 0 0 0 0 
0 0 0 0 0 0 0 0 0 0 0 0 0 0 0 0 0 0 0 0 0 0 
0 0 0 0 0 0 0 0 0 0 0 0 0 0 0 0 0 0 0 0 0 0 
0 0 0 0 0 0 0 0 0 0 0 0 0 0 0 0 0 0 0 0 0 0 
0 0 0 0 0 0 0 0 0 0 0 0 0 0 0 0 0 0 0 0 0 0 
2010 1997 1982 1948 1873 1783 1635 1516 1395 1235 1025 903 766 611 500 414 329 245 195 147 106 78 
1862 1711 1548 1322 961 687 432 262 138 87 33 20 7 3 0 1 1 0 0 0 0 0 
1628 1298 944 498 151 49 8 3 1 0 0 0 0 0 0 0 0 0 0 0 0 0 
1386 923 473 150 15 1 0 0 0 0 0 0 0 0 0 0 0 0 0 0 0 0 
1112 558 184 33 2 0 0 0 0 0 0 0 0 0 0 0 0 0 0 0 0 0 
833 303 41 6 0 0 0 0 0 0 0 0 0 0 0 0 0 0 0 0 0 0 
605 135 13 0 0 0 0 0 0 0 0 0 0 0 0 0 0 0 0 0 0 0 
404 53 2 0 0 0 0 0 0 0 0 0 0 0 0 0 0 0 0 0 0 0 
250 13 0 0 0 0 0 0 0 0 0 0 0 0 0 0 0 0 0 0 0 0 
170 3 0 0 0 0 0 0 0 0 0 0 0 0 0 0 0 0 0 0 0 0 
87 0 0 0 0 0 0 0 0 0 0 0 0 0 0 0 0 0 0 0 0 0 
58 0 0 0 0 0 0 0 0 0 0 0 0 0 0 0 0 0 0 0 0 0 
31 0 0 0 0 0 0 0 0 0 0 0 0 0 0 0 0 0 0 0 0 0 
15 0 0 0 0 0 0 0 0 0 0 0 0 0 0 0 0 0 0 0 0 0 
5 0 0 0 0 0 0 0 0 0 0 0 0 0 0 0 0 0 0 0 0 0 
5 0 0 0 0 0 0 0 0 0 0 0 0 0 0 0 0 0 0 0 0 0 
1 0 0 0 0 0 0 0 0 0 0 0 0 0 0 0 0 0 0 0 0 0 
2 0 0 0 0 0 0 0 0 0 0 0 0 0 0 0 0 0 0 0 0 0 
0 0 0 0 0 0 0 0 0 0 0 0 0 0 0 0 0 0 0 0 0 0 
0 0 0 0 0 0 0 0 0 0 0 0 0 0 0 0 0 0 0 0 0 0 
0 0 0 0 0 0 0 0 0 0 0 0 0 0 0 0 0 0 0 0 0 0 
0 0 0 0 0 0 0 0 0 0 0 0 0 0 0 0 0 0 0 0 0 0 
2010 2004 1997 1958 1902 1844 1780 1695 1627 1507 1397 1295 1169 1081 964 840 743 665 570 474 398 300 
1634 1353 1053 769 555 363 223 141 92 33 11 5 2 0 0 0 0 0 0 0 0 0 
1371 884 542 233 82 13 3 0 0 0 0 0 0 0 0 0 0 0 0 0 0 0 
1159 610 249 60 6 0 0 0 0 0 0 0 0 0 0 0 0 0 0 0 0 0 
946 354 106 10 0 0 0 0 0 0 0 0 0 0 0 0 0 0 0 0 0 0 
769 189 44 1 0 0 0 0 0 0 0 0 0 0 0 0 0 0 0 0 0 0 
588 95 9 0 0 0 0 0 0 0 0 0 0 0 0 0 0 0 0 0 0 0 
433 51 2 0 0 0 0 0 0 0 0 0 0 0 0 0 0 0 0 0 0 0 
303 20 1 0 0 0 0 0 0 0 0 0 0 0 0 0 0 0 0 0 0 0 
204 6 0 0 0 0 0 0 0 0 0 0 0 0 0 0 0 0 0 0 0 0 
152 2 0 0 0 0 0 0 0 0 0 0 0 0 0 0 0 0 0 0 0 0 
105 1 0 0 0 0 0 0 0 0 0 0 0 0 0 0 0 0 0 0 0 0 
66 1 0 0 0 0 0 0 0 0 0 0 0 0 0 0 0 0 0 0 0 0 
42 0 0 0 0 0 0 0 0 0 0 0 0 0 0 0 0 0 0 0 0 0 
27 0 0 0 0 0 0 0 0 0 0 0 0 0 0 0 0 0 0 0 0 0 
13 0 0 0 0 0 0 0 0 0 0 0 0 0 0 0 0 0 0 0 0 0 
9 0 0 0 0 0 0 0 0 0 0 0 0 0 0 0 0 0 0 0 0 0 
4 0 0 0 0 0 0 0 0 0 0 0 0 0 0 0 0 0 0 0 0 0 
1 0 0 0 0 0 0 0 0 0 0 0 0 0 0 0 0 0 0 0 0 0 
0 0 0 0 0 0 0 0 0 0 0 0 0 0 0 0 0 0 0 0 0 0 
0 0 0 0 0 0 0 0 0 0 0 0 0 0 0 0 0 0 0 0 0 0 
0 0 0 0 0 0 0 0 0 0 0 0 0 0 0 0 0 0 0 0 0 0 
2010 2003 1989 1952 1849 1795 1636 1532 1353 1190 1005 861 672 562 433 348 274 211 155 114 89 62 
1873 1805 1696 1509 1103 852 530 357 197 128 46 14 5 3 2 1 1 0 0 0 0 0 
1598 1345 969 518 165 60 14 6 2 1 0 0 0 0 0 0 0 0 0 0 0 0 
1325 950 492 156 20 9 1 0 0 0 0 0 0 0 0 0 0 0 0 0 0 0 
1000 537 177 37 4 1 0 0 0 0 0 0 0 0 0 0 0 0 0 0 0 0 
741 274 61 9 1 0 0 0 0 0 0 0 0 0 0 0 0 0 0 0 0 0 
528 126 21 3 0 0 0 0 0 0 0 0 0 0 0 0 0 0 0 0 0 0 
329 54 6 0 0 0 0 0 0 0 0 0 0 0 0 0 0 0 0 0 0 0 
192 17 0 0 0 0 0 0 0 0 0 0 0 0 0 0 0 0 0 0 0 0 
120 7 1 0 0 0 0 0 0 0 0 0 0 0 0 0 0 0 0 0 0 0 
64 0 0 0 0 0 0 0 0 0 0 0 0 0 0 0 0 0 0 0 0 0 
36 0 1 0 0 0 0 0 0 0 0 0 0 0 0 0 0 0 0 0 0 0 
12 1 0 0 0 0 0 0 0 0 0 0 0 0 0 0 0 0 0 0 0 0 
7 0 0 0 0 0 0 0 0 0 0 0 0 0 0 0 0 0 0 0 0 0 
2 0 0 0 0 0 0 0 0 0 0 0 0 0 0 0 0 0 0 0 0 0 
2 0 0 0 0 0 0 0 0 0 0 0 0 0 0 0 0 0 0 0 0 0 
1 0 0 0 0 0 0 0 0 0 0 0 0 0 0 0 0 0 0 0 0 0 
0 0 0 0 0 0 0 0 0 0 0 0 0 0 0 0 0 0 0 0 0 0 
0 0 0 0 0 0 0 0 0 0 0 0 0 0 0 0 0 0 0 0 0 0 
0 0 0 0 0 0 0 0 0 0 0 0 0 0 0 0 0 0 0 0 0 0 
0 0 0 0 0 0 0 0 0 0 0 0 0 0 0 0 0 0 0 0 0 0 
0 0 0 0 0 0 0 0 0 0 0 0 0 0 0 0 0 0 0 0 0 0 
2010 2000 1996 1965 1880 1819 1695 1571 1394 1195 1006 855 694 595 490 408 331 266 201 158 111 65 
1864 1701 1514 1216 899 616 393 220 112 51 20 6 0 0 0 0 0 0 0 0 0 0 
1639 1306 914 498 185 60 15 2 0 0 0 0 0 0 0 0 0 0 0 0 0 0 
1451 952 465 140 22 3 0 0 0 0 0 0 0 0 0 0 0 0 0 0 0 0 
1168 592 211 23 2 0 0 0 0 0 0 0 0 0 0 0 0 0 0 0 0 0 
878 321 65 5 0 0 0 0 0 0 0 0 0 0 0 0 0 0 0 0 0 0 
651 152 12 0 0 0 0 0 0 0 0 0 0 0 0 0 0 0 0 0 0 0 
419 61 2 0 0 0 0 0 0 0 0 0 0 0 0 0 0 0 0 0 0 0 
274 23 0 0 0 0 0 0 0 0 0 0 0 0 0 0 0 0 0 0 0 0 
175 9 0 0 0 0 0 0 0 0 0 0 0 0 0 0 0 0 0 0 0 0 
94 3 0 0 0 0 0 0 0 0 0 0 0 0 0 0 0 0 0 0 0 0 
52 0 0 0 0 0 0 0 0 0 0 0 0 0 0 0 0 0 0 0 0 0 
26 0 0 0 0 0 0 0 0 0 0 0 0 0 0 0 0 0 0 0 0 0 
17 0 0 0 0 0 0 0 0 0 0 0 0 0 0 0 0 0 0 0 0 0 
9 0 0 0 0 0 0 0 0 0 0 0 0 0 0 0 0 0 0 0 0 0 
4 0 0 0 0 0 0 0 0 0 0 0 0 0 0 0 0 0 0 0 0 0 
2 0 0 0 0 0 0 0 0 0 0 0 0 0 0 0 0 0 0 0 0 0 
0 0 0 0 0 0 0 0 0 0 0 0 0 0 0 0 0 0 0 0 0 0 
1 0 0 0 0 0 0 0 0 0 0 0 0 0 0 0 0 0 0 0 0 0 
0 0 0 0 0 0 0 0 0 0 0 0 0 0 0 0 0 0 0 0 0 0 
0 0 0 0 0 0 0 0 0 0 0 0 0 0 0 0 0 0 0 0 0 0 
0 0 0 0 0 0 0 0 0 0 0 0 0 0 0 0 0 0 0 0 0 0 
2010 2004 1994 1943 1885 1814 1720 1615 1496 1373 1234 1073 969 864 743 653 548 459 380 312 220 152 
1780 1589 1336 1063 768 542 345 202 123 62 31 9 4 2 0 0 0 0 0 0 0 0 
1498 1124 722 337 117 31 3 0 0 0 0 0 0 0 0 0 0 0 0 0 0 0 
1252 771 328 78 13 0 0 0 0 0 0 0 0 0 0 0 0 0 0 0 0 0 
1009 459 144 16 0 0 0 0 0 0 0 0 0 0 0 0 0 0 0 0 0 0 
785 261 52 3 0 0 0 0 0 0 0 0 0 0 0 0 0 0 0 0 0 0 
586 117 11 0 0 0 0 0 0 0 0 0 0 0 0 0 0 0 0 0 0 0 
399 48 2 0 0 0 0 0 0 0 0 0 0 0 0 0 0 0 0 0 0 0 
273 21 0 0 0 0 0 0 0 0 0 0 0 0 0 0 0 0 0 0 0 0 
193 5 0 0 0 0 0 0 0 0 0 0 0 0 0 0 0 0 0 0 0 0 
101 0 0 0 0 0 0 0 0 0 0 0 0 0 0 0 0 0 0 0 0 0 
60 0 0 0 0 0 0 0 0 0 0 0 0 0 0 0 0 0 0 0 0 0 
32 0 0 0 0 0 0 0 0 0 0 0 0 0 0 0 0 0 0 0 0 0 
21 0 0 0 0 0 0 0 0 0 0 0 0 0 0 0 0 0 0 0 0 0 
12 0 0 0 0 0 0 0 0 0 0 0 0 0 0 0 0 0 0 0 0 0 
11 0 0 0 0 0 0 0 0 0 0 0 0 0 0 0 0 0 0 0 0 0 
6 0 0 0 0 0 0 0 0 0 0 0 0 0 0 0 0 0 0 0 0 0 
2 0 0 0 0 0 0 0 0 0 0 0 0 0 0 0 0 0 0 0 0 0 
0 0 0 0 0 0 0 0 0 0 0 0 0 0 0 0 0 0 0 0 0 0 
0 0 0 0 0 0 0 0 0 0 0 0 0 0 0 0 0 0 0 0 0 0 
0 0 0 0 0 0 0 0 0 0 0 0 0 0 0 0 0 0 0 0 0 0 
0 0 0 0 0 0 0 0 0 0 0 0 0 0 0 0 0 0 0 0 0 0 
2010 2008 2003 1991 1973 1949 1924 1884 1867 1835 1794 1732 1697 1623 1528 1455 1377 1271 1173 1051 880 672 
1276 575 357 246 155 107 65 35 23 11 8 0 0 0 0 0 0 0 0 0 0 0 
980 284 128 42 13 4 0 0 0 0 0 0 0 0 0 0 0 0 0 0 0 0 
808 164 44 8 1 0 0 0 0 0 0 0 0 0 0 0 0 0 0 0 0 0 
660 85 16 0 0 0 0 0 0 0 0 0 0 0 0 0 0 0 0 0 0 0 
525 60 8 0 0 0 0 0 0 0 0 0 0 0 0 0 0 0 0 0 0 0 
437 27 0 0 0 0 0 0 0 0 0 0 0 0 0 0 0 0 0 0 0 0 
361 18 1 0 0 0 0 0 0 0 0 0 0 0 0 0 0 0 0 0 0 0 
271 9 0 0 0 0 0 0 0 0 0 0 0 0 0 0 0 0 0 0 0 0 
215 2 0 0 0 0 0 0 0 0 0 0 0 0 0 0 0 0 0 0 0 0 
168 1 0 0 0 0 0 0 0 0 0 0 0 0 0 0 0 0 0 0 0 0 
112 0 0 0 0 0 0 0 0 0 0 0 0 0 0 0 0 0 0 0 0 0 
77 0 0 0 0 0 0 0 0 0 0 0 0 0 0 0 0 0 0 0 0 0 
57 0 0 0 0 0 0 0 0 0 0 0 0 0 0 0 0 0 0 0 0 0 
34 0 0 0 0 0 0 0 0 0 0 0 0 0 0 0 0 0 0 0 0 0 
24 0 0 0 0 0 0 0 0 0 0 0 0 0 0 0 0 0 0 0 0 0 
14 0 0 0 0 0 0 0 0 0 0 0 0 0 0 0 0 0 0 0 0 0 
5 0 0 0 0 0 0 0 0 0 0 0 0 0 0 0 0 0 0 0 0 0 
2 0 0 0 0 0 0 0 0 0 0 0 0 0 0 0 0 0 0 0 0 0 
0 0 0 0 0 0 0 0 0 0 0 0 0 0 0 0 0 0 0 0 0 0 
0 0 0 0 0 0 0 0 0 0 0 0 0 0 0 0 0 0 0 0 0 0 
0 0 0 0 0 0 0 0 0 0 0 0 0 0 0 0 0 0 0 0 0 0 
2010 2007 1993 1954 1913 1869 1807 1709 1613 1491 1369 1241 1143 1034 915 790 682 579 477 366 282 190 
1746 1463 1186 886 633 448 286 181 110 56 21 11 4 1 0 0 0 0 0 0 0 0 
1472 932 543 238 68 20 2 0 0 0 0 0 0 0 0 0 0 0 0 0 0 0 
1204 610 251 63 9 0 0 0 0 0 0 0 0 0 0 0 0 0 0 0 0 0 
965 337 80 10 0 0 0 0 0 0 0 0 0 0 0 0 0 0 0 0 0 0 
770 177 24 1 0 0 0 0 0 0 0 0 0 0 0 0 0 0 0 0 0 0 
570 94 2 1 0 0 0 0 0 0 0 0 0 0 0 0 0 0 0 0 0 0 
416 47 0 0 0 0 0 0 0 0 0 0 0 0 0 0 0 0 0 0 0 0 
279 14 0 0 0 0 0 0 0 0 0 0 0 0 0 0 0 0 0 0 0 0 
199 2 0 0 0 0 0 0 0 0 0 0 0 0 0 0 0 0 0 0 0 0 
134 1 0 0 0 0 0 0 0 0 0 0 0 0 0 0 0 0 0 0 0 0 
80 1 0 0 0 0 0 0 0 0 0 0 0 0 0 0 0 0 0 0 0 0 
60 0 0 0 0 0 0 0 0 0 0 0 0 0 0 0 0 0 0 0 0 0 
34 0 0 0 0 0 0 0 0 0 0 0 0 0 0 0 0 0 0 0 0 0 
23 0 0 0 0 0 0 0 0 0 0 0 0 0 0 0 0 0 0 0 0 0 
11 0 0 0 0 0 0 0 0 0 0 0 0 0 0 0 0 0 0 0 0 0 
6 0 0 0 0 0 0 0 0 0 0 0 0 0 0 0 0 0 0 0 0 0 
3 0 0 0 0 0 0 0 0 0 0 0 0 0 0 0 0 0 0 0 0 0 
1 0 0 0 0 0 0 0 0 0 0 0 0 0 0 0 0 0 0 0 0 0 
0 0 0 0 0 0 0 0 0 0 0 0 0 0 0 0 0 0 0 0 0 0 
0 0 0 0 0 0 0 0 0 0 0 0 0 0 0 0 0 0 0 0 0 0 
0 0 0 0 0 0 0 0 0 0 0 0 0 0 0 0 0 0 0 0 0 0 
2010 2008 2004 1989 1975 1965 1940 1916 1895 1874 1821 1787 1734 1688 1640 1528 1462 1358 1227 1082 891 629 
1337 263 115 71 44 31 22 10 2 3 0 0 0 0 0 0 0 0 0 0 0 0 
1041 95 25 7 3 0 0 0 0 0 0 0 0 0 0 0 0 0 0 0 0 0 
887 45 7 2 0 0 0 0 0 0 0 0 0 0 0 0 0 0 0 0 0 0 
719 27 4 0 0 0 0 0 0 0 0 0 0 0 0 0 0 0 0 0 0 0 
598 9 2 0 0 0 0 0 0 0 0 0 0 0 0 0 0 0 0 0 0 0 
510 6 1 0 0 0 0 0 0 0 0 0 0 0 0 0 0 0 0 0 0 0 
429 1 0 0 0 0 0 0 0 0 0 0 0 0 0 0 0 0 0 0 0 0 
354 0 0 0 0 0 0 0 0 0 0 0 0 0 0 0 0 0 0 0 0 0 
286 0 0 0 0 0 0 0 0 0 0 0 0 0 0 0 0 0 0 0 0 0 
223 0 0 0 0 0 0 0 0 0 0 0 0 0 0 0 0 0 0 0 0 0 
175 0 0 0 0 0 0 0 0 0 0 0 0 0 0 0 0 0 0 0 0 0 
141 0 0 0 0 0 0 0 0 0 0 0 0 0 0 0 0 0 0 0 0 0 
100 0 0 0 0 0 0 0 0 0 0 0 0 0 0 0 0 0 0 0 0 0 
69 0 0 0 0 0 0 0 0 0 0 0 0 0 0 0 0 0 0 0 0 0 
52 0 0 0 0 0 0 0 0 0 0 0 0 0 0 0 0 0 0 0 0 0 
35 0 0 0 0 0 0 0 0 0 0 0 0 0 0 0 0 0 0 0 0 0 
23 0 0 0 0 0 0 0 0 0 0 0 0 0 0 0 0 0 0 0 0 0 
15 0 0 0 0 0 0 0 0 0 0 0 0 0 0 0 0 0 0 0 0 0 
7 0 0 0 0 0 0 0 0 0 0 0 0 0 0 0 0 0 0 0 0 0 
1 0 0 0 0 0 0 0 0 0 0 0 0 0 0 0 0 0 0 0 0 0 
0 0 0 0 0 0 0 0 0 0 0 0 0 0 0 0 0 0 0 0 0 0 
2010 2003 1999 1993 1977 1952 1937 1911 1894 1859 1807 1788 1742 1677 1631 1518 1446 1357 1230 1066 880 608 
1362 151 61 30 14 10 8 5 2 1 0 0 0 0 0 0 0 0 0 0 0 0 
1106 40 8 2 0 0 0 0 0 0 0 0 0 0 0 0 0 0 0 0 0 0 
928 23 1 0 0 0 0 0 0 0 0 0 0 0 0 0 0 0 0 0 0 0 
772 11 0 0 0 0 0 0 0 0 0 0 0 0 0 0 0 0 0 0 0 0 
661 7 0 0 0 0 0 0 0 0 0 0 0 0 0 0 0 0 0 0 0 0 
540 2 0 0 0 0 0 0 0 0 0 0 0 0 0 0 0 0 0 0 0 0 
463 3 0 0 0 0 0 0 0 0 0 0 0 0 0 0 0 0 0 0 0 0 
408 1 0 0 0 0 0 0 0 0 0 0 0 0 0 0 0 0 0 0 0 0 
334 1 0 0 0 0 0 0 0 0 0 0 0 0 0 0 0 0 0 0 0 0 
262 0 0 0 0 0 0 0 0 0 0 0 0 0 0 0 0 0 0 0 0 0 
206 0 0 0 0 0 0 0 0 0 0 0 0 0 0 0 0 0 0 0 0 0 
153 0 0 0 0 0 0 0 0 0 0 0 0 0 0 0 0 0 0 0 0 0 
133 0 0 0 0 0 0 0 0 0 0 0 0 0 0 0 0 0 0 0 0 0 
91 0 0 0 0 0 0 0 0 0 0 0 0 0 0 0 0 0 0 0 0 0 
59 0 0 0 0 0 0 0 0 0 0 0 0 0 0 0 0 0 0 0 0 0 
35 0 0 0 0 0 0 0 0 0 0 0 0 0 0 0 0 0 0 0 0 0 
25 0 0 0 0 0 0 0 0 0 0 0 0 0 0 0 0 0 0 0 0 0 
11 0 0 0 0 0 0 0 0 0 0 0 0 0 0 0 0 0 0 0 0 0 
3 0 0 0 0 0 0 0 0 0 0 0 0 0 0 0 0 0 0 0 0 0 
2 0 0 0 0 0 0 0 0 0 0 0 0 0 0 0 0 0 0 0 0 0 
0 0 0 0 0 0 0 0 0 0 0 0 0 0 0 0 0 0 0 0 0 0 
2010 2004 2009 1998 1991 1972 1960 1937 1919 1913 1887 1834 1832 1775 1744 1700 1638 1568 1474 1354 1177 914 
1084 0 0 0 0 0 0 0 0 0 0 0 0 0 0 0 0 0 0 0 0 0 
816 0 0 0 0 0 0 0 0 0 0 0 0 0 0 0 0 0 0 0 0 0 
678 0 0 0 0 0 0 0 0 0 0 0 0 0 0 0 0 0 0 0 0 0 
577 0 0 0 0 0 0 0 0 0 0 0 0 0 0 0 0 0 0 0 0 0 
472 0 0 0 0 0 0 0 0 0 0 0 0 0 0 0 0 0 0 0 0 0 
385 0 0 0 0 0 0 0 0 0 0 0 0 0 0 0 0 0 0 0 0 0 
334 0 0 0 0 0 0 0 0 0 0 0 0 0 0 0 0 0 0 0 0 0 
276 0 0 0 0 0 0 0 0 0 0 0 0 0 0 0 0 0 0 0 0 0 
236 0 0 0 0 0 0 0 0 0 0 0 0 0 0 0 0 0 0 0 0 0 
197 0 0 0 0 0 0 0 0 0 0 0 0 0 0 0 0 0 0 0 0 0 
157 0 0 0 0 0 0 0 0 0 0 0 0 0 0 0 0 0 0 0 0 0 
127 0 0 0 0 0 0 0 0 0 0 0 0 0 0 0 0 0 0 0 0 0 
91 0 0 0 0 0 0 0 0 0 0 0 0 0 0 0 0 0 0 0 0 0 
67 0 0 0 0 0 0 0 0 0 0 0 0 0 0 0 0 0 0 0 0 0 
47 0 0 0 0 0 0 0 0 0 0 0 0 0 0 0 0 0 0 0 0 0 
30 0 0 0 0 0 0 0 0 0 0 0 0 0 0 0 0 0 0 0 0 0 
22 0 0 0 0 0 0 0 0 0 0 0 0 0 0 0 0 0 0 0 0 0 
10 0 0 0 0 0 0 0 0 0 0 0 0 0 0 0 0 0 0 0 0 0 
3 0 0 0 0 0 0 0 0 0 0 0 0 0 0 0 0 0 0 0 0 0 
1 0 0 0 0 0 0 0 0 0 0 0 0 0 0 0 0 0 0 0 0 0 
0 0 0 0 0 0 0 0 0 0 0 0 0 0 0 0 0 0 0 0 0 0 
1005 1001 1000 984 913 869 801 740 612 546 457 387 281 238 177 136 111 79 64 42 27 14 
956 915 862 809 575 410 254 173 74 49 16 12 7 2 1 2 3 1 0 0 0 0 
826 740 548 336 69 21 7 4 2 3 0 0 0 0 0 0 1 0 0 0 0 0 
722 551 289 131 10 4 0 0 0 0 0 0 0 0 0 0 0 0 0 0 0 0 
496 303 101 20 1 1 0 0 0 0 0 0 0 0 0 0 0 0 0 0 0 0 
379 156 33 4 0 0 0 0 0 0 0 0 0 0 0 0 0 0 0 0 0 0 
245 49 12 5 0 0 0 0 0 0 0 0 0 0 0 0 0 0 0 0 0 0 
156 20 4 1 0 0 0 0 0 0 0 0 0 0 0 0 0 0 0 0 0 0 
93 11 4 3 0 0 0 0 0 0 0 0 0 0 0 0 0 0 0 0 0 0 
58 8 1 1 0 0 0 0 0 0 0 0 0 0 0 0 0 0 0 0 0 0 
45 4 1 0 0 0 0 0 0 0 0 0 0 0 0 0 0 0 0 0 0 0 
17 1 1 0 0 0 0 0 0 0 0 0 0 0 0 0 0 0 0 0 0 0 
5 0 0 0 0 0 0 0 0 0 0 0 0 0 0 0 0 0 0 0 0 0 
2 0 0 0 0 0 0 0 0 0 0 0 0 0 0 0 0 0 0 0 0 0 
0 0 0 0 0 0 0 0 0 0 0 0 0 0 0 0 0 0 0 0 0 0 
0 0 0 0 0 0 0 0 0 0 0 0 0 0 0 0 0 0 0 0 0 0 
0 0 0 0 0 0 0 0 0 0 0 0 0 0 0 0 0 0 0 0 0 0 
0 0 0 0 0 0 0 0 0 0 0 0 0 0 0 0 0 0 0 0 0 0 
0 0 0 0 0 0 0 0 0 0 0 0 0 0 0 0 0 0 0 0 0 0 
0 0 0 0 0 0 0 0 0 0 0 0 0 0 0 0 0 0 0 0 0 0 
0 0 0 0 0 0 0 0 0 0 0 0 0 0 0 0 0 0 0 0 0 0 
0 0 0 0 0 0 0 0 0 0 0 0 0 0 0 0 0 0 0 0 0 0 
1005 1001 990 965 911 791 606 376 210 81 40 11 5 1 1 0 0 0 0 0 0 0 
959 925 910 827 688 479 297 130 44 11 5 0 0 0 0 0 0 0 0 0 0 0 
920 862 776 589 352 159 38 13 5 1 0 0 0 0 0 0 0 0 0 0 0 0 
852 771 584 273 93 29 9 1 1 0 0 0 0 0 0 0 0 0 0 0 0 0 
727 552 311 89 16 6 2 0 0 0 0 0 0 0 0 0 0 0 0 0 0 0 
539 331 123 16 1 2 1 0 0 0 0 0 0 0 0 0 0 0 0 0 0 0 
326 123 35 2 0 1 0 0 0 0 0 0 0 0 0 0 0 0 0 0 0 0 
175 39 7 1 0 0 0 0 0 0 0 0 0 0 0 0 0 0 0 0 0 0 
59 9 1 0 0 0 0 0 0 0 0 0 0 0 0 0 0 0 0 0 0 0 
11 0 0 0 0 0 0 0 0 0 0 0 0 0 0 0 0 0 0 0 0 0 
4 0 0 0 0 0 0 0 0 0 0 0 0 0 0 0 0 0 0 0 0 0 
3 0 0 0 0 0 0 0 0 0 0 0 0 0 0 0 0 0 0 0 0 0 
1 0 0 0 0 0 0 0 0 0 0 0 0 0 0 0 0 0 0 0 0 0 
0 0 0 0 0 0 0 0 0 0 0 0 0 0 0 0 0 0 0 0 0 0 
0 0 0 0 0 0 0 0 0 0 0 0 0 0 0 0 0 0 0 0 0 0 
0 0 0 0 0 0 0 0 0 0 0 0 0 0 0 0 0 0 0 0 0 0 
0 0 0 0 0 0 0 0 0 0 0 0 0 0 0 0 0 0 0 0 0 0 
0 0 0 0 0 0 0 0 0 0 0 0 0 0 0 0 0 0 0 0 0 0 
0 0 0 0 0 0 0 0 0 0 0 0 0 0 0 0 0 0 0 0 0 0 
0 0 0 0 0 0 0 0 0 0 0 0 0 0 0 0 0 0 0 0 0 0 
0 0 0 0 0 0 0 0 0 0 0 0 0 0 0 0 0 0 0 0 0 0 
0 0 0 0 0 0 0 0 0 0 0 0 0 0 0 0 0 0 0 0 0 0 
1005 999 996 968 935 868 782 693 595 485 411 339 264 202 148 107 81 59 42 30 18 11 
948 930 852 748 560 384 231 135 70 33 15 7 3 1 0 0 0 0 0 0 0 0 
880 772 560 305 117 30 8 0 0 0 0 0 0 0 0 0 0 0 0 0 0 0 
752 583 308 96 17 1 0 0 0 0 0 0 0 0 0 0 0 0 0 0 0 0 
587 375 127 25 4 2 0 0 0 0 0 0 0 0 0 0 0 0 0 0 0 0 
469 192 43 5 0 0 0 0 0 0 0 0 0 0 0 0 0 0 0 0 0 0 
322 94 9 1 0 0 0 0 0 0 0 0 0 0 0 0 0 0 0 0 0 0 
208 34 2 2 0 0 0 0 0 0 0 0 0 0 0 0 0 0 0 0 0 0 
115 6 0 0 0 0 0 0 0 0 0 0 0 0 0 0 0 0 0 0 0 0 
61 2 0 0 0 0 0 0 0 0 0 0 0 0 0 0 0 0 0 0 0 0 
26 0 0 0 0 0 0 0 0 0 0 0 0 0 0 0 0 0 0 0 0 0 
14 0 0 0 0 0 0 0 0 0 0 0 0 0 0 0 0 0 0 0 0 0 
1 0 0 0 0 0 0 0 0 0 0 0 0 0 0 0 0 0 0 0 0 0 
0 0 0 0 0 0 0 0 0 0 0 0 0 0 0 0 0 0 0 0 0 0 
0 0 0 0 0 0 0 0 0 0 0 0 0 0 0 0 0 0 0 0 0 0 
0 0 0 0 0 0 0 0 0 0 0 0 0 0 0 0 0 0 0 0 0 0 
0 0 0 0 0 0 0 0 0 0 0 0 0 0 0 0 0 0 0 0 0 0 
0 0 0 0 0 0 0 0 0 0 0 0 0 0 0 0 0 0 0 0 0 0 
0 0 0 0 0 0 0 0 0 0 0 0 0 0 0 0 0 0 0 0 0 0 
0 0 0 0 0 0 0 0 0 0 0 0 0 0 0 0 0 0 0 0 0 0 
0 0 0 0 0 0 0 0 0 0 0 0 0 0 0 0 0 0 0 0 0 0 
0 0 0 0 0 0 0 0 0 0 0 0 0 0 0 0 0 0 0 0 0 0 
1005 1001 994 976 934 879 767 687 608 559 474 415 365 299 232 161 112 71 45 29 11 3 
950 896 790 632 428 275 160 83 40 26 7 3 1 0 0 0 0 0 0 0 0 0 
866 713 515 270 112 25 5 0 0 0 0 0 0 0 0 0 0 0 0 0 0 0 
771 482 283 88 18 1 0 0 0 0 0 0 0 0 0 0 0 0 0 0 0 0 
621 308 119 28 2 0 0 0 0 0 0 0 0 0 0 0 0 0 0 0 0 0 
446 165 38 5 0 0 0 0 0 0 0 0 0 0 0 0 0 0 0 0 0 0 
326 63 6 0 0 0 0 0 0 0 0 0 0 0 0 0 0 0 0 0 0 0 
245 28 2 0 0 0 0 0 0 0 0 0 0 0 0 0 0 0 0 0 0 0 
190 10 0 0 0 0 0 0 0 0 0 0 0 0 0 0 0 0 0 0 0 0 
145 5 0 0 0 0 0 0 0 0 0 0 0 0 0 0 0 0 0 0 0 0 
97 0 0 0 0 0 0 0 0 0 0 0 0 0 0 0 0 0 0 0 0 0 
72 0 0 0 0 0 0 0 0 0 0 0 0 0 0 0 0 0 0 0 0 0 
45 0 0 0 0 0 0 0 0 0 0 0 0 0 0 0 0 0 0 0 0 0 
31 0 0 0 0 0 0 0 0 0 0 0 0 0 0 0 0 0 0 0 0 0 
21 0 0 0 0 0 0 0 0 0 0 0 0 0 0 0 0 0 0 0 0 0 
12 0 0 0 0 0 0 0 0 0 0 0 0 0 0 0 0 0 0 0 0 0 
8 0 0 0 0 0 0 0 0 0 0 0 0 0 0 0 0 0 0 0 0 0 
4 0 0 0 0 0 0 0 0 0 0 0 0 0 0 0 0 0 0 0 0 0 
1 0 0 0 0 0 0 0 0 0 0 0 0 0 0 0 0 0 0 0 0 0 
0 0 0 0 0 0 0 0 0 0 0 0 0 0 0 0 0 0 0 0 0 0 
0 0 0 0 0 0 0 0 0 0 0 0 0 0 0 0 0 0 0 0 0 0 
0 0 0 0 0 0 0 0 0 0 0 0 0 0 0 0 0 0 0 0 0 0 
1005 1000 994 966 915 873 833 746 628 537 443 370 306 254 183 147 118 89 54 47 25 15 
960 905 854 737 551 419 258 156 70 39 14 5 1 3 0 0 0 0 0 0 0 0 
824 710 537 282 89 33 4 5 0 0 0 0 0 0 0 0 0 0 0 0 0 0 
707 524 269 90 6 5 1 1 0 0 0 0 0 0 0 0 0 0 0 0 0 0 
572 317 114 21 2 0 0 0 0 0 0 0 0 0 0 0 0 0 0 0 0 0 
437 170 31 3 0 0 0 0 0 0 0 0 0 0 0 0 0 0 0 0 0 0 
294 78 13 2 0 0 0 0 0 0 0 0 0 0 0 0 0 0 0 0 0 0 
167 26 4 1 0 0 0 0 0 0 0 0 0 0 0 0 0 0 0 0 0 0 
114 13 0 0 0 0 0 0 0 0 0 0 0 0 0 0 0 0 0 0 0 0 
57 6 0 0 0 0 0 0 0 0 0 0 0 0 0 0 0 0 0 0 0 0 
35 1 0 0 0 0 0 0 0 0 0 0 0 0 0 0 0 0 0 0 0 0 
15 1 0 0 0 0 0 0 0 0 0 0 0 0 0 0 0 0 0 0 0 0 
6 0 0 0 0 0 0 0 0 0 0 0 0 0 0 0 0 0 0 0 0 0 
2 0 0 0 0 0 0 0 0 0 0 0 0 0 0 0 0 0 0 0 0 0 
1 0 0 0 0 0 0 0 0 0 0 0 0 0 0 0 0 0 0 0 0 0 
0 0 0 0 0 0 0 0 0 0 0 0 0 0 0 0 0 0 0 0 0 0 
0 0 0 0 0 0 0 0 0 0 0 0 0 0 0 0 0 0 0 0 0 0 
0 0 0 0 0 0 0 0 0 0 0 0 0 0 0 0 0 0 0 0 0 0 
0 0 0 0 0 0 0 0 0 0 0 0 0 0 0 0 0 0 0 0 0 0 
0 0 0 0 0 0 0 0 0 0 0 0 0 0 0 0 0 0 0 0 0 0 
0 0 0 0 0 0 0 0 0 0 0 0 0 0 0 0 0 0 0 0 0 0 
0 0 0 0 0 0 0 0 0 0 0 0 0 0 0 0 0 0 0 0 0 0 
1005 1002 1001 961 934 850 758 607 455 346 234 160 118 73 48 36 30 18 10 6 1 0 
972 930 894 773 593 409 220 95 32 14 2 1 0 0 0 0 0 0 0 0 0 0 
916 817 697 412 214 64 18 2 0 0 0 0 0 0 0 0 0 0 0 0 0 0 
849 657 421 161 26 1 0 0 0 0 0 0 0 0 0 0 0 0 0 0 0 0 
719 459 187 34 1 0 0 0 0 0 0 0 0 0 0 0 0 0 0 0 0 0 
529 263 70 3 0 0 0 0 0 0 0 0 0 0 0 0 0 0 0 0 0 0 
387 95 13 0 0 0 0 0 0 0 0 0 0 0 0 0 0 0 0 0 0 0 
226 37 2 0 0 0 0 0 0 0 0 0 0 0 0 0 0 0 0 0 0 0 
124 17 0 0 0 0 0 0 0 0 0 0 0 0 0 0 0 0 0 0 0 0 
61 3 0 0 0 0 0 0 0 0 0 0 0 0 0 0 0 0 0 0 0 0 
28 0 0 0 0 0 0 0 0 0 0 0 0 0 0 0 0 0 0 0 0 0 
4 0 0 0 0 0 0 0 0 0 0 0 0 0 0 0 0 0 0 0 0 0 
4 0 0 0 0 0 0 0 0 0 0 0 0 0 0 0 0 0 0 0 0 0 
1 0 0 0 0 0 0 0 0 0 0 0 0 0 0 0 0 0 0 0 0 0 
0 0 0 0 0 0 0 0 0 0 0 0 0 0 0 0 0 0 0 0 0 0 
0 0 0 0 0 0 0 0 0 0 0 0 0 0 0 0 0 0 0 0 0 0 
0 0 0 0 0 0 0 0 0 0 0 0 0 0 0 0 0 0 0 0 0 0 
0 0 0 0 0 0 0 0 0 0 0 0 0 0 0 0 0 0 0 0 0 0 
0 0 0 0 0 0 0 0 0 0 0 0 0 0 0 0 0 0 0 0 0 0 
0 0 0 0 0 0 0 0 0 0 0 0 0 0 0 0 0 0 0 0 0 0 
0 0 0 0 0 0 0 0 0 0 0 0 0 0 0 0 0 0 0 0 0 0 
0 0 0 0 0 0 0 0 0 0 0 0 0 0 0 0 0 0 0 0 0 0 
1005 1001 999 970 926 882 814 762 681 592 501 422 342 266 197 155 126 88 66 42 29 17 
947 885 811 665 475 358 216 132 82 43 17 5 4 0 0 0 0 0 0 0 0 0 
839 685 492 240 70 21 6 3 0 1 0 0 0 0 0 0 0 0 0 0 0 0 
726 497 255 68 5 1 0 0 0 0 0 0 0 0 0 0 0 0 0 0 0 0 
602 298 110 18 2 1 0 0 0 0 0 0 0 0 0 0 0 0 0 0 0 0 
452 151 35 5 0 0 0 0 0 0 0 0 0 0 0 0 0 0 0 0 0 0 
316 76 9 1 0 0 0 0 0 0 0 0 0 0 0 0 0 0 0 0 0 0 
222 25 2 0 0 0 0 0 0 0 0 0 0 0 0 0 0 0 0 0 0 0 
145 7 0 0 0 0 0 0 0 0 0 0 0 0 0 0 0 0 0 0 0 0 
88 0 0 0 0 0 0 0 0 0 0 0 0 0 0 0 0 0 0 0 0 0 
56 0 0 0 0 0 0 0 0 0 0 0 0 0 0 0 0 0 0 0 0 0 
34 0 0 0 0 0 0 0 0 0 0 0 0 0 0 0 0 0 0 0 0 0 
16 0 0 0 0 0 0 0 0 0 0 0 0 0 0 0 0 0 0 0 0 0 
4 0 0 0 0 0 0 0 0 0 0 0 0 0 0 0 0 0 0 0 0 0 
3 0 0 0 0 0 0 0 0 0 0 0 0 0 0 0 0 0 0 0 0 0 
0 0 0 0 0 0 0 0 0 0 0 0 0 0 0 0 0 0 0 0 0 0 
0 0 0 0 0 0 0 0 0 0 0 0 0 0 0 0 0 0 0 0 0 0 
0 0 0 0 0 0 0 0 0 0 0 0 0 0 0 0 0 0 0 0 0 0 
0 0 0 0 0 0 0 0 0 0 0 0 0 0 0 0 0 0 0 0 0 0 
0 0 0 0 0 0 0 0 0 0 0 0 0 0 0 0 0 0 0 0 0 0 
0 0 0 0 0 0 0 0 0 0 0 0 0 0 0 0 0 0 0 0 0 0 
0 0 0 0 0 0 0 0 0 0 0 0 0 0 0 0 0 0 0 0 0 0 
1005 1000 998 982 948 898 834 779 702 621 531 458 374 311 245 206 164 122 96 60 46 27 
920 830 736 593 424 293 172 102 55 25 7 3 0 0 0 0 0 0 0 0 0 0 
831 662 442 238 80 21 3 0 0 0 0 0 0 0 0 0 0 0 0 0 0 0 
731 457 211 57 11 1 0 0 0 0 0 0 0 0 0 0 0 0 0 0 0 0 
606 291 82 10 3 0 0 0 0 0 0 0 0 0 0 0 0 0 0 0 0 0 
477 155 23 1 0 0 0 0 0 0 0 0 0 0 0 0 0 0 0 0 0 0 
353 87 4 0 0 0 0 0 0 0 0 0 0 0 0 0 0 0 0 0 0 0 
243 23 1 0 0 0 0 0 0 0 0 0 0 0 0 0 0 0 0 0 0 0 
164 14 0 0 0 0 0 0 0 0 0 0 0 0 0 0 0 0 0 0 0 0 
101 2 0 0 0 0 0 0 0 0 0 0 0 0 0 0 0 0 0 0 0 0 
62 0 0 0 0 0 0 0 0 0 0 0 0 0 0 0 0 0 0 0 0 0 
41 0 0 0 0 0 0 0 0 0 0 0 0 0 0 0 0 0 0 0 0 0 
23 0 0 0 0 0 0 0 0 0 0 0 0 0 0 0 0 0 0 0 0 0 
13 0 0 0 0 0 0 0 0 0 0 0 0 0 0 0 0 0 0 0 0 0 
10 0 0 0 0 0 0 0 0 0 0 0 0 0 0 0 0 0 0 0 0 0 
5 0 0 0 0 0 0 0 0 0 0 0 0 0 0 0 0 0 0 0 0 0 
2 0 0 0 0 0 0 0 0 0 0 0 0 0 0 0 0 0 0 0 0 0 
2 0 0 0 0 0 0 0 0 0 0 0 0 0 0 0 0 0 0 0 0 0 
0 0 0 0 0 0 0 0 0 0 0 0 0 0 0 0 0 0 0 0 0 0 
0 0 0 0 0 0 0 0 0 0 0 0 0 0 0 0 0 0 0 0 0 0 
0 0 0 0 0 0 0 0 0 0 0 0 0 0 0 0 0 0 0 0 0 0 
0 0 0 0 0 0 0 0 0 0 0 0 0 0 0 0 0 0 0 0 0 0 
1005 997 992 968 919 876 817 763 644 585 482 401 279 241 176 134 106 72 64 47 35 20 
948 912 842 754 576 460 291 194 100 65 24 17 4 3 1 0 1 0 0 0 0 0 
804 706 512 285 76 32 6 2 0 0 0 0 0 0 0 0 0 0 0 0 0 0 
697 506 249 96 10 6 1 0 0 0 0 0 0 0 0 0 0 0 0 0 0 0 
514 298 105 28 2 1 0 0 0 0 0 0 0 0 0 0 0 0 0 0 0 0 
401 154 32 2 0 0 0 0 0 0 0 0 0 0 0 0 0 0 0 0 0 0 
263 68 9 1 0 0 0 0 0 0 0 0 0 0 0 0 0 0 0 0 0 0 
163 31 3 0 0 0 0 0 0 0 0 0 0 0 0 0 0 0 0 0 0 0 
95 16 0 0 0 0 0 0 0 0 0 0 0 0 0 0 0 0 0 0 0 0 
53 9 0 0 0 0 0 0 0 0 0 0 0 0 0 0 0 0 0 0 0 0 
29 0 0 0 0 0 0 0 0 0 0 0 0 0 0 0 0 0 0 0 0 0 
16 0 0 0 0 0 0 0 0 0 0 0 0 0 0 0 0 0 0 0 0 0 
4 0 0 0 0 0 0 0 0 0 0 0 0 0 0 0 0 0 0 0 0 0 
4 0 0 0 0 0 0 0 0 0 0 0 0 0 0 0 0 0 0 0 0 0 
1 0 0 0 0 0 0 0 0 0 0 0 0 0 0 0 0 0 0 0 0 0 
3 0 0 0 0 0 0 0 0 0 0 0 0 0 0 0 0 0 0 0 0 0 
1 0 0 0 0 0 0 0 0 0 0 0 0 0 0 0 0 0 0 0 0 0 
1 0 0 0 0 0 0 0 0 0 0 0 0 0 0 0 0 0 0 0 0 0 
0 0 0 0 0 0 0 0 0 0 0 0 0 0 0 0 0 0 0 0 0 0 
0 0 0 0 0 0 0 0 0 0 0 0 0 0 0 0 0 0 0 0 0 0 
0 0 0 0 0 0 0 0 0 0 0 0 0 0 0 0 0 0 0 0 0 0 
0 0 0 0 0 0 0 0 0 0 0 0 0 0 0 0 0 0 0 0 0 0 
1005 1002 997 976 938 868 770 622 442 313 219 146 109 73 57 44 32 25 16 12 6 3 
966 913 865 774 592 418 245 124 41 12 3 2 0 0 0 0 0 0 0 0 0 0 
884 816 678 430 219 65 12 1 0 0 0 0 0 0 0 0 0 0 0 0 0 0 
853 664 439 158 39 2 0 0 0 0 0 0 0 0 0 0 0 0 0 0 0 0 
711 453 202 42 6 0 0 0 0 0 0 0 0 0 0 0 0 0 0 0 0 0 
557 249 55 2 0 0 0 0 0 0 0 0 0 0 0 0 0 0 0 0 0 0 
380 103 21 0 0 0 0 0 0 0 0 0 0 0 0 0 0 0 0 0 0 0 
222 30 2 0 0 0 0 0 0 0 0 0 0 0 0 0 0 0 0 0 0 0 
99 4 0 0 0 0 0 0 0 0 0 0 0 0 0 0 0 0 0 0 0 0 
51 2 0 0 0 0 0 0 0 0 0 0 0 0 0 0 0 0 0 0 0 0 
21 0 0 0 0 0 0 0 0 0 0 0 0 0 0 0 0 0 0 0 0 0 
7 0 0 0 0 0 0 0 0 0 0 0 0 0 0 0 0 0 0 0 0 0 
1 0 0 0 0 0 0 0 0 0 0 0 0 0 0 0 0 0 0 0 0 0 
0 0 0 0 0 0 0 0 0 0 0 0 0 0 0 0 0 0 0 0 0 0 
0 0 0 0 0 0 0 0 0 0 0 0 0 0 0 0 0 0 0 0 0 0 
0 0 0 0 0 0 0 0 0 0 0 0 0 0 0 0 0 0 0 0 0 0 
0 0 0 0 0 0 0 0 0 0 0 0 0 0 0 0 0 0 0 0 0 0 
0 0 0 0 0 0 0 0 0 0 0 0 0 0 0 0 0 0 0 0 0 0 
0 0 0 0 0 0 0 0 0 0 0 0 0 0 0 0 0 0 0 0 0 0 
0 0 0 0 0 0 0 0 0 0 0 0 0 0 0 0 0 0 0 0 0 0 
0 0 0 0 0 0 0 0 0 0 0 0 0 0 0 0 0 0 0 0 0 0 
0 0 0 0 0 0 0 0 0 0 0 0 0 0 0 0 0 0 0 0 0 0 
1005 1001 995 973 919 874 792 713 632 527 459 369 298 244 200 166 124 91 69 48 26 19 
952 906 823 701 503 343 209 136 78 40 17 2 4 1 2 1 0 0 0 0 0 0 
851 707 527 284 100 28 8 2 0 0 0 0 0 0 0 0 0 0 0 0 0 0 
709 519 269 87 19 3 0 0 0 0 0 0 0 0 0 0 0 0 0 0 0 0 
574 321 107 14 0 0 0 0 0 0 0 0 0 0 0 0 0 0 0 0 0 0 
452 184 44 5 0 0 0 0 0 0 0 0 0 0 0 0 0 0 0 0 0 0 
320 83 16 1 0 0 0 0 0 0 0 0 0 0 0 0 0 0 0 0 0 0 
217 37 7 0 0 0 0 0 0 0 0 0 0 0 0 0 0 0 0 0 0 0 
157 17 0 0 0 0 0 0 0 0 0 0 0 0 0 0 0 0 0 0 0 0 
77 5 0 0 0 0 0 0 0 0 0 0 0 0 0 0 0 0 0 0 0 0 
47 1 0 0 0 0 0 0 0 0 0 0 0 0 0 0 0 0 0 0 0 0 
19 0 0 0 0 0 0 0 0 0 0 0 0 0 0 0 0 0 0 0 0 0 
14 0 0 0 0 0 0 0 0 0 0 0 0 0 0 0 0 0 0 0 0 0 
9 0 0 0 0 0 0 0 0 0 0 0 0 0 0 0 0 0 0 0 0 0 
4 0 0 0 0 0 0 0 0 0 0 0 0 0 0 0 0 0 0 0 0 0 
3 0 0 0 0 0 0 0 0 0 0 0 0 0 0 0 0 0 0 0 0 0 
0 0 0 0 0 0 0 0 0 0 0 0 0 0 0 0 0 0 0 0 0 0 
0 0 0 0 0 0 0 0 0 0 0 0 0 0 0 0 0 0 0 0 0 0 
0 0 0 0 0 0 0 0 0 0 0 0 0 0 0 0 0 0 0 0 0 0 
0 0 0 0 0 0 0 0 0 0 0 0 0 0 0 0 0 0 0 0 0 0 
0 0 0 0 0 0 0 0 0 0 0 0 0 0 0 0 0 0 0 0 0 0 
0 0 0 0 0 0 0 0 0 0 0 0 0 0 0 0 0 0 0 0 0 0 
1005 1000 997 980 942 900 847 793 699 631 546 463 391 310 247 207 157 125 90 65 44 21 
931 844 727 569 390 266 178 104 38 21 8 3 0 1 0 0 0 0 0 0 0 0 
841 647 428 210 80 28 7 1 1 0 0 0 0 0 0 0 0 0 0 0 0 0 
732 486 224 57 6 2 0 0 0 0 0 0 0 0 0 0 0 0 0 0 0 0 
600 295 75 6 0 0 0 0 0 0 0 0 0 0 0 0 0 0 0 0 0 0 
466 151 19 0 0 0 0 0 0 0 0 0 0 0 0 0 0 0 0 0 0 0 
345 72 5 0 0 0 0 0 0 0 0 0 0 0 0 0 0 0 0 0 0 0 
255 39 0 0 0 0 0 0 0 0 0 0 0 0 0 0 0 0 0 0 0 0 
174 12 0 0 0 0 0 0 0 0 0 0 0 0 0 0 0 0 0 0 0 0 
116 6 0 0 0 0 0 0 0 0 0 0 0 0 0 0 0 0 0 0 0 0 
71 1 0 0 0 0 0 0 0 0 0 0 0 0 0 0 0 0 0 0 0 0 
44 0 0 0 0 0 0 0 0 0 0 0 0 0 0 0 0 0 0 0 0 0 
27 0 0 0 0 0 0 0 0 0 0 0 0 0 0 0 0 0 0 0 0 0 
18 0 0 0 0 0 0 0 0 0 0 0 0 0 0 0 0 0 0 0 0 0 
11 0 0 0 0 0 0 0 0 0 0 0 0 0 0 0 0 0 0 0 0 0 
6 0 0 0 0 0 0 0 0 0 0 0 0 0 0 0 0 0 0 0 0 0 
5 0 0 0 0 0 0 0 0 0 0 0 0 0 0 0 0 0 0 0 0 0 
1 0 0 0 0 0 0 0 0 0 0 0 0 0 0 0 0 0 0 0 0 0 
0 0 0 0 0 0 0 0 0 0 0 0 0 0 0 0 0 0 0 0 0 0 
0 0 0 0 0 0 0 0 0 0 0 0 0 0 0 0 0 0 0 0 0 0 
0 0 0 0 0 0 0 0 0 0 0 0 0 0 0 0 0 0 0 0 0 0 
0 0 0 0 0 0 0 0 0 0 0 0 0 0 0 0 0 0 0 0 0 0 
1005 1003 994 968 915 885 823 758 675 595 496 409 315 251 198 160 117 93 67 51 34 21 
941 902 845 714 540 413 251 169 85 49 26 10 2 0 0 1 1 0 0 0 0 0 
809 679 487 266 71 25 10 6 0 0 0 0 0 0 0 0 0 0 0 0 0 0 
709 515 274 84 5 0 0 0 0 0 0 0 0 0 0 0 0 0 0 0 0 0 
551 302 105 17 2 1 0 0 0 0 0 0 0 0 0 0 0 0 0 0 0 0 
405 165 32 5 0 0 0 0 0 0 0 0 0 0 0 0 0 0 0 0 0 0 
269 68 4 0 0 0 0 0 0 0 0 0 0 0 0 0 0 0 0 0 0 0 
179 33 3 1 0 0 0 0 0 0 0 0 0 0 0 0 0 0 0 0 0 0 
107 8 0 0 0 0 0 0 0 0 0 0 0 0 0 0 0 0 0 0 0 0 
57 4 0 0 0 0 0 0 0 0 0 0 0 0 0 0 0 0 0 0 0 0 
33 1 0 0 0 0 0 0 0 0 0 0 0 0 0 0 0 0 0 0 0 0 
19 1 0 0 0 0 0 0 0 0 0 0 0 0 0 0 0 0 0 0 0 0 
7 0 0 0 0 0 0 0 0 0 0 0 0 0 0 0 0 0 0 0 0 0 
6 0 0 0 0 0 0 0 0 0 0 0 0 0 0 0 0 0 0 0 0 0 
1 0 0 0 0 0 0 0 0 0 0 0 0 0 0 0 0 0 0 0 0 0 
2 0 0 0 0 0 0 0 0 0 0 0 0 0 0 0 0 0 0 0 0 0 
0 0 0 0 0 0 0 0 0 0 0 0 0 0 0 0 0 0 0 0 0 0 
0 0 0 0 0 0 0 0 0 0 0 0 0 0 0 0 0 0 0 0 0 0 
0 0 0 0 0 0 0 0 0 0 0 0 0 0 0 0 0 0 0 0 0 0 
0 0 0 0 0 0 0 0 0 0 0 0 0 0 0 0 0 0 0 0 0 0 
0 0 0 0 0 0 0 0 0 0 0 0 0 0 0 0 0 0 0 0 0 0 
0 0 0 0 0 0 0 0 0 0 0 0 0 0 0 0 0 0 0 0 0 0 
1005 1000 999 978 950 907 853 801 708 650 554 479 406 327 269 225 184 144 104 86 68 37 
917 818 713 578 408 288 178 92 49 23 6 1 0 0 0 0 0 0 0 0 0 0 
809 642 440 209 84 23 2 0 0 0 0 0 0 0 0 0 0 0 0 0 0 0 
715 438 212 46 4 0 0 0 0 0 0 0 0 0 0 0 0 0 0 0 0 0 
575 284 82 8 1 0 0 0 0 0 0 0 0 0 0 0 0 0 0 0 0 0 
443 150 21 0 0 0 0 0 0 0 0 0 0 0 0 0 0 0 0 0 0 0 
355 81 8 0 0 0 0 0 0 0 0 0 0 0 0 0 0 0 0 0 0 0 
254 37 0 0 0 0 0 0 0 0 0 0 0 0 0 0 0 0 0 0 0 0 
160 11 0 0 0 0 0 0 0 0 0 0 0 0 0 0 0 0 0 0 0 0 
94 4 0 0 0 0 0 0 0 0 0 0 0 0 0 0 0 0 0 0 0 0 
62 0 0 0 0 0 0 0 0 0 0 0 0 0 0 0 0 0 0 0 0 0 
24 0 0 0 0 0 0 0 0 0 0 0 0 0 0 0 0 0 0 0 0 0 
13 0 0 0 0 0 0 0 0 0 0 0 0 0 0 0 0 0 0 0 0 0 
10 0 0 0 0 0 0 0 0 0 0 0 0 0 0 0 0 0 0 0 0 0 
3 0 0 0 0 0 0 0 0 0 0 0 0 0 0 0 0 0 0 0 0 0 
1 0 0 0 0 0 0 0 0 0 0 0 0 0 0 0 0 0 0 0 0 0 
0 0 0 0 0 0 0 0 0 0 0 0 0 0 0 0 0 0 0 0 0 0 
0 0 0 0 0 0 0 0 0 0 0 0 0 0 0 0 0 0 0 0 0 0 
0 0 0 0 0 0 0 0 0 0 0 0 0 0 0 0 0 0 0 0 0 0 
0 0 0 0 0 0 0 0 0 0 0 0 0 0 0 0 0 0 0 0 0 0 
0 0 0 0 0 0 0 0 0 0 0 0 0 0 0 0 0 0 0 0 0 0 
0 0 0 0 0 0 0 0 0 0 0 0 0 0 0 0 0 0 0 0 0 0 
1005 1004 996 973 930 901 840 792 725 657 575 512 454 382 324 272 214 182 147 116 83 60 
907 829 714 585 410 300 183 117 71 36 14 4 0 0 0 0 0 0 0 0 0 0 
766 582 392 184 66 19 6 1 0 0 0 0 0 0 0 0 0 0 0 0 0 0 
629 405 195 55 7 0 0 0 0 0 0 0 0 0 0 0 0 0 0 0 0 0 
515 252 89 18 0 0 0 0 0 0 0 0 0 0 0 0 0 0 0 0 0 0 
403 143 28 2 0 0 0 0 0 0 0 0 0 0 0 0 0 0 0 0 0 0 
289 76 6 0 0 0 0 0 0 0 0 0 0 0 0 0 0 0 0 0 0 0 
226 36 1 0 0 0 0 0 0 0 0 0 0 0 0 0 0 0 0 0 0 0 
161 14 0 0 0 0 0 0 0 0 0 0 0 0 0 0 0 0 0 0 0 0 
100 1 0 0 0 0 0 0 0 0 0 0 0 0 0 0 0 0 0 0 0 0 
58 1 0 0 0 0 0 0 0 0 0 0 0 0 0 0 0 0 0 0 0 0 
31 0 0 0 0 0 0 0 0 0 0 0 0 0 0 0 0 0 0 0 0 0 
20 0 0 0 0 0 0 0 0 0 0 0 0 0 0 0 0 0 0 0 0 0 
12 0 0 0 0 0 0 0 0 0 0 0 0 0 0 0 0 0 0 0 0 0 
5 0 0 0 0 0 0 0 0 0 0 0 0 0 0 0 0 0 0 0 0 0 
2 0 0 0 0 0 0 0 0 0 0 0 0 0 0 0 0 0 0 0 0 0 
0 0 0 0 0 0 0 0 0 0 0 0 0 0 0 0 0 0 0 0 0 0 
0 0 0 0 0 0 0 0 0 0 0 0 0 0 0 0 0 0 0 0 0 0 
0 0 0 0 0 0 0 0 0 0 0 0 0 0 0 0 0 0 0 0 0 0 
0 0 0 0 0 0 0 0 0 0 0 0 0 0 0 0 0 0 0 0 0 0 
0 0 0 0 0 0 0 0 0 0 0 0 0 0 0 0 0 0 0 0 0 0 
0 0 0 0 0 0 0 0 0 0 0 0 0 0 0 0 0 0 0 0 0 0 
1005 1003 1002 983 976 969 959 929 904 878 853 829 793 761 723 663 625 591 533 482 405 309 
660 373 261 166 123 83 52 27 21 5 2 2 0 1 0 0 0 0 0 0 0 0 
504 199 108 38 12 5 2 0 0 0 0 0 0 0 0 0 0 0 0 0 0 0 
438 121 46 5 1 0 0 0 0 0 0 0 0 0 0 0 0 0 0 0 0 0 
340 74 18 3 0 0 0 0 0 0 0 0 0 0 0 0 0 0 0 0 0 0 
283 44 5 0 0 0 0 0 0 0 0 0 0 0 0 0 0 0 0 0 0 0 
228 23 3 0 0 0 0 0 0 0 0 0 0 0 0 0 0 0 0 0 0 0 
178 13 0 0 0 0 0 0 0 0 0 0 0 0 0 0 0 0 0 0 0 0 
131 6 0 0 0 0 0 0 0 0 0 0 0 0 0 0 0 0 0 0 0 0 
104 0 0 0 0 0 0 0 0 0 0 0 0 0 0 0 0 0 0 0 0 0 
72 0 0 0 0 0 0 0 0 0 0 0 0 0 0 0 0 0 0 0 0 0 
56 0 0 0 0 0 0 0 0 0 0 0 0 0 0 0 0 0 0 0 0 0 
37 0 0 0 0 0 0 0 0 0 0 0 0 0 0 0 0 0 0 0 0 0 
22 0 0 0 0 0 0 0 0 0 0 0 0 0 0 0 0 0 0 0 0 0 
19 0 0 0 0 0 0 0 0 0 0 0 0 0 0 0 0 0 0 0 0 0 
9 0 0 0 0 0 0 0 0 0 0 0 0 0 0 0 0 0 0 0 0 0 
5 0 0 0 0 0 0 0 0 0 0 0 0 0 0 0 0 0 0 0 0 0 
5 0 0 0 0 0 0 0 0 0 0 0 0 0 0 0 0 0 0 0 0 0 
1 0 0 0 0 0 0 0 0 0 0 0 0 0 0 0 0 0 0 0 0 0 
1 0 0 0 0 0 0 0 0 0 0 0 0 0 0 0 0 0 0 0 0 0 
0 0 0 0 0 0 0 0 0 0 0 0 0 0 0 0 0 0 0 0 0 0 
0 0 0 0 0 0 0 0 0 0 0 0 0 0 0 0 0 0 0 0 0 0 
1005 1001 993 972 916 883 799 737 624 551 490 402 313 266 207 160 131 110 86 66 45 27 
936 896 836 764 566 452 279 180 87 50 24 12 7 3 0 1 0 1 0 0 0 0 
805 691 480 279 68 27 5 1 1 0 0 0 0 0 0 0 0 0 0 0 0 0 
658 492 255 97 6 4 0 1 0 0 0 0 0 0 0 0 0 0 0 0 0 0 
535 298 97 23 1 1 0 0 0 0 0 0 0 0 0 0 0 0 0 0 0 0 
393 165 33 4 0 0 0 0 0 0 0 0 0 0 0 0 0 0 0 0 0 0 
264 74 8 0 0 0 0 0 0 0 0 0 0 0 0 0 0 0 0 0 0 0 
175 32 1 0 0 0 0 0 0 0 0 0 0 0 0 0 0 0 0 0 0 0 
112 18 1 0 0 0 0 0 0 0 0 0 0 0 0 0 0 0 0 0 0 0 
57 4 0 0 0 0 0 0 0 0 0 0 0 0 0 0 0 0 0 0 0 0 
32 2 0 0 0 0 0 0 0 0 0 0 0 0 0 0 0 0 0 0 0 0 
19 1 1 1 0 0 0 0 0 0 0 0 0 0 0 0 0 0 0 0 0 0 
4 0 0 0 0 0 0 0 0 0 0 0 0 0 0 0 0 0 0 0 0 0 
2 0 0 0 0 0 0 0 0 0 0 0 0 0 0 0 0 0 0 0 0 0 
1 0 0 0 0 0 0 0 0 0 0 0 0 0 0 0 0 0 0 0 0 0 
2 1 0 0 0 0 0 0 0 0 0 0 0 0 0 0 0 0 0 0 0 0 
0 0 0 0 0 0 0 0 0 0 0 0 0 0 0 0 0 0 0 0 0 0 
0 0 0 0 0 0 0 0 0 0 0 0 0 0 0 0 0 0 0 0 0 0 
0 0 0 0 0 0 0 0 0 0 0 0 0 0 0 0 0 0 0 0 0 0 
0 0 0 0 0 0 0 0 0 0 0 0 0 0 0 0 0 0 0 0 0 0 
0 0 0 0 0 0 0 0 0 0 0 0 0 0 0 0 0 0 0 0 0 0 
0 0 0 0 0 0 0 0 0 0 0 0 0 0 0 0 0 0 0 0 0 0 
1005 1002 999 982 917 863 790 660 494 383 267 180 126 85 61 38 30 24 15 9 6 1 
967 925 864 742 560 365 236 109 52 26 6 2 1 0 0 0 0 0 0 0 0 0 
910 793 661 399 165 51 10 2 1 0 0 0 0 0 0 0 0 0 0 0 0 0 
840 662 436 125 28 4 0 0 0 0 0 0 0 0 0 0 0 0 0 0 0 0 
698 451 163 20 4 0 0 0 0 0 0 0 0 0 0 0 0 0 0 0 0 0 
561 236 59 5 0 0 0 0 0 0 0 0 0 0 0 0 0 0 0 0 0 0 
397 101 17 0 0 0 0 0 0 0 0 0 0 0 0 0 0 0 0 0 0 0 
226 33 1 0 0 0 0 0 0 0 0 0 0 0 0 0 0 0 0 0 0 0 
135 4 0 0 0 0 0 0 0 0 0 0 0 0 0 0 0 0 0 0 0 0 
66 1 0 0 0 0 0 0 0 0 0 0 0 0 0 0 0 0 0 0 0 0 
29 0 0 0 0 0 0 0 0 0 0 0 0 0 0 0 0 0 0 0 0 0 
14 0 0 0 0 0 0 0 0 0 0 0 0 0 0 0 0 0 0 0 0 0 
6 0 0 0 0 0 0 0 0 0 0 0 0 0 0 0 0 0 0 0 0 0 
1 0 0 0 0 0 0 0 0 0 0 0 0 0 0 0 0 0 0 0 0 0 
1 0 0 0 0 0 0 0 0 0 0 0 0 0 0 0 0 0 0 0 0 0 
1 0 0 0 0 0 0 0 0 0 0 0 0 0 0 0 0 0 0 0 0 0 
1 0 0 0 0 0 0 0 0 0 0 0 0 0 0 0 0 0 0 0 0 0 
0 0 0 0 0 0 0 0 0 0 0 0 0 0 0 0 0 0 0 0 0 0 
0 0 0 0 0 0 0 0 0 0 0 0 0 0 0 0 0 0 0 0 0 0 
0 0 0 0 0 0 0 0 0 0 0 0 0 0 0 0 0 0 0 0 0 0 
0 0 0 0 0 0 0 0 0 0 0 0 0 0 0 0 0 0 0 0 0 0 
0 0 0 0 0 0 0 0 0 0 0 0 0 0 0 0 0 0 0 0 0 0 
1005 1001 996 966 929 876 815 733 652 565 471 401 311 266 208 155 136 103 72 53 33 24 
940 893 817 689 512 367 225 145 83 50 15 5 2 2 1 0 0 1 0 0 0 0 
830 687 486 253 105 36 7 3 0 0 0 0 0 0 0 0 0 0 0 0 0 0 
713 491 255 84 9 2 0 0 0 0 0 0 0 0 0 0 0 0 0 0 0 0 
558 319 106 15 0 1 0 0 0 0 0 0 0 0 0 0 0 0 0 0 0 0 
419 191 37 3 0 0 0 0 0 0 0 0 0 0 0 0 0 0 0 0 0 0 
307 90 12 0 0 0 0 0 0 0 0 0 0 0 0 0 0 0 0 0 0 0 
206 41 3 0 0 0 0 0 0 0 0 0 0 0 0 0 0 0 0 0 0 0 
122 11 0 0 0 0 0 0 0 0 0 0 0 0 0 0 0 0 0 0 0 0 
86 6 0 0 0 0 0 0 0 0 0 0 0 0 0 0 0 0 0 0 0 0 
43 0 0 0 0 0 0 0 0 0 0 0 0 0 0 0 0 0 0 0 0 0 
31 1 0 0 0 0 0 0 0 0 0 0 0 0 0 0 0 0 0 0 0 0 
17 0 0 0 0 0 0 0 0 0 0 0 0 0 0 0 0 0 0 0 0 0 
6 0 0 0 0 0 0 0 0 0 0 0 0 0 0 0 0 0 0 0 0 0 
0 0 0 0 0 0 0 0 0 0 0 0 0 0 0 0 0 0 0 0 0 0 
0 0 0 0 0 0 0 0 0 0 0 0 0 0 0 0 0 0 0 0 0 0 
0 0 0 0 0 0 0 0 0 0 0 0 0 0 0 0 0 0 0 0 0 0 
0 0 0 0 0 0 0 0 0 0 0 0 0 0 0 0 0 0 0 0 0 0 
0 0 0 0 0 0 0 0 0 0 0 0 0 0 0 0 0 0 0 0 0 0 
0 0 0 0 0 0 0 0 0 0 0 0 0 0 0 0 0 0 0 0 0 0 
0 0 0 0 0 0 0 0 0 0 0 0 0 0 0 0 0 0 0 0 0 0 
0 0 0 0 0 0 0 0 0 0 0 0 0 0 0 0 0 0 0 0 0 0 
1005 1004 995 974 948 905 854 814 744 674 596 546 488 430 376 318 273 234 188 155 118 81 
883 783 662 507 365 239 161 85 40 21 4 0 0 0 0 0 0 0 0 0 0 0 
746 556 380 178 55 25 3 0 0 0 0 0 0 0 0 0 0 0 0 0 0 0 
643 385 187 37 7 0 0 0 0 0 0 0 0 0 0 0 0 0 0 0 0 0 
522 232 72 5 0 0 0 0 0 0 0 0 0 0 0 0 0 0 0 0 0 0 
414 125 21 0 0 0 0 0 0 0 0 0 0 0 0 0 0 0 0 0 0 0 
315 59 3 0 0 0 0 0 0 0 0 0 0 0 0 0 0 0 0 0 0 0 
215 20 0 0 0 0 0 0 0 0 0 0 0 0 0 0 0 0 0 0 0 0 
150 10 0 0 0 0 0 0 0 0 0 0 0 0 0 0 0 0 0 0 0 0 
115 3 0 0 0 0 0 0 0 0 0 0 0 0 0 0 0 0 0 0 0 0 
63 1 0 0 0 0 0 0 0 0 0 0 0 0 0 0 0 0 0 0 0 0 
39 0 0 0 0 0 0 0 0 0 0 0 0 0 0 0 0 0 0 0 0 0 
26 0 0 0 0 0 0 0 0 0 0 0 0 0 0 0 0 0 0 0 0 0 
15 0 0 0 0 0 0 0 0 0 0 0 0 0 0 0 0 0 0 0 0 0 
8 0 0 0 0 0 0 0 0 0 0 0 0 0 0 0 0 0 0 0 0 0 
5 0 0 0 0 0 0 0 0 0 0 0 0 0 0 0 0 0 0 0 0 0 
0 0 0 0 0 0 0 0 0 0 0 0 0 0 0 0 0 0 0 0 0 0 
0 0 0 0 0 0 0 0 0 0 0 0 0 0 0 0 0 0 0 0 0 0 
0 0 0 0 0 0 0 0 0 0 0 0 0 0 0 0 0 0 0 0 0 0 
0 0 0 0 0 0 0 0 0 0 0 0 0 0 0 0 0 0 0 0 0 0 
0 0 0 0 0 0 0 0 0 0 0 0 0 0 0 0 0 0 0 0 0 0 
0 0 0 0 0 0 0 0 0 0 0 0 0 0 0 0 0 0 0 0 0 0 
1005 1004 999 970 945 888 826 756 703 615 551 478 397 336 262 215 189 161 127 100 72 46 
930 866 798 664 498 361 225 160 97 51 13 11 4 2 0 0 0 0 0 0 0 0 
764 624 457 224 62 23 2 0 0 0 0 0 0 0 0 0 0 0 0 0 0 0 
629 439 219 59 7 1 0 0 0 0 0 0 0 0 0 0 0 0 0 0 0 0 
493 262 94 8 0 0 0 0 0 0 0 0 0 0 0 0 0 0 0 0 0 0 
364 144 31 1 0 0 0 0 0 0 0 0 0 0 0 0 0 0 0 0 0 0 
266 74 11 2 0 0 0 0 0 0 0 0 0 0 0 0 0 0 0 0 0 0 
188 29 3 0 0 0 0 0 0 0 0 0 0 0 0 0 0 0 0 0 0 0 
123 11 0 0 0 0 0 0 0 0 0 0 0 0 0 0 0 0 0 0 0 0 
72 2 0 0 0 0 0 0 0 0 0 0 0 0 0 0 0 0 0 0 0 0 
45 0 0 0 0 0 0 0 0 0 0 0 0 0 0 0 0 0 0 0 0 0 
29 0 0 0 0 0 0 0 0 0 0 0 0 0 0 0 0 0 0 0 0 0 
15 0 0 0 0 0 0 0 0 0 0 0 0 0 0 0 0 0 0 0 0 0 
6 0 0 0 0 0 0 0 0 0 0 0 0 0 0 0 0 0 0 0 0 0 
2 0 0 0 0 0 0 0 0 0 0 0 0 0 0 0 0 0 0 0 0 0 
0 0 0 0 0 0 0 0 0 0 0 0 0 0 0 0 0 0 0 0 0 0 
0 0 0 0 0 0 0 0 0 0 0 0 0 0 0 0 0 0 0 0 0 0 
0 0 0 0 0 0 0 0 0 0 0 0 0 0 0 0 0 0 0 0 0 0 
0 0 0 0 0 0 0 0 0 0 0 0 0 0 0 0 0 0 0 0 0 0 
0 0 0 0 0 0 0 0 0 0 0 0 0 0 0 0 0 0 0 0 0 0 
0 0 0 0 0 0 0 0 0 0 0 0 0 0 0 0 0 0 0 0 0 0 
0 0 0 0 0 0 0 0 0 0 0 0 0 0 0 0 0 0 0 0 0 0 
1005 1002 1001 988 963 921 916 858 816 774 725 668 625 568 525 474 432 375 332 287 233 165 
789 603 510 361 256 152 112 69 45 18 8 4 0 0 0 0 0 0 0 0 0 0 
660 402 243 92 31 10 0 1 0 0 0 0 0 0 0 0 0 0 0 0 0 0 
547 284 110 32 6 1 0 0 0 0 0 0 0 0 0 0 0 0 0 0 0 0 
439 154 46 4 2 0 0 0 0 0 0 0 0 0 0 0 0 0 0 0 0 0 
351 80 19 2 0 0 0 0 0 0 0 0 0 0 0 0 0 0 0 0 0 0 
279 37 3 0 0 0 0 0 0 0 0 0 0 0 0 0 0 0 0 0 0 0 
203 17 1 0 0 0 0 0 0 0 0 0 0 0 0 0 0 0 0 0 0 0 
150 6 0 0 0 0 0 0 0 0 0 0 0 0 0 0 0 0 0 0 0 0 
107 0 0 0 0 0 0 0 0 0 0 0 0 0 0 0 0 0 0 0 0 0 
67 0 0 0 0 0 0 0 0 0 0 0 0 0 0 0 0 0 0 0 0 0 
51 0 0 0 0 0 0 0 0 0 0 0 0 0 0 0 0 0 0 0 0 0 
32 0 0 0 0 0 0 0 0 0 0 0 0 0 0 0 0 0 0 0 0 0 
25 0 0 0 0 0 0 0 0 0 0 0 0 0 0 0 0 0 0 0 0 0 
17 0 0 0 0 0 0 0 0 0 0 0 0 0 0 0 0 0 0 0 0 0 
10 0 0 0 0 0 0 0 0 0 0 0 0 0 0 0 0 0 0 0 0 0 
6 0 0 0 0 0 0 0 0 0 0 0 0 0 0 0 0 0 0 0 0 0 
2 0 0 0 0 0 0 0 0 0 0 0 0 0 0 0 0 0 0 0 0 0 
1 0 0 0 0 0 0 0 0 0 0 0 0 0 0 0 0 0 0 0 0 0 
0 0 0 0 0 0 0 0 0 0 0 0 0 0 0 0 0 0 0 0 0 0 
0 0 0 0 0 0 0 0 0 0 0 0 0 0 0 0 0 0 0 0 0 0 
0 0 0 0 0 0 0 0 0 0 0 0 0 0 0 0 0 0 0 0 0 0 
1005 1004 997 991 971 957 924 895 854 820 781 745 685 646 610 550 506 457 401 342 266 174 
784 551 397 281 193 111 81 52 31 10 5 2 0 0 0 0 0 0 0 0 0 0 
613 304 150 50 17 5 1 2 1 0 0 0 0 0 0 0 0 0 0 0 0 0 
533 205 66 10 2 0 0 0 0 0 0 0 0 0 0 0 0 0 0 0 0 0 
436 115 27 2 0 0 0 0 0 0 0 0 0 0 0 0 0 0 0 0 0 0 
333 61 11 0 0 0 0 0 0 0 0 0 0 0 0 0 0 0 0 0 0 0 
271 41 0 0 0 0 0 0 0 0 0 0 0 0 0 0 0 0 0 0 0 0 
210 21 0 0 0 0 0 0 0 0 0 0 0 0 0 0 0 0 0 0 0 0 
161 5 0 0 0 0 0 0 0 0 0 0 0 0 0 0 0 0 0 0 0 0 
124 0 0 0 0 0 0 0 0 0 0 0 0 0 0 0 0 0 0 0 0 0 
88 0 0 0 0 0 0 0 0 0 0 0 0 0 0 0 0 0 0 0 0 0 
56 0 0 0 0 0 0 0 0 0 0 0 0 0 0 0 0 0 0 0 0 0 
39 0 0 0 0 0 0 0 0 0 0 0 0 0 0 0 0 0 0 0 0 0 
32 0 0 0 0 0 0 0 0 0 0 0 0 0 0 0 0 0 0 0 0 0 
16 0 0 0 0 0 0 0 0 0 0 0 0 0 0 0 0 0 0 0 0 0 
12 0 0 0 0 0 0 0 0 0 0 0 0 0 0 0 0 0 0 0 0 0 
8 0 0 0 0 0 0 0 0 0 0 0 0 0 0 0 0 0 0 0 0 0 
2 0 0 0 0 0 0 0 0 0 0 0 0 0 0 0 0 0 0 0 0 0 
1 0 0 0 0 0 0 0 0 0 0 0 0 0 0 0 0 0 0 0 0 0 
0 0 0 0 0 0 0 0 0 0 0 0 0 0 0 0 0 0 0 0 0 0 
0 0 0 0 0 0 0 0 0 0 0 0 0 0 0 0 0 0 0 0 0 0 
0 0 0 0 0 0 0 0 0 0 0 0 0 0 0 0 0 0 0 0 0 0 
1005 1000 1005 1000 993 990 981 980 951 949 944 934 896 893 874 848 809 761 702 659 580 474 
530 27 8 3 2 2 0 1 1 1 0 0 0 0 0 0 0 0 0 0 0 0 
407 11 0 0 0 0 0 0 0 0 0 0 0 0 0 0 0 0 0 0 0 0 
342 3 0 0 0 0 0 0 0 0 0 0 0 0 0 0 0 0 0 0 0 0 
282 2 0 0 0 0 0 0 0 0 0 0 0 0 0 0 0 0 0 0 0 0 
247 0 0 0 0 0 0 0 0 0 0 0 0 0 0 0 0 0 0 0 0 0 
208 0 0 0 0 0 0 0 0 0 0 0 0 0 0 0 0 0 0 0 0 0 
176 0 0 0 0 0 0 0 0 0 0 0 0 0 0 0 0 0 0 0 0 0 
144 0 0 0 0 0 0 0 0 0 0 0 0 0 0 0 0 0 0 0 0 0 
113 0 0 0 0 0 0 0 0 0 0 0 0 0 0 0 0 0 0 0 0 0 
91 0 0 0 0 0 0 0 0 0 0 0 0 0 0 0 0 0 0 0 0 0 
83 0 0 0 0 0 0 0 0 0 0 0 0 0 0 0 0 0 0 0 0 0 
66 0 0 0 0 0 0 0 0 0 0 0 0 0 0 0 0 0 0 0 0 0 
44 0 0 0 0 0 0 0 0 0 0 0 0 0 0 0 0 0 0 0 0 0 
34 0 0 0 0 0 0 0 0 0 0 0 0 0 0 0 0 0 0 0 0 0 
20 0 0 0 0 0 0 0 0 0 0 0 0 0 0 0 0 0 0 0 0 0 
17 0 0 0 0 0 0 0 0 0 0 0 0 0 0 0 0 0 0 0 0 0 
9 0 0 0 0 0 0 0 0 0 0 0 0 0 0 0 0 0 0 0 0 0 
5 0 0 0 0 0 0 0 0 0 0 0 0 0 0 0 0 0 0 0 0 0 
1 0 0 0 0 0 0 0 0 0 0 0 0 0 0 0 0 0 0 0 0 0 
2 0 0 0 0 0 0 0 0 0 0 0 0 0 0 0 0 0 0 0 0 0 
0 0 0 0 0 0 0 0 0 0 0 0 0 0 0 0 0 0 0 0 0 0 
1005 1003 995 973 935 885 837 788 739 666 604 537 474 415 353 295 243 197 160 129 98 73 
885 809 707 586 410 301 197 120 58 34 16 8 1 0 1 0 0 0 0 0 0 0 
748 574 336 173 47 14 0 0 1 0 0 0 0 0 0 0 0 0 0 0 0 0 
633 386 184 48 6 3 0 0 1 0 0 0 0 0 0 0 0 0 0 0 0 0 
512 240 67 9 1 1 0 0 0 0 0 0 0 0 0 0 0 0 0 0 0 0 
399 147 24 2 0 1 0 0 0 0 0 0 0 0 0 0 0 0 0 0 0 0 
296 65 5 0 0 0 0 0 0 0 0 0 0 0 0 0 0 0 0 0 0 0 
220 21 1 0 0 0 0 0 0 0 0 0 0 0 0 0 0 0 0 0 0 0 
143 12 1 0 0 0 0 0 0 0 0 0 0 0 0 0 0 0 0 0 0 0 
91 3 0 0 0 0 0 0 0 0 0 0 0 0 0 0 0 0 0 0 0 0 
58 1 0 0 0 0 0 0 0 0 0 0 0 0 0 0 0 0 0 0 0 0 
40 0 0 0 0 0 0 0 0 0 0 0 0 0 0 0 0 0 0 0 0 0 
24 0 0 0 0 0 0 0 0 0 0 0 0 0 0 0 0 0 0 0 0 0 
16 0 0 0 0 0 0 0 0 0 0 0 0 0 0 0 0 0 0 0 0 0 
9 0 0 0 0 0 0 0 0 0 0 0 0 0 0 0 0 0 0 0 0 0 
5 0 0 0 0 0 0 0 0 0 0 0 0 0 0 0 0 0 0 0 0 0 
4 0 0 0 0 0 0 0 0 0 0 0 0 0 0 0 0 0 0 0 0 0 
1 0 0 0 0 0 0 0 0 0 0 0 0 0 0 0 0 0 0 0 0 0 
0 0 0 0 0 0 0 0 0 0 0 0 0 0 0 0 0 0 0 0 0 0 
0 0 0 0 0 0 0 0 0 0 0 0 0 0 0 0 0 0 0 0 0 0 
0 0 0 0 0 0 0 0 0 0 0 0 0 0 0 0 0 0 0 0 0 0 
0 0 0 0 0 0 0 0 0 0 0 0 0 0 0 0 0 0 0 0 0 0 
1005 1003 1002 994 979 975 954 929 926 898 862 838 775 755 714 666 618 570 495 433 343 245 
713 348 225 156 93 60 39 21 16 9 2 0 0 0 0 0 0 0 0 0 0 0 
569 174 80 26 13 4 0 0 0 0 0 0 0 0 0 0 0 0 0 0 0 0 
478 114 35 1 3 1 0 0 0 0 0 0 0 0 0 0 0 0 0 0 0 0 
382 63 15 1 0 0 0 0 0 0 0 0 0 0 0 0 0 0 0 0 0 0 
317 25 2 0 0 0 0 0 0 0 0 0 0 0 0 0 0 0 0 0 0 0 
271 17 0 0 0 0 0 0 0 0 0 0 0 0 0 0 0 0 0 0 0 0 
203 6 0 0 0 0 0 0 0 0 0 0 0 0 0 0 0 0 0 0 0 0 
173 2 0 0 0 0 0 0 0 0 0 0 0 0 0 0 0 0 0 0 0 0 
139 1 0 0 0 0 0 0 0 0 0 0 0 0 0 0 0 0 0 0 0 0 
105 0 0 0 0 0 0 0 0 0 0 0 0 0 0 0 0 0 0 0 0 0 
81 0 0 0 0 0 0 0 0 0 0 0 0 0 0 0 0 0 0 0 0 0 
56 0 0 0 0 0 0 0 0 0 0 0 0 0 0 0 0 0 0 0 0 0 
33 0 0 0 0 0 0 0 0 0 0 0 0 0 0 0 0 0 0 0 0 0 
20 0 0 0 0 0 0 0 0 0 0 0 0 0 0 0 0 0 0 0 0 0 
18 0 0 0 0 0 0 0 0 0 0 0 0 0 0 0 0 0 0 0 0 0 
14 0 0 0 0 0 0 0 0 0 0 0 0 0 0 0 0 0 0 0 0 0 
5 0 0 0 0 0 0 0 0 0 0 0 0 0 0 0 0 0 0 0 0 0 
2 0 0 0 0 0 0 0 0 0 0 0 0 0 0 0 0 0 0 0 0 0 
0 0 0 0 0 0 0 0 0 0 0 0 0 0 0 0 0 0 0 0 0 0 
0 0 0 0 0 0 0 0 0 0 0 0 0 0 0 0 0 0 0 0 0 0 
0 0 0 0 0 0 0 0 0 0 0 0 0 0 0 0 0 0 0 0 0 0 
1005 1003 1000 998 985 974 949 947 918 908 881 862 817 778 738 675 626 568 493 406 344 227 
746 286 137 77 50 32 18 12 6 1 1 0 0 0 0 0 0 0 0 0 0 0 
620 133 33 11 3 1 0 0 0 0 0 0 0 0 0 0 0 0 0 0 0 0 
528 71 9 1 0 0 0 0 0 0 0 0 0 0 0 0 0 0 0 0 0 0 
428 24 4 0 0 0 0 0 0 0 0 0 0 0 0 0 0 0 0 0 0 0 
376 16 0 0 0 0 0 0 0 0 0 0 0 0 0 0 0 0 0 0 0 0 
317 8 0 0 0 0 0 0 0 0 0 0 0 0 0 0 0 0 0 0 0 0 
246 7 0 0 0 0 0 0 0 0 0 0 0 0 0 0 0 0 0 0 0 0 
187 1 0 0 0 0 0 0 0 0 0 0 0 0 0 0 0 0 0 0 0 0 
159 1 0 0 0 0 0 0 0 0 0 0 0 0 0 0 0 0 0 0 0 0 
124 1 0 0 0 0 0 0 0 0 0 0 0 0 0 0 0 0 0 0 0 0 
99 0 0 0 0 0 0 0 0 0 0 0 0 0 0 0 0 0 0 0 0 0 
78 0 0 0 0 0 0 0 0 0 0 0 0 0 0 0 0 0 0 0 0 0 
55 0 0 0 0 0 0 0 0 0 0 0 0 0 0 0 0 0 0 0 0 0 
44 0 0 0 0 0 0 0 0 0 0 0 0 0 0 0 0 0 0 0 0 0 
21 0 0 0 0 0 0 0 0 0 0 0 0 0 0 0 0 0 0 0 0 0 
16 0 0 0 0 0 0 0 0 0 0 0 0 0 0 0 0 0 0 0 0 0 
11 0 0 0 0 0 0 0 0 0 0 0 0 0 0 0 0 0 0 0 0 0 
4 0 0 0 0 0 0 0 0 0 0 0 0 0 0 0 0 0 0 0 0 0 
3 0 0 0 0 0 0 0 0 0 0 0 0 0 0 0 0 0 0 0 0 0 
2 0 0 0 0 0 0 0 0 0 0 0 0 0 0 0 0 0 0 0 0 0 
0 0 0 0 0 0 0 0 0 0 0 0 0 0 0 0 0 0 0 0 0 0 
1005 1005 1003 999 996 987 981 974 961 947 939 918 903 881 850 827 781 745 698 631 525 397 
615 1 0 0 0 0 0 0 0 0 0 0 0 0 0 0 0 0 0 0 0 0 
461 1 0 0 0 0 0 0 0 0 0 0 0 0 0 0 0 0 0 0 0 0 
382 0 0 0 0 0 0 0 0 0 0 0 0 0 0 0 0 0 0 0 0 0 
332 0 0 0 0 0 0 0 0 0 0 0 0 0 0 0 0 0 0 0 0 0 
272 0 0 0 0 0 0 0 0 0 0 0 0 0 0 0 0 0 0 0 0 0 
229 0 0 0 0 0 0 0 0 0 0 0 0 0 0 0 0 0 0 0 0 0 
188 0 0 0 0 0 0 0 0 0 0 0 0 0 0 0 0 0 0 0 0 0 
161 0 0 0 0 0 0 0 0 0 0 0 0 0 0 0 0 0 0 0 0 0 
136 0 0 0 0 0 0 0 0 0 0 0 0 0 0 0 0 0 0 0 0 0 
112 0 0 0 0 0 0 0 0 0 0 0 0 0 0 0 0 0 0 0 0 0 
95 0 0 0 0 0 0 0 0 0 0 0 0 0 0 0 0 0 0 0 0 0 
60 0 0 0 0 0 0 0 0 0 0 0 0 0 0 0 0 0 0 0 0 0 
38 0 0 0 0 0 0 0 0 0 0 0 0 0 0 0 0 0 0 0 0 0 
33 0 0 0 0 0 0 0 0 0 0 0 0 0 0 0 0 0 0 0 0 0 
22 0 0 0 0 0 0 0 0 0 0 0 0 0 0 0 0 0 0 0 0 0 
10 0 0 0 0 0 0 0 0 0 0 0 0 0 0 0 0 0 0 0 0 0 
7 0 0 0 0 0 0 0 0 0 0 0 0 0 0 0 0 0 0 0 0 0 
2 0 0 0 0 0 0 0 0 0 0 0 0 0 0 0 0 0 0 0 0 0 
0 0 0 0 0 0 0 0 0 0 0 0 0 0 0 0 0 0 0 0 0 0 
0 0 0 0 0 0 0 0 0 0 0 0 0 0 0 0 0 0 0 0 0 0 
0 0 0 0 0 0 0 0 0 0 0 0 0 0 0 0 0 0 0 0 0 0 
1005 1001 1001 986 986 984 970 958 940 914 902 856 829 808 768 711 640 570 500 413 319 206 
772 186 87 42 29 11 6 2 1 0 0 0 0 0 0 0 0 0 0 0 0 0 
627 69 13 1 0 0 0 0 0 0 0 0 0 0 0 0 0 0 0 0 0 0 
554 34 4 0 0 0 0 0 0 0 0 0 0 0 0 0 0 0 0 0 0 0 
468 18 1 0 0 0 0 0 0 0 0 0 0 0 0 0 0 0 0 0 0 0 
393 9 0 0 0 0 0 0 0 0 0 0 0 0 0 0 0 0 0 0 0 0 
333 4 0 0 0 0 0 0 0 0 0 0 0 0 0 0 0 0 0 0 0 0 
278 2 0 0 0 0 0 0 0 0 0 0 0 0 0 0 0 0 0 0 0 0 
230 2 0 0 0 0 0 0 0 0 0 0 0 0 0 0 0 0 0 0 0 0 
181 0 0 0 0 0 0 0 0 0 0 0 0 0 0 0 0 0 0 0 0 0 
140 0 0 0 0 0 0 0 0 0 0 0 0 0 0 0 0 0 0 0 0 0 
113 0 0 0 0 0 0 0 0 0 0 0 0 0 0 0 0 0 0 0 0 0 
87 0 0 0 0 0 0 0 0 0 0 0 0 0 0 0 0 0 0 0 0 0 
55 0 0 0 0 0 0 0 0 0 0 0 0 0 0 0 0 0 0 0 0 0 
38 0 0 0 0 0 0 0 0 0 0 0 0 0 0 0 0 0 0 0 0 0 
27 0 0 0 0 0 0 0 0 0 0 0 0 0 0 0 0 0 0 0 0 0 
12 0 0 0 0 0 0 0 0 0 0 0 0 0 0 0 0 0 0 0 0 0 
7 0 0 0 0 0 0 0 0 0 0 0 0 0 0 0 0 0 0 0 0 0 
5 0 0 0 0 0 0 0 0 0 0 0 0 0 0 0 0 0 0 0 0 0 
2 0 0 0 0 0 0 0 0 0 0 0 0 0 0 0 0 0 0 0 0 0 
0 0 0 0 0 0 0 0 0 0 0 0 0 0 0 0 0 0 0 0 0 0 
0 0 0 0 0 0 0 0 0 0 0 0 0 0 0 0 0 0 0 0 0 0 
1005 1003 999 1002 989 978 978 955 956 936 923 916 897 865 840 813 774 734 689 615 512 368 
633 0 0 0 0 0 0 0 0 0 0 0 0 0 0 0 0 0 0 0 0 0 
492 0 0 0 0 0 0 0 0 0 0 0 0 0 0 0 0 0 0 0 0 0 
406 0 0 0 0 0 0 0 0 0 0 0 0 0 0 0 0 0 0 0 0 0 
317 0 0 0 0 0 0 0 0 0 0 0 0 0 0 0 0 0 0 0 0 0 
281 0 0 0 0 0 0 0 0 0 0 0 0 0 0 0 0 0 0 0 0 0 
229 0 0 0 0 0 0 0 0 0 0 0 0 0 0 0 0 0 0 0 0 0 
211 0 0 0 0 0 0 0 0 0 0 0 0 0 0 0 0 0 0 0 0 0 
180 0 0 0 0 0 0 0 0 0 0 0 0 0 0 0 0 0 0 0 0 0 
145 0 0 0 0 0 0 0 0 0 0 0 0 0 0 0 0 0 0 0 0 0 
117 0 0 0 0 0 0 0 0 0 0 0 0 0 0 0 0 0 0 0 0 0 
94 0 0 0 0 0 0 0 0 0 0 0 0 0 0 0 0 0 0 0 0 0 
74 0 0 0 0 0 0 0 0 0 0 0 0 0 0 0 0 0 0 0 0 0 
63 0 0 0 0 0 0 0 0 0 0 0 0 0 0 0 0 0 0 0 0 0 
43 0 0 0 0 0 0 0 0 0 0 0 0 0 0 0 0 0 0 0 0 0 
29 0 0 0 0 0 0 0 0 0 0 0 0 0 0 0 0 0 0 0 0 0 
24 0 0 0 0 0 0 0 0 0 0 0 0 0 0 0 0 0 0 0 0 0 
15 0 0 0 0 0 0 0 0 0 0 0 0 0 0 0 0 0 0 0 0 0 
7 0 0 0 0 0 0 0 0 0 0 0 0 0 0 0 0 0 0 0 0 0 
3 0 0 0 0 0 0 0 0 0 0 0 0 0 0 0 0 0 0 0 0 0 
0 0 0 0 0 0 0 0 0 0 0 0 0 0 0 0 0 0 0 0 0 0 
0 0 0 0 0 0 0 0 0 0 0 0 0 0 0 0 0 0 0 0 0 0 
1005 1003 1004 995 995 987 973 960 956 947 925 899 881 855 834 806 765 719 666 584 490 352 
627 0 0 0 0 0 0 0 0 0 0 0 0 0 0 0 0 0 0 0 0 0 
505 0 0 0 0 0 0 0 0 0 0 0 0 0 0 0 0 0 0 0 0 0 
429 0 0 0 0 0 0 0 0 0 0 0 0 0 0 0 0 0 0 0 0 0 
350 0 0 0 0 0 0 0 0 0 0 0 0 0 0 0 0 0 0 0 0 0 
326 0 0 0 0 0 0 0 0 0 0 0 0 0 0 0 0 0 0 0 0 0 
260 0 0 0 0 0 0 0 0 0 0 0 0 0 0 0 0 0 0 0 0 0 
218 0 0 0 0 0 0 0 0 0 0 0 0 0 0 0 0 0 0 0 0 0 
182 0 0 0 0 0 0 0 0 0 0 0 0 0 0 0 0 0 0 0 0 0 
150 0 0 0 0 0 0 0 0 0 0 0 0 0 0 0 0 0 0 0 0 0 
117 0 0 0 0 0 0 0 0 0 0 0 0 0 0 0 0 0 0 0 0 0 
100 0 0 0 0 0 0 0 0 0 0 0 0 0 0 0 0 0 0 0 0 0 
79 0 0 0 0 0 0 0 0 0 0 0 0 0 0 0 0 0 0 0 0 0 
63 0 0 0 0 0 0 0 0 0 0 0 0 0 0 0 0 0 0 0 0 0 
46 0 0 0 0 0 0 0 0 0 0 0 0 0 0 0 0 0 0 0 0 0 
27 0 0 0 0 0 0 0 0 0 0 0 0 0 0 0 0 0 0 0 0 0 
15 0 0 0 0 0 0 0 0 0 0 0 0 0 0 0 0 0 0 0 0 0 
10 0 0 0 0 0 0 0 0 0 0 0 0 0 0 0 0 0 0 0 0 0 
4 0 0 0 0 0 0 0 0 0 0 0 0 0 0 0 0 0 0 0 0 0 
1 0 0 0 0 0 0 0 0 0 0 0 0 0 0 0 0 0 0 0 0 0 
0 0 0 0 0 0 0 0 0 0 0 0 0 0 0 0 0 0 0 0 0 0 
0 0 0 0 0 0 0 0 0 0 0 0 0 0 0 0 0 0 0 0 0 0 
1005 1005 1001 997 996 993 984 975 976 961 957 941 921 903 876 849 827 796 756 717 646 520 
467 0 0 0 0 0 0 0 0 0 0 0 0 0 0 0 0 0 0 0 0 0 
368 0 0 0 0 0 0 0 0 0 0 0 0 0 0 0 0 0 0 0 0 0 
295 0 0 0 0 0 0 0 0 0 0 0 0 0 0 0 0 0 0 0 0 0 
257 0 0 0 0 0 0 0 0 0 0 0 0 0 0 0 0 0 0 0 0 0 
205 0 0 0 0 0 0 0 0 0 0 0 0 0 0 0 0 0 0 0 0 0 
183 0 0 0 0 0 0 0 0 0 0 0 0 0 0 0 0 0 0 0 0 0 
160 0 0 0 0 0 0 0 0 0 0 0 0 0 0 0 0 0 0 0 0 0 
136 0 0 0 0 0 0 0 0 0 0 0 0 0 0 0 0 0 0 0 0 0 
112 0 0 0 0 0 0 0 0 0 0 0 0 0 0 0 0 0 0 0 0 0 
94 0 0 0 0 0 0 0 0 0 0 0 0 0 0 0 0 0 0 0 0 0 
67 0 0 0 0 0 0 0 0 0 0 0 0 0 0 0 0 0 0 0 0 0 
48 0 0 0 0 0 0 0 0 0 0 0 0 0 0 0 0 0 0 0 0 0 
43 0 0 0 0 0 0 0 0 0 0 0 0 0 0 0 0 0 0 0 0 0 
26 0 0 0 0 0 0 0 0 0 0 0 0 0 0 0 0 0 0 0 0 0 
21 0 0 0 0 0 0 0 0 0 0 0 0 0 0 0 0 0 0 0 0 0 
14 0 0 0 0 0 0 0 0 0 0 0 0 0 0 0 0 0 0 0 0 0 
5 0 0 0 0 0 0 0 0 0 0 0 0 0 0 0 0 0 0 0 0 0 
3 0 0 0 0 0 0 0 0 0 0 0 0 0 0 0 0 0 0 0 0 0 
3 0 0 0 0 0 0 0 0 0 0 0 0 0 0 0 0 0 0 0 0 0 
1 0 0 0 0 0 0 0 0 0 0 0 0 0 0 0 0 0 0 0 0 0 
0 0 0 0 0 0 0 0 0 0 0 0 0 0 0 0 0 0 0 0 0 0 
