160000 159529 158807 155072 149008 140296 128917 115088 99865 84584 70298 57529 46342 36622 28217 20906 14400 9060 
144163 125099 102722 72250 45402 25884 13218 5502 1845 418 61 8 1 0 0 0 0 0 
124316 83731 46627 15357 3304 452 27 4 0 0 0 0 0 0 0 0 0 0 
102035 50209 17356 2077 79 2 0 0 0 0 0 0 0 0 0 0 0 0 
78141 25030 4558 144 2 0 0 0 0 0 0 0 0 0 0 0 0 0 
55494 10023 734 1 0 0 0 0 0 0 0 0 0 0 0 0 0 0 
36556 2968 67 0 0 0 0 0 0 0 0 0 0 0 0 0 0 0 
22247 624 4 0 0 0 0 0 0 0 0 0 0 0 0 0 0 0 
12954 100 0 0 0 0 0 0 0 0 0 0 0 0 0 0 0 0 
6982 15 0 0 0 0 0 0 0 0 0 0 0 0 0 0 0 0 
3601 0 0 0 0 0 0 0 0 0 0 0 0 0 0 0 0 0 
1782 0 0 0 0 0 0 0 0 0 0 0 0 0 0 0 0 0 
799 0 0 0 0 0 0 0 0 0 0 0 0 0 0 0 0 0 
333 0 0 0 0 0 0 0 0 0 0 0 0 0 0 0 0 0 
118 0 0 0 0 0 0 0 0 0 0 0 0 0 0 0 0 0 
30 0 0 0 0 0 0 0 0 0 0 0 0 0 0 0 0 0 
4 0 0 0 0 0 0 0 0 0 0 0 0 0 0 0 0 0 
0 0 0 0 0 0 0 0 0 0 0 0 0 0 0 0 0 0 
80000 79731 79236 77026 73077 68278 61399 54269 46137 37983 30483 24137 18731 14403 10751 7742 5250 3382 
73736 67983 58913 44186 28524 17302 8827 4192 1480 411 111 28 12 2 2 0 0 0 
62475 46756 26958 9635 1894 393 47 12 4 0 0 0 0 0 0 0 0 0 
50390 28344 10268 1519 71 9 0 0 0 0 0 0 0 0 0 0 0 0 
37305 13965 2696 132 2 0 0 0 0 0 0 0 0 0 0 0 0 0 
25851 5542 512 20 0 1 0 0 0 0 0 0 0 0 0 0 0 0 
16231 1639 74 1 0 0 0 0 0 0 0 0 0 0 0 0 0 0 
9374 377 15 0 0 0 0 0 0 0 0 0 0 0 0 0 0 0 
5066 74 3 0 0 0 0 0 0 0 0 0 0 0 0 0 0 0 
2587 11 2 0 0 0 0 0 0 0 0 0 0 0 0 0 0 0 
1176 3 0 0 0 0 0 0 0 0 0 0 0 0 0 0 0 0 
547 0 0 0 0 0 0 0 0 0 0 0 0 0 0 0 0 0 
190 0 0 0 0 0 0 0 0 0 0 0 0 0 0 0 0 0 
78 0 0 0 0 0 0 0 0 0 0 0 0 0 0 0 0 0 
21 0 0 0 0 0 0 0 0 0 0 0 0 0 0 0 0 0 
6 0 0 0 0 0 0 0 0 0 0 0 0 0 0 0 0 0 
0 0 0 0 0 0 0 0 0 0 0 0 0 0 0 0 0 0 
0 0 0 0 0 0 0 0 0 0 0 0 0 0 0 0 0 0 
80000 79811 79577 78213 76303 73812 70434 66502 62089 57261 52027 46949 41979 36820 31828 26891 21401 15341 
61888 44826 33076 21760 13678 7987 4257 1945 668 166 41 6 0 0 0 0 0 0 
49134 24958 11684 3315 677 89 5 0 0 0 0 0 0 0 0 0 0 0 
38735 13958 4071 428 29 2 0 0 0 0 0 0 0 0 0 0 0 0 
29431 6743 1018 29 1 0 0 0 0 0 0 0 0 0 0 0 0 0 
21694 2854 179 1 0 0 0 0 0 0 0 0 0 0 0 0 0 0 
15441 959 11 0 0 0 0 0 0 0 0 0 0 0 0 0 0 0 
10417 235 2 0 0 0 0 0 0 0 0 0 0 0 0 0 0 0 
6768 44 1 0 0 0 0 0 0 0 0 0 0 0 0 0 0 0 
4173 4 0 0 0 0 0 0 0 0 0 0 0 0 0 0 0 0 
2594 0 0 0 0 0 0 0 0 0 0 0 0 0 0 0 0 0 
1461 0 0 0 0 0 0 0 0 0 0 0 0 0 0 0 0 0 
771 0 0 0 0 0 0 0 0 0 0 0 0 0 0 0 0 0 
359 0 0 0 0 0 0 0 0 0 0 0 0 0 0 0 0 0 
138 0 0 0 0 0 0 0 0 0 0 0 0 0 0 0 0 0 
42 0 0 0 0 0 0 0 0 0 0 0 0 0 0 0 0 0 
8 0 0 0 0 0 0 0 0 0 0 0 0 0 0 0 0 0 
1 0 0 0 0 0 0 0 0 0 0 0 0 0 0 0 0 0 
40000 39881 39598 38486 36098 33786 30047 26413 21809 17792 13725 10754 7972 6045 4317 3148 2108 1425 
37322 35372 31616 25251 16193 10453 5352 2705 893 267 105 42 13 6 2 1 0 0 
31125 24362 14285 5436 907 262 44 12 0 0 0 0 0 0 0 0 0 0 
25016 14916 5536 1019 56 14 2 0 0 0 0 0 0 0 0 0 0 0 
17938 7095 1358 127 5 1 0 0 0 0 0 0 0 0 0 0 0 0 
12146 2754 310 31 0 0 0 0 0 0 0 0 0 0 0 0 0 0 
7203 846 54 7 0 0 0 0 0 0 0 0 0 0 0 0 0 0 
4066 197 7 1 0 0 0 0 0 0 0 0 0 0 0 0 0 0 
2099 55 4 1 0 0 0 0 0 0 0 0 0 0 0 0 0 0 
1020 9 0 0 0 0 0 0 0 0 0 0 0 0 0 0 0 0 
416 7 0 0 0 0 0 0 0 0 0 0 0 0 0 0 0 0 
173 1 0 0 0 0 0 0 0 0 0 0 0 0 0 0 0 0 
52 0 0 0 0 0 0 0 0 0 0 0 0 0 0 0 0 0 
21 0 0 0 0 0 0 0 0 0 0 0 0 0 0 0 0 0 
5 0 0 0 0 0 0 0 0 0 0 0 0 0 0 0 0 0 
2 0 0 0 0 0 0 0 0 0 0 0 0 0 0 0 0 0 
0 0 0 0 0 0 0 0 0 0 0 0 0 0 0 0 0 0 
0 0 0 0 0 0 0 0 0 0 0 0 0 0 0 0 0 0 
40000 39877 39701 38689 37028 35005 32249 29169 25671 22105 18620 15597 12871 10497 8404 6475 4694 3092 
35322 30598 25170 17581 11019 6328 3309 1492 491 120 25 5 0 0 0 0 0 0 
29758 19877 11079 3617 763 108 10 2 0 0 0 0 0 0 0 0 0 0 
24034 11755 4117 488 28 0 0 0 0 0 0 0 0 0 0 0 0 0 
18158 5831 1085 36 0 0 0 0 0 0 0 0 0 0 0 0 0 0 
13060 2393 171 0 0 0 0 0 0 0 0 0 0 0 0 0 0 0 
8696 766 20 0 0 0 0 0 0 0 0 0 0 0 0 0 0 0 
5513 181 0 0 0 0 0 0 0 0 0 0 0 0 0 0 0 0 
3312 25 0 0 0 0 0 0 0 0 0 0 0 0 0 0 0 0 
1885 6 0 0 0 0 0 0 0 0 0 0 0 0 0 0 0 0 
1036 1 0 0 0 0 0 0 0 0 0 0 0 0 0 0 0 0 
537 0 0 0 0 0 0 0 0 0 0 0 0 0 0 0 0 0 
269 0 0 0 0 0 0 0 0 0 0 0 0 0 0 0 0 0 
115 0 0 0 0 0 0 0 0 0 0 0 0 0 0 0 0 0 
45 0 0 0 0 0 0 0 0 0 0 0 0 0 0 0 0 0 
15 0 0 0 0 0 0 0 0 0 0 0 0 0 0 0 0 0 
2 0 0 0 0 0 0 0 0 0 0 0 0 0 0 0 0 0 
2 0 0 0 0 0 0 0 0 0 0 0 0 0 0 0 0 0 
40000 39892 39728 38733 37220 35483 32914 30193 27020 23682 20374 17331 14602 12224 9942 7937 6001 4076 
34565 29762 24387 17447 11164 6816 3591 1683 600 165 54 20 4 1 0 0 0 0 
27924 18264 9717 3222 609 112 5 1 1 0 0 0 0 0 0 0 0 0 
21931 10659 3424 472 26 0 0 0 0 0 0 0 0 0 0 0 0 0 
16336 5197 901 37 0 0 0 0 0 0 0 0 0 0 0 0 0 0 
11651 2211 162 6 0 0 0 0 0 0 0 0 0 0 0 0 0 0 
7701 689 18 2 0 0 0 0 0 0 0 0 0 0 0 0 0 0 
4806 163 5 0 0 0 0 0 0 0 0 0 0 0 0 0 0 0 
2820 36 0 0 0 0 0 0 0 0 0 0 0 0 0 0 0 0 
1611 7 0 0 0 0 0 0 0 0 0 0 0 0 0 0 0 0 
843 1 0 0 0 0 0 0 0 0 0 0 0 0 0 0 0 0 
454 0 0 0 0 0 0 0 0 0 0 0 0 0 0 0 0 0 
220 0 0 0 0 0 0 0 0 0 0 0 0 0 0 0 0 0 
102 0 0 0 0 0 0 0 0 0 0 0 0 0 0 0 0 0 
32 0 0 0 0 0 0 0 0 0 0 0 0 0 0 0 0 0 
11 0 0 0 0 0 0 0 0 0 0 0 0 0 0 0 0 0 
0 0 0 0 0 0 0 0 0 0 0 0 0 0 0 0 0 0 
0 0 0 0 0 0 0 0 0 0 0 0 0 0 0 0 0 0 
40000 39944 39869 39494 39098 38552 37882 37019 36015 34791 33472 31914 30297 28401 26202 23801 20481 16049 
23247 8982 5329 3159 1851 1097 620 295 105 27 9 0 0 0 0 0 0 0 
17367 3853 1347 322 60 6 0 0 0 0 0 0 0 0 0 0 0 0 
13611 1905 424 40 0 0 0 0 0 0 0 0 0 0 0 0 0 0 
10701 910 102 2 0 0 0 0 0 0 0 0 0 0 0 0 0 0 
8477 389 20 0 0 0 0 0 0 0 0 0 0 0 0 0 0 0 
6555 142 4 0 0 0 0 0 0 0 0 0 0 0 0 0 0 0 
4883 41 0 0 0 0 0 0 0 0 0 0 0 0 0 0 0 0 
3723 9 0 0 0 0 0 0 0 0 0 0 0 0 0 0 0 0 
2599 1 0 0 0 0 0 0 0 0 0 0 0 0 0 0 0 0 
1818 0 0 0 0 0 0 0 0 0 0 0 0 0 0 0 0 0 
1230 0 0 0 0 0 0 0 0 0 0 0 0 0 0 0 0 0 
736 0 0 0 0 0 0 0 0 0 0 0 0 0 0 0 0 0 
416 0 0 0 0 0 0 0 0 0 0 0 0 0 0 0 0 0 
209 0 0 0 0 0 0 0 0 0 0 0 0 0 0 0 0 0 
83 0 0 0 0 0 0 0 0 0 0 0 0 0 0 0 0 0 
11 0 0 0 0 0 0 0 0 0 0 0 0 0 0 0 0 0 
2 0 0 0 0 0 0 0 0 0 0 0 0 0 0 0 0 0 
20000 19914 19772 19343 17996 16971 14966 13150 10633 8611 6516 5043 3631 2807 1977 1462 967 658 
18733 17849 16215 13666 8703 5685 2913 1507 491 176 78 41 13 2 1 0 1 0 
15550 12414 7264 3050 414 145 26 9 3 4 1 1 0 0 0 0 0 0 
12362 7550 2731 640 41 17 1 1 0 0 0 0 0 0 0 0 0 0 
8762 3475 619 92 3 3 0 0 1 0 0 0 0 0 0 0 0 0 
5763 1302 166 26 0 0 0 0 0 0 0 0 0 0 0 0 0 0 
3191 391 22 5 0 0 0 0 0 0 0 0 0 0 0 0 0 0 
1779 114 6 2 0 0 0 0 0 0 0 0 0 0 0 0 0 0 
843 29 0 0 0 0 0 0 0 0 0 0 0 0 0 0 0 0 
392 9 1 0 0 0 0 0 0 0 0 0 0 0 0 0 0 0 
162 2 0 0 0 0 0 0 0 0 0 0 0 0 0 0 0 0 
81 0 0 0 0 0 0 0 0 0 0 0 0 0 0 0 0 0 
29 1 0 0 0 0 0 0 0 0 0 0 0 0 0 0 0 0 
10 0 0 0 0 0 0 0 0 0 0 0 0 0 0 0 0 0 
1 0 0 0 0 0 0 0 0 0 0 0 0 0 0 0 0 0 
2 1 0 0 0 0 0 0 0 0 0 0 0 0 0 0 0 0 
0 0 0 0 0 0 0 0 0 0 0 0 0 0 0 0 0 0 
0 0 0 0 0 0 0 0 0 0 0 0 0 0 0 0 0 0 
20000 19941 19845 19305 18544 17346 15734 13841 11993 9980 8243 6627 5359 4143 3195 2310 1582 953 
18211 16258 13548 9672 6211 3600 1867 795 279 77 16 3 0 1 0 0 0 0 
15629 11011 6263 2094 455 69 8 0 0 0 0 0 0 0 0 0 0 0 
12769 6572 2330 294 21 0 0 0 0 0 0 0 0 0 0 0 0 0 
9642 3224 601 26 1 0 0 0 0 0 0 0 0 0 0 0 0 0 
6867 1275 121 2 0 0 0 0 0 0 0 0 0 0 0 0 0 0 
4466 398 11 0 0 0 0 0 0 0 0 0 0 0 0 0 0 0 
2809 94 1 0 0 0 0 0 0 0 0 0 0 0 0 0 0 0 
1623 15 1 0 0 0 0 0 0 0 0 0 0 0 0 0 0 0 
893 5 0 0 0 0 0 0 0 0 0 0 0 0 0 0 0 0 
504 1 0 0 0 0 0 0 0 0 0 0 0 0 0 0 0 0 
239 0 0 0 0 0 0 0 0 0 0 0 0 0 0 0 0 0 
109 0 0 0 0 0 0 0 0 0 0 0 0 0 0 0 0 0 
53 0 0 0 0 0 0 0 0 0 0 0 0 0 0 0 0 0 
17 0 0 0 0 0 0 0 0 0 0 0 0 0 0 0 0 0 
8 0 0 0 0 0 0 0 0 0 0 0 0 0 0 0 0 0 
0 0 0 0 0 0 0 0 0 0 0 0 0 0 0 0 0 0 
0 0 0 0 0 0 0 0 0 0 0 0 0 0 0 0 0 0 
20000 19935 19794 19231 18195 17061 15348 13577 11719 9731 7769 6256 4961 3810 2854 2074 1413 879 
18368 16948 14648 11043 7092 4344 2299 1037 349 117 31 5 3 0 2 0 0 0 
15455 11339 6637 2327 456 108 10 1 0 0 0 0 0 0 0 0 0 0 
12332 6850 2540 365 16 4 0 0 0 0 0 0 0 0 0 0 0 0 
9180 3384 704 34 2 1 0 0 0 0 0 0 0 0 0 0 0 0 
6336 1379 143 6 1 1 0 0 0 0 0 0 0 0 0 0 0 0 
4001 452 17 0 0 0 0 0 0 0 0 0 0 0 0 0 0 0 
2333 114 5 0 0 0 0 0 0 0 0 0 0 0 0 0 0 0 
1295 18 0 0 0 0 0 0 0 0 0 0 0 0 0 0 0 0 
699 3 0 0 0 0 0 0 0 0 0 0 0 0 0 0 0 0 
320 2 0 0 0 0 0 0 0 0 0 0 0 0 0 0 0 0 
140 0 0 0 0 0 0 0 0 0 0 0 0 0 0 0 0 0 
67 0 0 0 0 0 0 0 0 0 0 0 0 0 0 0 0 0 
25 0 0 0 0 0 0 0 0 0 0 0 0 0 0 0 0 0 
4 0 0 0 0 0 0 0 0 0 0 0 0 0 0 0 0 0 
1 0 0 0 0 0 0 0 0 0 0 0 0 0 0 0 0 0 
0 0 0 0 0 0 0 0 0 0 0 0 0 0 0 0 0 0 
0 0 0 0 0 0 0 0 0 0 0 0 0 0 0 0 0 0 
20000 19959 19862 19424 18782 17803 16677 15409 13936 12459 10979 9554 8213 6959 5783 4743 3656 2598 
16672 13724 10949 7467 4710 2714 1422 656 228 53 9 3 0 0 0 0 0 0 
13616 8430 4419 1388 286 39 3 0 0 0 0 0 0 0 0 0 0 0 
10779 5005 1654 173 13 0 0 0 0 0 0 0 0 0 0 0 0 0 
8176 2468 440 8 1 0 0 0 0 0 0 0 0 0 0 0 0 0 
5897 990 60 1 0 0 0 0 0 0 0 0 0 0 0 0 0 0 
3989 323 11 0 0 0 0 0 0 0 0 0 0 0 0 0 0 0 
2614 78 1 0 0 0 0 0 0 0 0 0 0 0 0 0 0 0 
1617 11 0 0 0 0 0 0 0 0 0 0 0 0 0 0 0 0 
958 1 0 0 0 0 0 0 0 0 0 0 0 0 0 0 0 0 
555 0 0 0 0 0 0 0 0 0 0 0 0 0 0 0 0 0 
309 0 0 0 0 0 0 0 0 0 0 0 0 0 0 0 0 0 
156 0 0 0 0 0 0 0 0 0 0 0 0 0 0 0 0 0 
93 0 0 0 0 0 0 0 0 0 0 0 0 0 0 0 0 0 
28 0 0 0 0 0 0 0 0 0 0 0 0 0 0 0 0 0 
7 0 0 0 0 0 0 0 0 0 0 0 0 0 0 0 0 0 
0 0 0 0 0 0 0 0 0 0 0 0 0 0 0 0 0 0 
0 0 0 0 0 0 0 0 0 0 0 0 0 0 0 0 0 0 
20000 19937 19807 19297 18270 17295 15734 14085 12182 10334 8396 6798 5394 4322 3293 2496 1790 1236 
18099 16771 14489 11264 7259 4657 2451 1191 440 154 47 17 5 4 2 0 0 0 
14755 11024 6177 2289 401 118 14 7 0 0 0 0 0 0 0 0 0 0 
11481 6550 2290 371 26 9 0 0 0 0 0 0 0 0 0 0 0 0 
8243 3136 528 37 0 0 0 0 0 0 0 0 0 0 0 0 0 0 
5590 1271 112 6 0 0 0 0 0 0 0 0 0 0 0 0 0 0 
3470 364 8 0 0 0 0 0 0 0 0 0 0 0 0 0 0 0 
1991 106 1 0 0 0 0 0 0 0 0 0 0 0 0 0 0 0 
1085 20 0 0 0 0 0 0 0 0 0 0 0 0 0 0 0 0 
552 7 0 0 0 0 0 0 0 0 0 0 0 0 0 0 0 0 
253 2 0 0 0 0 0 0 0 0 0 0 0 0 0 0 0 0 
125 1 0 0 0 0 0 0 0 0 0 0 0 0 0 0 0 0 
49 1 0 0 0 0 0 0 0 0 0 0 0 0 0 0 0 0 
11 0 0 0 0 0 0 0 0 0 0 0 0 0 0 0 0 0 
3 0 0 0 0 0 0 0 0 0 0 0 0 0 0 0 0 0 
0 0 0 0 0 0 0 0 0 0 0 0 0 0 0 0 0 0 
0 0 0 0 0 0 0 0 0 0 0 0 0 0 0 0 0 0 
0 0 0 0 0 0 0 0 0 0 0 0 0 0 0 0 0 0 
20000 19950 19896 19553 19071 18435 17666 16746 15720 14600 13480 12284 11142 9943 8755 7587 6212 4656 
14757 10676 7932 5244 3194 1872 1035 479 179 41 7 3 0 0 0 0 0 0 
11416 5874 2831 772 163 27 1 0 0 0 0 0 0 0 0 0 0 0 
8810 3189 996 89 4 0 0 0 0 0 0 0 0 0 0 0 0 0 
6740 1641 268 8 0 0 0 0 0 0 0 0 0 0 0 0 0 0 
5068 683 45 0 0 0 0 0 0 0 0 0 0 0 0 0 0 0 
3571 249 5 0 0 0 0 0 0 0 0 0 0 0 0 0 0 0 
2405 68 2 0 0 0 0 0 0 0 0 0 0 0 0 0 0 0 
1592 14 0 0 0 0 0 0 0 0 0 0 0 0 0 0 0 0 
985 2 0 0 0 0 0 0 0 0 0 0 0 0 0 0 0 0 
604 0 0 0 0 0 0 0 0 0 0 0 0 0 0 0 0 0 
374 0 0 0 0 0 0 0 0 0 0 0 0 0 0 0 0 0 
211 0 0 0 0 0 0 0 0 0 0 0 0 0 0 0 0 0 
107 0 0 0 0 0 0 0 0 0 0 0 0 0 0 0 0 0 
48 0 0 0 0 0 0 0 0 0 0 0 0 0 0 0 0 0 
21 0 0 0 0 0 0 0 0 0 0 0 0 0 0 0 0 0 
2 0 0 0 0 0 0 0 0 0 0 0 0 0 0 0 0 0 
0 0 0 0 0 0 0 0 0 0 0 0 0 0 0 0 0 0 
20000 19963 19889 19663 19234 18782 18208 17528 16649 15737 14677 13672 12568 11368 10062 8717 7165 5302 
14208 8666 5873 3767 2292 1394 790 413 141 33 5 0 0 0 0 0 0 0 
10847 4289 1739 450 71 13 2 0 0 0 0 0 0 0 0 0 0 0 
8390 2282 576 52 1 0 0 0 0 0 0 0 0 0 0 0 0 0 
6570 1097 154 5 0 0 0 0 0 0 0 0 0 0 0 0 0 0 
4938 470 30 0 0 0 0 0 0 0 0 0 0 0 0 0 0 0 
3634 167 2 0 0 0 0 0 0 0 0 0 0 0 0 0 0 0 
2584 34 1 0 0 0 0 0 0 0 0 0 0 0 0 0 0 0 
1793 8 0 0 0 0 0 0 0 0 0 0 0 0 0 0 0 0 
1201 0 0 0 0 0 0 0 0 0 0 0 0 0 0 0 0 0 
801 0 0 0 0 0 0 0 0 0 0 0 0 0 0 0 0 0 
513 0 0 0 0 0 0 0 0 0 0 0 0 0 0 0 0 0 
295 0 0 0 0 0 0 0 0 0 0 0 0 0 0 0 0 0 
144 0 0 0 0 0 0 0 0 0 0 0 0 0 0 0 0 0 
64 0 0 0 0 0 0 0 0 0 0 0 0 0 0 0 0 0 
15 0 0 0 0 0 0 0 0 0 0 0 0 0 0 0 0 0 
1 0 0 0 0 0 0 0 0 0 0 0 0 0 0 0 0 0 
1 0 0 0 0 0 0 0 0 0 0 0 0 0 0 0 0 0 
20000 19985 19965 19861 19741 19598 19447 19256 18948 18715 18344 17946 17380 16729 15967 14928 13462 11137 
8814 396 136 74 44 25 17 11 5 2 0 0 0 0 0 0 0 0 
6448 91 14 2 1 1 0 0 0 0 0 0 0 0 0 0 0 0 
5035 37 2 0 0 0 0 0 0 0 0 0 0 0 0 0 0 0 
4024 12 0 0 0 0 0 0 0 0 0 0 0 0 0 0 0 0 
3261 8 0 0 0 0 0 0 0 0 0 0 0 0 0 0 0 0 
2694 5 0 0 0 0 0 0 0 0 0 0 0 0 0 0 0 0 
2096 2 0 0 0 0 0 0 0 0 0 0 0 0 0 0 0 0 
1610 1 0 0 0 0 0 0 0 0 0 0 0 0 0 0 0 0 
1254 0 0 0 0 0 0 0 0 0 0 0 0 0 0 0 0 0 
898 0 0 0 0 0 0 0 0 0 0 0 0 0 0 0 0 0 
645 0 0 0 0 0 0 0 0 0 0 0 0 0 0 0 0 0 
425 0 0 0 0 0 0 0 0 0 0 0 0 0 0 0 0 0 
277 0 0 0 0 0 0 0 0 0 0 0 0 0 0 0 0 0 
139 0 0 0 0 0 0 0 0 0 0 0 0 0 0 0 0 0 
60 0 0 0 0 0 0 0 0 0 0 0 0 0 0 0 0 0 
24 0 0 0 0 0 0 0 0 0 0 0 0 0 0 0 0 0 
1 0 0 0 0 0 0 0 0 0 0 0 0 0 0 0 0 0 
10000 9964 9871 9708 8924 8400 7412 6486 5121 4194 3042 2406 1722 1307 908 694 425 311 
9421 9060 8278 7121 4415 2889 1504 858 236 85 44 20 10 5 1 3 2 0 
7782 6275 3685 1647 176 69 17 9 0 0 0 0 0 0 0 0 0 0 
6212 3887 1404 385 12 5 0 0 0 0 0 0 0 0 0 0 0 0 
4382 1797 263 51 2 0 0 0 0 0 0 0 0 0 0 0 0 0 
2919 652 69 17 0 0 0 0 0 0 0 0 0 0 0 0 0 0 
1601 190 11 1 0 0 0 0 0 0 0 0 0 0 0 0 0 0 
867 54 3 2 0 0 0 0 0 0 0 0 0 0 0 0 0 0 
421 13 0 0 0 0 0 0 0 0 0 0 0 0 0 0 0 0 
183 1 0 0 0 0 0 0 0 0 0 0 0 0 0 0 0 0 
56 2 1 0 0 0 0 0 0 0 0 0 0 0 0 0 0 0 
20 0 0 0 0 0 0 0 0 0 0 0 0 0 0 0 0 0 
6 0 0 0 0 0 0 0 0 0 0 0 0 0 0 0 0 0 
4 0 0 0 0 0 0 0 0 0 0 0 0 0 0 0 0 0 
0 0 0 0 0 0 0 0 0 0 0 0 0 0 0 0 0 0 
0 0 0 0 0 0 0 0 0 0 0 0 0 0 0 0 0 0 
0 0 0 0 0 0 0 0 0 0 0 0 0 0 0 0 0 0 
0 0 0 0 0 0 0 0 0 0 0 0 0 0 0 0 0 0 
10000 9961 9906 9655 9163 8405 7424 6271 5091 4029 3147 2391 1827 1372 978 673 428 250 
9417 8592 7555 5569 3582 1961 947 369 110 25 6 1 0 0 0 0 0 0 
8336 6334 3971 1430 352 54 12 0 0 0 0 0 0 0 0 0 0 0 
6999 4026 1615 224 9 3 0 0 0 0 0 0 0 0 0 0 0 0 
5321 2058 426 13 1 0 0 0 0 0 0 0 0 0 0 0 0 0 
3658 755 81 1 0 0 0 0 0 0 0 0 0 0 0 0 0 0 
2245 210 6 0 0 0 0 0 0 0 0 0 0 0 0 0 0 0 
1286 53 0 0 0 0 0 0 0 0 0 0 0 0 0 0 0 0 
717 9 0 0 0 0 0 0 0 0 0 0 0 0 0 0 0 0 
370 1 0 0 0 0 0 0 0 0 0 0 0 0 0 0 0 0 
174 1 0 0 0 0 0 0 0 0 0 0 0 0 0 0 0 0 
78 0 0 0 0 0 0 0 0 0 0 0 0 0 0 0 0 0 
44 0 0 0 0 0 0 0 0 0 0 0 0 0 0 0 0 0 
14 0 0 0 0 0 0 0 0 0 0 0 0 0 0 0 0 0 
5 0 0 0 0 0 0 0 0 0 0 0 0 0 0 0 0 0 
2 0 0 0 0 0 0 0 0 0 0 0 0 0 0 0 0 0 
1 0 0 0 0 0 0 0 0 0 0 0 0 0 0 0 0 0 
0 0 0 0 0 0 0 0 0 0 0 0 0 0 0 0 0 0 
10000 9970 9925 9625 9090 8497 7609 6634 5610 4612 3595 2841 2216 1663 1207 874 563 343 
9289 8619 7566 5669 3647 2323 1197 575 185 54 22 5 5 1 0 0 0 0 
7865 5867 3491 1244 225 52 6 3 0 0 0 0 0 0 0 0 0 0 
6391 3578 1355 218 10 1 0 0 0 0 0 0 0 0 0 0 0 0 
4710 1813 335 24 1 1 0 0 0 0 0 0 0 0 0 0 0 0 
3223 711 60 7 0 0 0 0 0 0 0 0 0 0 0 0 0 0 
2033 223 6 0 0 0 0 0 0 0 0 0 0 0 0 0 0 0 
1211 52 1 0 0 0 0 0 0 0 0 0 0 0 0 0 0 0 
629 14 0 0 0 0 0 0 0 0 0 0 0 0 0 0 0 0 
323 4 0 0 0 0 0 0 0 0 0 0 0 0 0 0 0 0 
161 0 0 0 0 0 0 0 0 0 0 0 0 0 0 0 0 0 
73 0 0 0 0 0 0 0 0 0 0 0 0 0 0 0 0 0 
31 0 0 0 0 0 0 0 0 0 0 0 0 0 0 0 0 0 
10 0 0 0 0 0 0 0 0 0 0 0 0 0 0 0 0 0 
5 0 0 0 0 0 0 0 0 0 0 0 0 0 0 0 0 0 
2 0 0 0 0 0 0 0 0 0 0 0 0 0 0 0 0 0 
0 0 0 0 0 0 0 0 0 0 0 0 0 0 0 0 0 0 
0 0 0 0 0 0 0 0 0 0 0 0 0 0 0 0 0 0 
10000 9975 9935 9661 9277 8687 7995 7201 6264 5311 4461 3704 3009 2383 1869 1406 969 607 
8972 7835 6472 4515 2855 1673 852 345 108 34 5 1 0 0 0 0 0 0 
7675 5173 2888 923 184 35 3 0 0 0 0 0 0 0 0 0 0 0 
6207 3049 1124 133 3 0 0 0 0 0 0 0 0 0 0 0 0 0 
4728 1567 296 7 0 0 0 0 0 0 0 0 0 0 0 0 0 0 
3364 647 54 0 0 0 0 0 0 0 0 0 0 0 0 0 0 0 
2226 180 4 0 0 0 0 0 0 0 0 0 0 0 0 0 0 0 
1367 46 0 0 0 0 0 0 0 0 0 0 0 0 0 0 0 0 
803 5 0 0 0 0 0 0 0 0 0 0 0 0 0 0 0 0 
449 2 0 0 0 0 0 0 0 0 0 0 0 0 0 0 0 0 
245 1 0 0 0 0 0 0 0 0 0 0 0 0 0 0 0 0 
132 0 0 0 0 0 0 0 0 0 0 0 0 0 0 0 0 0 
53 0 0 0 0 0 0 0 0 0 0 0 0 0 0 0 0 0 
30 0 0 0 0 0 0 0 0 0 0 0 0 0 0 0 0 0 
10 0 0 0 0 0 0 0 0 0 0 0 0 0 0 0 0 0 
4 0 0 0 0 0 0 0 0 0 0 0 0 0 0 0 0 0 
2 0 0 0 0 0 0 0 0 0 0 0 0 0 0 0 0 0 
0 0 0 0 0 0 0 0 0 0 0 0 0 0 0 0 0 0 
10000 9964 9896 9612 9065 8532 7577 6714 5578 4560 3530 2803 2082 1614 1138 835 562 368 
9331 8773 7854 6294 4105 2587 1306 638 228 66 28 13 5 2 1 0 0 0 
7734 6047 3502 1312 234 54 8 0 0 1 0 0 0 0 0 0 0 0 
6110 3606 1282 225 15 1 0 0 0 0 0 0 0 0 0 0 0 0 
4392 1709 311 29 2 0 0 0 0 0 0 0 0 0 0 0 0 0 
2958 687 75 1 1 1 0 0 0 0 0 0 0 0 0 0 0 0 
1777 222 18 2 0 0 0 0 0 0 0 0 0 0 0 0 0 0 
1020 52 3 0 1 0 0 0 0 0 0 0 0 0 0 0 0 0 
499 10 2 0 0 0 0 0 0 0 0 0 0 0 0 0 0 0 
253 6 0 0 0 0 0 0 0 0 0 0 0 0 0 0 0 0 
110 0 0 0 0 0 0 0 0 0 0 0 0 0 0 0 0 0 
41 0 0 0 0 0 0 0 0 0 0 0 0 0 0 0 0 0 
19 0 0 0 0 0 0 0 0 0 0 0 0 0 0 0 0 0 
5 0 0 0 0 0 0 0 0 0 0 0 0 0 0 0 0 0 
1 0 0 0 0 0 0 0 0 0 0 0 0 0 0 0 0 0 
1 0 0 0 0 0 0 0 0 0 0 0 0 0 0 0 0 0 
0 0 0 0 0 0 0 0 0 0 0 0 0 0 0 0 0 0 
0 0 0 0 0 0 0 0 0 0 0 0 0 0 0 0 0 0 
10000 9972 9916 9636 9252 8682 8006 7080 6181 5211 4367 3579 2895 2267 1730 1251 873 543 
9065 8041 6622 4600 2889 1662 855 364 118 32 3 0 0 0 0 0 0 0 
7749 5336 2953 959 184 28 2 0 0 0 0 0 0 0 0 0 0 0 
6263 3172 1128 128 6 1 0 0 0 0 0 0 0 0 0 0 0 0 
4736 1588 300 5 0 0 0 0 0 0 0 0 0 0 0 0 0 0 
3450 690 43 0 0 0 0 0 0 0 0 0 0 0 0 0 0 0 
2241 196 5 0 0 0 0 0 0 0 0 0 0 0 0 0 0 0 
1412 46 0 0 0 0 0 0 0 0 0 0 0 0 0 0 0 0 
811 6 0 0 0 0 0 0 0 0 0 0 0 0 0 0 0 0 
456 1 0 0 0 0 0 0 0 0 0 0 0 0 0 0 0 0 
218 0 0 0 0 0 0 0 0 0 0 0 0 0 0 0 0 0 
111 0 0 0 0 0 0 0 0 0 0 0 0 0 0 0 0 0 
49 0 0 0 0 0 0 0 0 0 0 0 0 0 0 0 0 0 
22 0 0 0 0 0 0 0 0 0 0 0 0 0 0 0 0 0 
10 0 0 0 0 0 0 0 0 0 0 0 0 0 0 0 0 0 
3 0 0 0 0 0 0 0 0 0 0 0 0 0 0 0 0 0 
0 0 0 0 0 0 0 0 0 0 0 0 0 0 0 0 0 0 
0 0 0 0 0 0 0 0 0 0 0 0 0 0 0 0 0 0 
10000 9967 9928 9674 9177 8652 7906 7076 6132 5174 4343 3576 2916 2326 1827 1389 983 666 
8998 8164 7000 5167 3318 2058 1074 498 179 56 17 1 1 0 0 0 0 0 
7357 5309 2973 1001 197 49 3 0 0 0 0 0 0 0 0 0 0 0 
5811 3187 1099 161 9 1 0 0 0 0 0 0 0 0 0 0 0 0 
4305 1597 278 14 0 1 0 0 0 0 0 0 0 0 0 0 0 0 
3020 660 57 1 0 0 0 0 0 0 0 0 0 0 0 0 0 0 
1930 194 5 0 0 0 0 0 0 0 0 0 0 0 0 0 0 0 
1152 51 0 0 0 0 0 0 0 0 0 0 0 0 0 0 0 0 
679 10 0 0 0 0 0 0 0 0 0 0 0 0 0 0 0 0 
336 2 0 0 0 0 0 0 0 0 0 0 0 0 0 0 0 0 
171 0 0 0 0 0 0 0 0 0 0 0 0 0 0 0 0 0 
80 0 0 0 0 0 0 0 0 0 0 0 0 0 0 0 0 0 
40 0 0 0 0 0 0 0 0 0 0 0 0 0 0 0 0 0 
15 0 0 0 0 0 0 0 0 0 0 0 0 0 0 0 0 0 
2 0 0 0 0 0 0 0 0 0 0 0 0 0 0 0 0 0 
0 0 0 0 0 0 0 0 0 0 0 0 0 0 0 0 0 0 
0 0 0 0 0 0 0 0 0 0 0 0 0 0 0 0 0 0 
0 0 0 0 0 0 0 0 0 0 0 0 0 0 0 0 0 0 
10000 9987 9941 9769 9554 9163 8807 8285 7769 7175 6592 5995 5451 4909 4309 3709 3127 2381 
7327 5427 4057 2651 1674 1012 561 261 91 19 3 0 0 0 0 0 0 0 
5781 3002 1432 418 97 14 3 0 0 0 0 0 0 0 0 0 0 0 
4532 1716 509 51 4 1 0 0 0 0 0 0 0 0 0 0 0 0 
3427 866 129 5 0 0 0 0 0 0 0 0 0 0 0 0 0 0 
2474 378 30 0 0 0 0 0 0 0 0 0 0 0 0 0 0 0 
1789 110 2 0 0 0 0 0 0 0 0 0 0 0 0 0 0 0 
1220 33 0 0 0 0 0 0 0 0 0 0 0 0 0 0 0 0 
805 1 0 0 0 0 0 0 0 0 0 0 0 0 0 0 0 0 
507 0 0 0 0 0 0 0 0 0 0 0 0 0 0 0 0 0 
320 0 0 0 0 0 0 0 0 0 0 0 0 0 0 0 0 0 
174 0 0 0 0 0 0 0 0 0 0 0 0 0 0 0 0 0 
88 0 0 0 0 0 0 0 0 0 0 0 0 0 0 0 0 0 
44 0 0 0 0 0 0 0 0 0 0 0 0 0 0 0 0 0 
24 0 0 0 0 0 0 0 0 0 0 0 0 0 0 0 0 0 
8 0 0 0 0 0 0 0 0 0 0 0 0 0 0 0 0 0 
0 0 0 0 0 0 0 0 0 0 0 0 0 0 0 0 0 0 
0 0 0 0 0 0 0 0 0 0 0 0 0 0 0 0 0 0 
10000 9950 9875 9654 9046 8531 7580 6720 5579 4638 3589 2877 2129 1668 1214 927 624 428 
9267 8770 7889 6521 4198 2779 1486 807 274 95 34 17 7 2 2 0 0 0 
7565 5890 3343 1415 211 70 8 4 0 0 0 0 0 0 0 0 0 0 
5936 3580 1243 284 9 4 1 0 0 0 0 0 0 0 0 0 0 0 
4179 1621 256 36 3 0 0 0 0 0 0 0 0 0 0 0 0 0 
2805 664 73 8 0 0 0 0 0 0 0 0 0 0 0 0 0 0 
1613 194 8 3 0 0 0 0 0 0 0 0 0 0 0 0 0 0 
893 59 2 0 0 0 0 0 0 0 0 0 0 0 0 0 0 0 
439 16 0 0 0 0 0 0 0 0 0 0 0 0 0 0 0 0 
227 2 0 0 0 0 0 0 0 0 0 0 0 0 0 0 0 0 
90 1 0 0 0 0 0 0 0 0 0 0 0 0 0 0 0 0 
41 0 0 0 0 0 0 0 0 0 0 0 0 0 0 0 0 0 
13 0 0 0 0 0 0 0 0 0 0 0 0 0 0 0 0 0 
9 0 0 0 0 0 0 0 0 0 0 0 0 0 0 0 0 0 
4 0 0 0 0 0 0 0 0 0 0 0 0 0 0 0 0 0 
0 0 0 0 0 0 0 0 0 0 0 0 0 0 0 0 0 0 
1 0 0 0 0 0 0 0 0 0 0 0 0 0 0 0 0 0 
0 0 0 0 0 0 0 0 0 0 0 0 0 0 0 0 0 0 
10000 9971 9927 9679 9285 8769 8130 7335 6499 5641 4788 4052 3365 2765 2265 1777 1315 907 
8748 7580 6231 4361 2811 1606 868 371 109 29 4 0 0 0 0 0 0 0 
7257 4868 2601 834 175 22 3 0 0 0 0 0 0 0 0 0 0 0 
5871 2904 948 107 5 0 0 0 0 0 0 0 0 0 0 0 0 0 
4438 1429 250 8 0 0 0 0 0 0 0 0 0 0 0 0 0 0 
3081 580 35 0 0 0 0 0 0 0 0 0 0 0 0 0 0 0 
2082 214 1 0 0 0 0 0 0 0 0 0 0 0 0 0 0 0 
1286 41 0 0 0 0 0 0 0 0 0 0 0 0 0 0 0 0 
778 7 0 0 0 0 0 0 0 0 0 0 0 0 0 0 0 0 
465 1 0 0 0 0 0 0 0 0 0 0 0 0 0 0 0 0 
258 0 0 0 0 0 0 0 0 0 0 0 0 0 0 0 0 0 
144 0 0 0 0 0 0 0 0 0 0 0 0 0 0 0 0 0 
70 0 0 0 0 0 0 0 0 0 0 0 0 0 0 0 0 0 
34 0 0 0 0 0 0 0 0 0 0 0 0 0 0 0 0 0 
9 0 0 0 0 0 0 0 0 0 0 0 0 0 0 0 0 0 
6 0 0 0 0 0 0 0 0 0 0 0 0 0 0 0 0 0 
0 0 0 0 0 0 0 0 0 0 0 0 0 0 0 0 0 0 
0 0 0 0 0 0 0 0 0 0 0 0 0 0 0 0 0 0 
10000 9970 9918 9686 9310 8829 8220 7619 6765 5993 5207 4530 3840 3261 2698 2231 1670 1184 
8427 7268 5956 4318 2744 1670 932 442 167 46 14 3 0 0 0 0 0 0 
6809 4409 2388 788 153 36 2 0 0 0 0 0 0 0 0 0 0 0 
5309 2567 883 105 4 1 0 0 0 0 0 0 0 0 0 0 0 0 
3907 1293 246 10 1 1 0 0 0 0 0 0 0 0 0 0 0 0 
2756 525 41 0 0 0 0 0 0 0 0 0 0 0 0 0 0 0 
1904 164 6 1 0 0 0 0 0 0 0 0 0 0 0 0 0 0 
1156 41 0 0 0 0 0 0 0 0 0 0 0 0 0 0 0 0 
694 6 0 0 0 0 0 0 0 0 0 0 0 0 0 0 0 0 
406 0 1 0 0 0 0 0 0 0 0 0 0 0 0 0 0 0 
255 0 0 0 0 0 0 0 0 0 0 0 0 0 0 0 0 0 
114 0 0 0 0 0 0 0 0 0 0 0 0 0 0 0 0 0 
66 0 0 0 0 0 0 0 0 0 0 0 0 0 0 0 0 0 
23 0 0 0 0 0 0 0 0 0 0 0 0 0 0 0 0 0 
7 0 0 0 0 0 0 0 0 0 0 0 0 0 0 0 0 0 
2 0 0 0 0 0 0 0 0 0 0 0 0 0 0 0 0 0 
2 0 0 0 0 0 0 0 0 0 0 0 0 0 0 0 0 0 
0 0 0 0 0 0 0 0 0 0 0 0 0 0 0 0 0 0 
10000 9990 9967 9889 9794 9683 9443 9275 9051 8760 8453 8135 7685 7259 6752 6206 5453 4366 
5512 2325 1374 863 522 330 173 84 34 6 2 0 0 0 0 0 0 0 
3974 995 354 90 16 0 0 0 0 0 0 0 0 0 0 0 0 0 
3068 505 114 11 2 0 0 0 0 0 0 0 0 0 0 0 0 0 
2430 249 38 1 0 0 0 0 0 0 0 0 0 0 0 0 0 0 
1871 108 4 0 0 0 0 0 0 0 0 0 0 0 0 0 0 0 
1433 40 1 0 0 0 0 0 0 0 0 0 0 0 0 0 0 0 
1063 13 1 0 0 0 0 0 0 0 0 0 0 0 0 0 0 0 
791 2 0 0 0 0 0 0 0 0 0 0 0 0 0 0 0 0 
540 0 0 0 0 0 0 0 0 0 0 0 0 0 0 0 0 0 
382 0 0 0 0 0 0 0 0 0 0 0 0 0 0 0 0 0 
258 0 0 0 0 0 0 0 0 0 0 0 0 0 0 0 0 0 
137 0 0 0 0 0 0 0 0 0 0 0 0 0 0 0 0 0 
66 0 0 0 0 0 0 0 0 0 0 0 0 0 0 0 0 0 
38 0 0 0 0 0 0 0 0 0 0 0 0 0 0 0 0 0 
16 0 0 0 0 0 0 0 0 0 0 0 0 0 0 0 0 0 
3 0 0 0 0 0 0 0 0 0 0 0 0 0 0 0 0 0 
0 0 0 0 0 0 0 0 0 0 0 0 0 0 0 0 0 0 
10000 9973 9935 9744 9435 9092 8605 8034 7455 6748 6008 5339 4622 3995 3353 2744 2077 1481 
8200 6580 5115 3534 2200 1370 753 372 160 44 14 5 3 2 0 0 0 0 
6370 3658 1767 550 100 13 3 1 0 0 0 0 0 0 0 0 0 0 
4959 2022 592 65 4 1 0 0 0 0 0 0 0 0 0 0 0 0 
3703 982 167 4 0 0 0 0 0 0 0 0 0 0 0 0 0 0 
2645 415 25 1 0 0 0 0 0 0 0 0 0 0 0 0 0 0 
1797 130 1 0 0 0 0 0 0 0 0 0 0 0 0 0 0 0 
1164 26 0 0 0 0 0 0 0 0 0 0 0 0 0 0 0 0 
777 5 0 0 0 0 0 0 0 0 0 0 0 0 0 0 0 0 
484 0 0 0 0 0 0 0 0 0 0 0 0 0 0 0 0 0 
283 0 0 0 0 0 0 0 0 0 0 0 0 0 0 0 0 0 
154 0 0 0 0 0 0 0 0 0 0 0 0 0 0 0 0 0 
75 0 0 0 0 0 0 0 0 0 0 0 0 0 0 0 0 0 
44 0 0 0 0 0 0 0 0 0 0 0 0 0 0 0 0 0 
17 0 0 0 0 0 0 0 0 0 0 0 0 0 0 0 0 0 
3 0 0 0 0 0 0 0 0 0 0 0 0 0 0 0 0 0 
1 0 0 0 0 0 0 0 0 0 0 0 0 0 0 0 0 0 
0 0 0 0 0 0 0 0 0 0 0 0 0 0 0 0 0 0 
10000 9983 9981 9894 9828 9738 9610 9478 9302 9101 8817 8520 8162 7773 7276 6693 5900 4627 
5292 957 450 219 129 85 44 24 10 2 0 0 0 0 0 0 0 0 
3855 324 90 13 5 0 0 0 0 0 0 0 0 0 0 0 0 0 
3058 177 27 3 0 0 0 0 0 0 0 0 0 0 0 0 0 0 
2482 75 5 0 0 0 0 0 0 0 0 0 0 0 0 0 0 0 
2046 34 0 0 0 0 0 0 0 0 0 0 0 0 0 0 0 0 
1586 15 0 0 0 0 0 0 0 0 0 0 0 0 0 0 0 0 
1236 5 0 0 0 0 0 0 0 0 0 0 0 0 0 0 0 0 
983 0 0 0 0 0 0 0 0 0 0 0 0 0 0 0 0 0 
707 0 0 0 0 0 0 0 0 0 0 0 0 0 0 0 0 0 
524 0 0 0 0 0 0 0 0 0 0 0 0 0 0 0 0 0 
358 0 0 0 0 0 0 0 0 0 0 0 0 0 0 0 0 0 
251 0 0 0 0 0 0 0 0 0 0 0 0 0 0 0 0 0 
141 0 0 0 0 0 0 0 0 0 0 0 0 0 0 0 0 0 
64 0 0 0 0 0 0 0 0 0 0 0 0 0 0 0 0 0 
31 0 0 0 0 0 0 0 0 0 0 0 0 0 0 0 0 0 
8 0 0 0 0 0 0 0 0 0 0 0 0 0 0 0 0 0 
2 0 0 0 0 0 0 0 0 0 0 0 0 0 0 0 0 0 
10000 9985 9976 9921 9840 9761 9627 9531 9333 9145 8917 8595 8288 7851 7344 6737 5836 4505 
5409 557 216 114 62 43 23 11 5 0 0 0 0 0 0 0 0 0 
4026 141 24 2 0 0 0 0 0 0 0 0 0 0 0 0 0 0 
3191 69 1 0 0 0 0 0 0 0 0 0 0 0 0 0 0 0 
2571 43 0 0 0 0 0 0 0 0 0 0 0 0 0 0 0 0 
2040 10 0 0 0 0 0 0 0 0 0 0 0 0 0 0 0 0 
1632 6 0 0 0 0 0 0 0 0 0 0 0 0 0 0 0 0 
1329 1 0 0 0 0 0 0 0 0 0 0 0 0 0 0 0 0 
1046 1 0 0 0 0 0 0 0 0 0 0 0 0 0 0 0 0 
787 0 0 0 0 0 0 0 0 0 0 0 0 0 0 0 0 0 
570 0 0 0 0 0 0 0 0 0 0 0 0 0 0 0 0 0 
365 0 0 0 0 0 0 0 0 0 0 0 0 0 0 0 0 0 
243 0 0 0 0 0 0 0 0 0 0 0 0 0 0 0 0 0 
155 0 0 0 0 0 0 0 0 0 0 0 0 0 0 0 0 0 
73 0 0 0 0 0 0 0 0 0 0 0 0 0 0 0 0 0 
34 0 0 0 0 0 0 0 0 0 0 0 0 0 0 0 0 0 
8 0 0 0 0 0 0 0 0 0 0 0 0 0 0 0 0 0 
0 0 0 0 0 0 0 0 0 0 0 0 0 0 0 0 0 0 
10000 9991 9976 9938 9887 9827 9776 9683 9584 9433 9328 9144 8929 8662 8353 7920 7349 6238 
3744 3 1 0 0 0 0 0 0 0 0 0 0 0 0 0 0 0 
2666 1 0 0 0 0 0 0 0 0 0 0 0 0 0 0 0 0 
2090 0 0 0 0 0 0 0 0 0 0 0 0 0 0 0 0 0 
1677 0 0 0 0 0 0 0 0 0 0 0 0 0 0 0 0 0 
1375 0 0 0 0 0 0 0 0 0 0 0 0 0 0 0 0 0 
1123 0 0 0 0 0 0 0 0 0 0 0 0 0 0 0 0 0 
906 0 0 0 0 0 0 0 0 0 0 0 0 0 0 0 0 0 
727 0 0 0 0 0 0 0 0 0 0 0 0 0 0 0 0 0 
560 0 0 0 0 0 0 0 0 0 0 0 0 0 0 0 0 0 
387 0 0 0 0 0 0 0 0 0 0 0 0 0 0 0 0 0 
286 0 0 0 0 0 0 0 0 0 0 0 0 0 0 0 0 0 
199 0 0 0 0 0 0 0 0 0 0 0 0 0 0 0 0 0 
129 0 0 0 0 0 0 0 0 0 0 0 0 0 0 0 0 0 
70 0 0 0 0 0 0 0 0 0 0 0 0 0 0 0 0 0 
29 0 0 0 0 0 0 0 0 0 0 0 0 0 0 0 0 0 
8 0 0 0 0 0 0 0 0 0 0 0 0 0 0 0 0 0 
1 0 0 0 0 0 0 0 0 0 0 0 0 0 0 0 0 0 
5000 4984 4946 4885 4450 4214 3709 3236 2533 2077 1505 1218 847 654 459 342 223 169 
4700 4514 4114 3589 2236 1543 801 442 113 32 21 15 5 2 0 0 0 0 
3892 3162 1841 861 74 36 9 5 1 0 0 0 0 0 0 0 0 0 
3057 1989 714 216 8 4 0 0 0 0 0 0 0 0 0 0 0 0 
2130 874 123 32 0 0 0 0 0 0 0 0 0 0 0 0 0 0 
1395 315 39 11 0 0 0 0 0 0 0 0 0 0 0 0 0 0 
731 95 7 1 0 0 0 0 0 0 0 0 0 0 0 0 0 0 
411 32 1 0 0 0 0 0 0 0 0 0 0 0 0 0 0 0 
201 8 0 0 0 0 0 0 0 0 0 0 0 0 0 0 0 0 
90 0 0 0 0 0 0 0 0 0 0 0 0 0 0 0 0 0 
33 1 0 0 0 0 0 0 0 0 0 0 0 0 0 0 0 0 
14 0 0 0 0 0 0 0 0 0 0 0 0 0 0 0 0 0 
8 0 0 0 0 0 0 0 0 0 0 0 0 0 0 0 0 0 
1 0 0 0 0 0 0 0 0 0 0 0 0 0 0 0 0 0 
0 0 0 0 0 0 0 0 0 0 0 0 0 0 0 0 0 0 
0 0 0 0 0 0 0 0 0 0 0 0 0 0 0 0 0 0 
0 0 0 0 0 0 0 0 0 0 0 0 0 0 0 0 0 0 
0 0 0 0 0 0 0 0 0 0 0 0 0 0 0 0 0 0 
5000 4983 4950 4767 4403 3640 2693 1872 1192 852 592 419 299 194 129 81 52 31 
4800 4602 4340 3584 2362 1153 433 132 15 1 1 1 1 0 0 0 0 0 
4473 3962 3121 1692 521 70 7 0 0 0 0 0 0 0 0 0 0 0 
3996 2991 1749 444 45 2 0 0 0 0 0 0 0 0 0 0 0 0 
3004 1544 499 55 4 0 0 0 0 0 0 0 0 0 0 0 0 0 
1802 483 71 1 0 0 0 0 0 0 0 0 0 0 0 0 0 0 
889 91 4 0 0 0 0 0 0 0 0 0 0 0 0 0 0 0 
423 18 0 0 0 0 0 0 0 0 0 0 0 0 0 0 0 0 
207 1 0 0 0 0 0 0 0 0 0 0 0 0 0 0 0 0 
116 0 0 0 0 0 0 0 0 0 0 0 0 0 0 0 0 0 
67 0 0 0 0 0 0 0 0 0 0 0 0 0 0 0 0 0 
35 0 0 0 0 0 0 0 0 0 0 0 0 0 0 0 0 0 
22 0 0 0 0 0 0 0 0 0 0 0 0 0 0 0 0 0 
13 0 0 0 0 0 0 0 0 0 0 0 0 0 0 0 0 0 
4 0 0 0 0 0 0 0 0 0 0 0 0 0 0 0 0 0 
0 0 0 0 0 0 0 0 0 0 0 0 0 0 0 0 0 0 
0 0 0 0 0 0 0 0 0 0 0 0 0 0 0 0 0 0 
0 0 0 0 0 0 0 0 0 0 0 0 0 0 0 0 0 0 
5000 4987 4951 4787 4517 4222 3661 3194 2605 2084 1591 1227 918 676 487 330 212 136 
4707 4452 3984 3076 1975 1220 580 275 89 20 7 0 1 0 0 0 0 0 
4066 3188 1950 693 144 35 3 1 0 0 0 0 0 0 0 0 0 0 
3268 1936 740 100 9 2 1 0 0 0 0 0 0 0 0 0 0 0 
2373 961 195 10 0 0 0 0 0 0 0 0 0 0 0 0 0 0 
1685 397 47 2 0 0 0 0 0 0 0 0 0 0 0 0 0 0 
1023 123 7 1 0 0 0 0 0 0 0 0 0 0 0 0 0 0 
567 22 0 0 0 0 0 0 0 0 0 0 0 0 0 0 0 0 
261 4 0 0 0 0 0 0 0 0 0 0 0 0 0 0 0 0 
136 1 0 0 0 0 0 0 0 0 0 0 0 0 0 0 0 0 
46 0 0 0 0 0 0 0 0 0 0 0 0 0 0 0 0 0 
18 0 0 0 0 0 0 0 0 0 0 0 0 0 0 0 0 0 
6 0 0 0 0 0 0 0 0 0 0 0 0 0 0 0 0 0 
5 0 0 0 0 0 0 0 0 0 0 0 0 0 0 0 0 0 
2 0 0 0 0 0 0 0 0 0 0 0 0 0 0 0 0 0 
1 0 0 0 0 0 0 0 0 0 0 0 0 0 0 0 0 0 
0 0 0 0 0 0 0 0 0 0 0 0 0 0 0 0 0 0 
0 0 0 0 0 0 0 0 0 0 0 0 0 0 0 0 0 0 
5000 4982 4946 4816 4632 4274 3962 3531 3060 2592 2117 1693 1346 1053 759 533 378 229 
4559 4026 3309 2271 1474 780 416 175 72 14 0 0 0 0 0 0 0 0 
3960 2730 1537 488 128 14 4 0 0 0 0 0 0 0 0 0 0 0 
3231 1638 571 56 3 1 0 0 0 0 0 0 0 0 0 0 0 0 
2471 828 148 2 0 0 0 0 0 0 0 0 0 0 0 0 0 0 
1801 337 16 0 0 0 0 0 0 0 0 0 0 0 0 0 0 0 
1203 120 1 0 0 0 0 0 0 0 0 0 0 0 0 0 0 0 
783 28 0 0 0 0 0 0 0 0 0 0 0 0 0 0 0 0 
433 5 0 0 0 0 0 0 0 0 0 0 0 0 0 0 0 0 
236 2 0 0 0 0 0 0 0 0 0 0 0 0 0 0 0 0 
122 0 0 0 0 0 0 0 0 0 0 0 0 0 0 0 0 0 
64 0 0 0 0 0 0 0 0 0 0 0 0 0 0 0 0 0 
28 0 0 0 0 0 0 0 0 0 0 0 0 0 0 0 0 0 
7 0 0 0 0 0 0 0 0 0 0 0 0 0 0 0 0 0 
3 0 0 0 0 0 0 0 0 0 0 0 0 0 0 0 0 0 
2 0 0 0 0 0 0 0 0 0 0 0 0 0 0 0 0 0 
0 0 0 0 0 0 0 0 0 0 0 0 0 0 0 0 0 0 
0 0 0 0 0 0 0 0 0 0 0 0 0 0 0 0 0 0 
5000 4983 4942 4806 4515 4196 3737 3286 2691 2163 1639 1297 941 719 499 348 220 153 
4708 4479 4053 3203 2043 1302 687 349 109 25 14 5 2 2 1 1 0 0 
3924 3078 1862 703 115 38 6 3 1 0 0 0 0 0 0 0 0 0 
3121 1872 662 125 8 3 1 0 0 0 0 0 0 0 0 0 0 0 
2302 913 182 11 0 0 0 0 0 0 0 0 0 0 0 0 0 0 
1521 338 31 3 0 0 0 0 0 0 0 0 0 0 0 0 0 0 
919 101 5 0 0 0 0 0 0 0 0 0 0 0 0 0 0 0 
516 30 0 0 0 0 0 0 0 0 0 0 0 0 0 0 0 0 
261 3 0 0 0 0 0 0 0 0 0 0 0 0 0 0 0 0 
131 2 0 0 0 0 0 0 0 0 0 0 0 0 0 0 0 0 
56 0 0 0 0 0 0 0 0 0 0 0 0 0 0 0 0 0 
25 0 0 0 0 0 0 0 0 0 0 0 0 0 0 0 0 0 
7 0 0 0 0 0 0 0 0 0 0 0 0 0 0 0 0 0 
3 0 0 0 0 0 0 0 0 0 0 0 0 0 0 0 0 0 
0 0 0 0 0 0 0 0 0 0 0 0 0 0 0 0 0 0 
0 0 0 0 0 0 0 0 0 0 0 0 0 0 0 0 0 0 
0 0 0 0 0 0 0 0 0 0 0 0 0 0 0 0 0 0 
0 0 0 0 0 0 0 0 0 0 0 0 0 0 0 0 0 0 
5000 4989 4953 4809 4607 4297 3921 3433 2914 2424 1987 1600 1241 967 741 531 354 212 
4563 4093 3408 2422 1527 856 432 188 68 22 4 1 1 0 0 0 0 0 
4021 2832 1602 542 142 18 1 0 0 0 0 0 0 0 0 0 0 0 
3297 1731 619 77 4 0 0 0 0 0 0 0 0 0 0 0 0 0 
2510 879 161 1 0 0 0 0 0 0 0 0 0 0 0 0 0 0 
1779 387 30 0 0 0 0 0 0 0 0 0 0 0 0 0 0 0 
1160 118 2 0 0 0 0 0 0 0 0 0 0 0 0 0 0 0 
673 17 0 0 0 0 0 0 0 0 0 0 0 0 0 0 0 0 
403 3 0 0 0 0 0 0 0 0 0 0 0 0 0 0 0 0 
221 0 0 0 0 0 0 0 0 0 0 0 0 0 0 0 0 0 
119 1 0 0 0 0 0 0 0 0 0 0 0 0 0 0 0 0 
51 0 0 0 0 0 0 0 0 0 0 0 0 0 0 0 0 0 
24 0 0 0 0 0 0 0 0 0 0 0 0 0 0 0 0 0 
7 0 0 0 0 0 0 0 0 0 0 0 0 0 0 0 0 0 
2 0 0 0 0 0 0 0 0 0 0 0 0 0 0 0 0 0 
1 0 0 0 0 0 0 0 0 0 0 0 0 0 0 0 0 0 
0 0 0 0 0 0 0 0 0 0 0 0 0 0 0 0 0 0 
0 0 0 0 0 0 0 0 0 0 0 0 0 0 0 0 0 0 
5000 4979 4949 4815 4565 4288 3880 3381 2882 2359 1901 1495 1136 903 661 459 318 195 
4606 4257 3726 2807 1806 1096 569 231 89 18 8 2 0 0 0 0 0 0 
3927 2966 1767 628 142 27 2 0 0 0 0 0 0 0 0 0 0 0 
3079 1751 671 89 9 2 0 0 0 0 0 0 0 0 0 0 0 0 
2277 835 158 5 0 0 0 0 0 0 0 0 0 0 0 0 0 0 
1603 328 25 0 0 0 0 0 0 0 0 0 0 0 0 0 0 0 
983 96 2 0 0 0 0 0 0 0 0 0 0 0 0 0 0 0 
609 29 0 0 0 0 0 0 0 0 0 0 0 0 0 0 0 0 
327 6 0 0 0 0 0 0 0 0 0 0 0 0 0 0 0 0 
150 0 0 0 0 0 0 0 0 0 0 0 0 0 0 0 0 0 
71 0 0 0 0 0 0 0 0 0 0 0 0 0 0 0 0 0 
34 0 0 0 0 0 0 0 0 0 0 0 0 0 0 0 0 0 
16 0 0 0 0 0 0 0 0 0 0 0 0 0 0 0 0 0 
5 0 0 0 0 0 0 0 0 0 0 0 0 0 0 0 0 0 
0 0 0 0 0 0 0 0 0 0 0 0 0 0 0 0 0 0 
0 0 0 0 0 0 0 0 0 0 0 0 0 0 0 0 0 0 
0 0 0 0 0 0 0 0 0 0 0 0 0 0 0 0 0 0 
0 0 0 0 0 0 0 0 0 0 0 0 0 0 0 0 0 0 
5000 4989 4952 4837 4677 4343 3993 3610 3203 2752 2359 1955 1618 1318 1034 801 576 365 
4429 3799 3148 2118 1398 776 382 158 54 10 2 1 0 0 0 0 0 0 
3738 2465 1377 447 102 16 1 0 0 0 0 0 0 0 0 0 0 0 
3057 1491 521 51 5 0 0 0 0 0 0 0 0 0 0 0 0 0 
2320 766 137 6 1 0 0 0 0 0 0 0 0 0 0 0 0 0 
1669 318 22 1 0 0 0 0 0 0 0 0 0 0 0 0 0 0 
1123 112 1 0 0 0 0 0 0 0 0 0 0 0 0 0 0 0 
698 15 0 0 0 0 0 0 0 0 0 0 0 0 0 0 0 0 
416 1 0 0 0 0 0 0 0 0 0 0 0 0 0 0 0 0 
218 0 0 0 0 0 0 0 0 0 0 0 0 0 0 0 0 0 
128 0 0 0 0 0 0 0 0 0 0 0 0 0 0 0 0 0 
62 0 0 0 0 0 0 0 0 0 0 0 0 0 0 0 0 0 
40 0 0 0 0 0 0 0 0 0 0 0 0 0 0 0 0 0 
9 0 0 0 0 0 0 0 0 0 0 0 0 0 0 0 0 0 
6 0 0 0 0 0 0 0 0 0 0 0 0 0 0 0 0 0 
2 0 0 0 0 0 0 0 0 0 0 0 0 0 0 0 0 0 
1 0 0 0 0 0 0 0 0 0 0 0 0 0 0 0 0 0 
0 0 0 0 0 0 0 0 0 0 0 0 0 0 0 0 0 0 
5000 4982 4944 4823 4473 4212 3721 3271 2636 2127 1600 1252 908 713 492 355 228 156 
4678 4474 4060 3368 2176 1446 758 398 98 41 19 13 5 2 0 0 0 0 
3873 3096 1782 753 98 36 6 4 0 0 0 0 0 0 0 0 0 0 
3183 1924 707 171 13 4 0 0 0 0 0 0 0 0 0 0 0 0 
2234 872 137 23 2 0 0 0 0 0 0 0 0 0 0 0 0 0 
1439 315 38 9 0 0 0 0 0 0 0 0 0 0 0 0 0 0 
847 113 10 2 0 0 0 0 0 0 0 0 0 0 0 0 0 0 
451 33 4 0 0 0 0 0 0 0 0 0 0 0 0 0 0 0 
211 8 2 0 0 0 0 0 0 0 0 0 0 0 0 0 0 0 
96 2 1 0 0 0 0 0 0 0 0 0 0 0 0 0 0 0 
45 1 0 0 0 0 0 0 0 0 0 0 0 0 0 0 0 0 
18 0 0 0 0 0 0 0 0 0 0 0 0 0 0 0 0 0 
4 0 0 0 0 0 0 0 0 0 0 0 0 0 0 0 0 0 
4 0 0 0 0 0 0 0 0 0 0 0 0 0 0 0 0 0 
0 0 0 0 0 0 0 0 0 0 0 0 0 0 0 0 0 0 
0 0 0 0 0 0 0 0 0 0 0 0 0 0 0 0 0 0 
0 0 0 0 0 0 0 0 0 0 0 0 0 0 0 0 0 0 
0 0 0 0 0 0 0 0 0 0 0 0 0 0 0 0 0 0 
5000 4983 4953 4816 4628 4329 3872 3410 2902 2416 1977 1561 1213 904 675 479 308 195 
4642 4148 3520 2481 1589 887 465 180 51 16 1 0 0 0 0 0 0 0 
3969 2853 1609 519 122 21 3 0 0 0 0 0 0 0 0 0 0 0 
3297 1740 646 70 2 1 0 0 0 0 0 0 0 0 0 0 0 0 
2496 883 193 7 0 0 0 0 0 0 0 0 0 0 0 0 0 0 
1791 340 41 1 0 0 0 0 0 0 0 0 0 0 0 0 0 0 
1162 99 7 0 0 0 0 0 0 0 0 0 0 0 0 0 0 0 
680 13 0 0 0 0 0 0 0 0 0 0 0 0 0 0 0 0 
385 1 0 0 0 0 0 0 0 0 0 0 0 0 0 0 0 0 
225 0 0 0 0 0 0 0 0 0 0 0 0 0 0 0 0 0 
122 0 0 0 0 0 0 0 0 0 0 0 0 0 0 0 0 0 
61 0 0 0 0 0 0 0 0 0 0 0 0 0 0 0 0 0 
23 0 0 0 0 0 0 0 0 0 0 0 0 0 0 0 0 0 
9 0 0 0 0 0 0 0 0 0 0 0 0 0 0 0 0 0 
5 0 0 0 0 0 0 0 0 0 0 0 0 0 0 0 0 0 
2 0 0 0 0 0 0 0 0 0 0 0 0 0 0 0 0 0 
1 0 0 0 0 0 0 0 0 0 0 0 0 0 0 0 0 0 
0 0 0 0 0 0 0 0 0 0 0 0 0 0 0 0 0 0 
5000 4983 4950 4816 4568 4259 3853 3342 2881 2367 1862 1477 1136 896 654 480 308 195 
4631 4317 3752 2796 1820 1124 585 267 88 33 5 2 1 0 0 0 0 0 
3927 2967 1721 596 122 26 3 0 0 0 0 0 0 0 0 0 0 0 
3127 1768 642 82 3 1 0 0 0 0 0 0 0 0 0 0 0 0 
2322 860 140 6 0 0 0 0 0 0 0 0 0 0 0 0 0 0 
1600 337 34 0 0 0 0 0 0 0 0 0 0 0 0 0 0 0 
1002 104 3 0 0 0 0 0 0 0 0 0 0 0 0 0 0 0 
572 20 1 0 0 0 0 0 0 0 0 0 0 0 0 0 0 0 
299 4 0 0 0 0 0 0 0 0 0 0 0 0 0 0 0 0 
152 0 0 0 0 0 0 0 0 0 0 0 0 0 0 0 0 0 
70 0 0 0 0 0 0 0 0 0 0 0 0 0 0 0 0 0 
27 0 0 0 0 0 0 0 0 0 0 0 0 0 0 0 0 0 
10 0 0 0 0 0 0 0 0 0 0 0 0 0 0 0 0 0 
3 0 0 0 0 0 0 0 0 0 0 0 0 0 0 0 0 0 
1 0 0 0 0 0 0 0 0 0 0 0 0 0 0 0 0 0 
0 0 0 0 0 0 0 0 0 0 0 0 0 0 0 0 0 0 
0 0 0 0 0 0 0 0 0 0 0 0 0 0 0 0 0 0 
0 0 0 0 0 0 0 0 0 0 0 0 0 0 0 0 0 0 
5000 4983 4956 4844 4640 4368 3997 3592 3172 2700 2262 1906 1570 1237 992 748 518 315 
4505 3907 3158 2238 1415 815 445 188 67 14 1 0 0 0 0 0 0 0 
3752 2540 1360 434 102 12 2 0 0 0 0 0 0 0 0 0 0 0 
3072 1511 539 59 2 0 0 0 0 0 0 0 0 0 0 0 0 0 
2319 767 145 4 0 0 0 0 0 0 0 0 0 0 0 0 0 0 
1659 332 20 0 0 0 0 0 0 0 0 0 0 0 0 0 0 0 
1108 102 1 0 0 0 0 0 0 0 0 0 0 0 0 0 0 0 
702 26 0 0 0 0 0 0 0 0 0 0 0 0 0 0 0 0 
400 2 0 0 0 0 0 0 0 0 0 0 0 0 0 0 0 0 
237 0 0 0 0 0 0 0 0 0 0 0 0 0 0 0 0 0 
123 0 0 0 0 0 0 0 0 0 0 0 0 0 0 0 0 0 
60 0 0 0 0 0 0 0 0 0 0 0 0 0 0 0 0 0 
27 0 0 0 0 0 0 0 0 0 0 0 0 0 0 0 0 0 
15 0 0 0 0 0 0 0 0 0 0 0 0 0 0 0 0 0 
6 0 0 0 0 0 0 0 0 0 0 0 0 0 0 0 0 0 
3 0 0 0 0 0 0 0 0 0 0 0 0 0 0 0 0 0 
3 0 0 0 0 0 0 0 0 0 0 0 0 0 0 0 0 0 
1 0 0 0 0 0 0 0 0 0 0 0 0 0 0 0 0 0 
5000 4982 4934 4822 4513 4226 3834 3398 2769 2262 1775 1462 1099 881 642 475 354 245 
4607 4328 3879 3098 1981 1244 674 342 120 36 14 12 3 0 0 0 0 0 
3834 2964 1688 643 101 31 3 2 0 0 0 0 0 0 0 0 0 0 
3033 1760 654 117 7 1 0 0 0 0 0 0 0 0 0 0 0 0 
2188 879 136 11 0 0 0 0 0 0 0 0 0 0 0 0 0 0 
1470 335 30 3 0 0 0 0 0 0 0 0 0 0 0 0 0 0 
912 117 3 0 0 0 0 0 0 0 0 0 0 0 0 0 0 0 
512 35 2 0 0 0 0 0 0 0 0 0 0 0 0 0 0 0 
268 6 1 0 0 0 0 0 0 0 0 0 0 0 0 0 0 0 
127 2 0 0 0 0 0 0 0 0 0 0 0 0 0 0 0 0 
62 0 0 0 0 0 0 0 0 0 0 0 0 0 0 0 0 0 
32 0 0 0 0 0 0 0 0 0 0 0 0 0 0 0 0 0 
13 0 0 0 0 0 0 0 0 0 0 0 0 0 0 0 0 0 
5 0 0 0 0 0 0 0 0 0 0 0 0 0 0 0 0 0 
2 0 0 0 0 0 0 0 0 0 0 0 0 0 0 0 0 0 
0 0 0 0 0 0 0 0 0 0 0 0 0 0 0 0 0 0 
0 0 0 0 0 0 0 0 0 0 0 0 0 0 0 0 0 0 
0 0 0 0 0 0 0 0 0 0 0 0 0 0 0 0 0 0 
5000 4983 4972 4833 4654 4343 4042 3643 3223 2814 2376 2024 1690 1392 1146 870 631 418 
4384 3782 3096 2164 1361 792 418 183 56 17 3 1 0 0 0 0 0 0 
3649 2470 1358 448 83 11 0 0 0 0 0 0 0 0 0 0 0 0 
2910 1436 512 74 6 1 0 0 0 0 0 0 0 0 0 0 0 0 
2224 729 144 3 0 0 0 0 0 0 0 0 0 0 0 0 0 0 
1558 286 17 0 0 0 0 0 0 0 0 0 0 0 0 0 0 0 
1055 81 2 0 0 0 0 0 0 0 0 0 0 0 0 0 0 0 
666 25 0 0 0 0 0 0 0 0 0 0 0 0 0 0 0 0 
422 6 0 0 0 0 0 0 0 0 0 0 0 0 0 0 0 0 
237 1 0 0 0 0 0 0 0 0 0 0 0 0 0 0 0 0 
133 0 0 0 0 0 0 0 0 0 0 0 0 0 0 0 0 0 
74 0 0 0 0 0 0 0 0 0 0 0 0 0 0 0 0 0 
41 0 0 0 0 0 0 0 0 0 0 0 0 0 0 0 0 0 
18 0 0 0 0 0 0 0 0 0 0 0 0 0 0 0 0 0 
5 0 0 0 0 0 0 0 0 0 0 0 0 0 0 0 0 0 
4 0 0 0 0 0 0 0 0 0 0 0 0 0 0 0 0 0 
0 0 0 0 0 0 0 0 0 0 0 0 0 0 0 0 0 0 
0 0 0 0 0 0 0 0 0 0 0 0 0 0 0 0 0 0 
5000 4987 4967 4818 4647 4358 4052 3721 3364 2935 2566 2181 1835 1574 1298 1052 800 572 
4255 3664 2988 2146 1403 873 455 195 91 19 5 2 0 0 0 0 0 0 
3367 2267 1189 402 102 15 0 0 0 0 0 0 0 0 0 0 0 0 
2709 1363 470 62 6 0 0 0 0 0 0 0 0 0 0 0 0 0 
2041 681 123 6 1 0 0 0 0 0 0 0 0 0 0 0 0 0 
1446 286 18 0 0 0 0 0 0 0 0 0 0 0 0 0 0 0 
985 96 4 0 0 0 0 0 0 0 0 0 0 0 0 0 0 0 
642 23 1 0 0 0 0 0 0 0 0 0 0 0 0 0 0 0 
395 11 0 0 0 0 0 0 0 0 0 0 0 0 0 0 0 0 
223 2 0 0 0 0 0 0 0 0 0 0 0 0 0 0 0 0 
124 0 0 0 0 0 0 0 0 0 0 0 0 0 0 0 0 0 
66 0 0 0 0 0 0 0 0 0 0 0 0 0 0 0 0 0 
28 0 0 0 0 0 0 0 0 0 0 0 0 0 0 0 0 0 
12 0 0 0 0 0 0 0 0 0 0 0 0 0 0 0 0 0 
6 0 0 0 0 0 0 0 0 0 0 0 0 0 0 0 0 0 
4 0 0 0 0 0 0 0 0 0 0 0 0 0 0 0 0 0 
1 0 0 0 0 0 0 0 0 0 0 0 0 0 0 0 0 0 
0 0 0 0 0 0 0 0 0 0 0 0 0 0 0 0 0 0 
5000 4991 4981 4930 4865 4798 4695 4555 4430 4271 4087 3910 3732 3524 3271 2992 2642 2161 
2759 1376 906 542 325 200 99 48 14 3 0 0 0 0 0 0 0 0 
2024 658 284 75 17 1 0 0 0 0 0 0 0 0 0 0 0 0 
1574 370 98 10 1 0 0 0 0 0 0 0 0 0 0 0 0 0 
1230 173 24 2 0 0 0 0 0 0 0 0 0 0 0 0 0 0 
924 75 3 0 0 0 0 0 0 0 0 0 0 0 0 0 0 0 
685 26 0 0 0 0 0 0 0 0 0 0 0 0 0 0 0 0 
512 7 0 0 0 0 0 0 0 0 0 0 0 0 0 0 0 0 
380 0 0 0 0 0 0 0 0 0 0 0 0 0 0 0 0 0 
271 0 0 0 0 0 0 0 0 0 0 0 0 0 0 0 0 0 
198 0 0 0 0 0 0 0 0 0 0 0 0 0 0 0 0 0 
125 0 0 0 0 0 0 0 0 0 0 0 0 0 0 0 0 0 
80 0 0 0 0 0 0 0 0 0 0 0 0 0 0 0 0 0 
42 0 0 0 0 0 0 0 0 0 0 0 0 0 0 0 0 0 
14 0 0 0 0 0 0 0 0 0 0 0 0 0 0 0 0 0 
8 0 0 0 0 0 0 0 0 0 0 0 0 0 0 0 0 0 
2 0 0 0 0 0 0 0 0 0 0 0 0 0 0 0 0 0 
0 0 0 0 0 0 0 0 0 0 0 0 0 0 0 0 0 0 
5000 4969 4941 4863 4472 4205 3715 3260 2658 2185 1652 1297 965 757 547 418 260 176 
4681 4436 4039 3507 2132 1449 709 402 111 30 22 7 4 2 2 0 0 0 
3830 3050 1817 818 83 29 5 2 1 0 0 0 0 0 0 0 0 0 
3061 1901 695 206 8 4 0 0 0 0 0 0 0 0 0 0 0 0 
2087 885 125 18 0 0 0 0 0 0 0 0 0 0 0 0 0 0 
1379 325 36 9 0 0 0 0 0 0 0 0 0 0 0 0 0 0 
774 112 2 0 0 0 0 0 0 0 0 0 0 0 0 0 0 0 
436 28 1 1 0 0 0 0 0 0 0 0 0 0 0 0 0 0 
204 10 0 0 0 0 0 0 0 0 0 0 0 0 0 0 0 0 
111 2 0 0 0 0 0 0 0 0 0 0 0 0 0 0 0 0 
36 2 0 0 0 0 0 0 0 0 0 0 0 0 0 0 0 0 
24 0 0 0 0 0 0 0 0 0 0 0 0 0 0 0 0 0 
7 0 0 0 0 0 0 0 0 0 0 0 0 0 0 0 0 0 
3 0 0 0 0 0 0 0 0 0 0 0 0 0 0 0 0 0 
0 0 0 0 0 0 0 0 0 0 0 0 0 0 0 0 0 0 
0 0 0 0 0 0 0 0 0 0 0 0 0 0 0 0 0 0 
0 0 0 0 0 0 0 0 0 0 0 0 0 0 0 0 0 0 
0 0 0 0 0 0 0 0 0 0 0 0 0 0 0 0 0 0 
5000 4986 4957 4818 4596 4318 3927 3467 2996 2524 2075 1644 1300 1042 783 577 403 243 
4591 4092 3479 2475 1590 941 476 210 78 25 4 0 0 0 0 0 0 0 
3897 2716 1560 501 112 19 2 0 0 0 0 0 0 0 0 0 0 0 
3164 1615 566 78 8 0 0 0 0 0 0 0 0 0 0 0 0 0 
2354 832 159 5 0 0 0 0 0 0 0 0 0 0 0 0 0 0 
1704 344 42 0 0 0 0 0 0 0 0 0 0 0 0 0 0 0 
1090 100 5 0 0 0 0 0 0 0 0 0 0 0 0 0 0 0 
680 35 0 0 0 0 0 0 0 0 0 0 0 0 0 0 0 0 
387 7 0 0 0 0 0 0 0 0 0 0 0 0 0 0 0 0 
207 2 0 0 0 0 0 0 0 0 0 0 0 0 0 0 0 0 
103 0 0 0 0 0 0 0 0 0 0 0 0 0 0 0 0 0 
54 0 0 0 0 0 0 0 0 0 0 0 0 0 0 0 0 0 
23 0 0 0 0 0 0 0 0 0 0 0 0 0 0 0 0 0 
9 0 0 0 0 0 0 0 0 0 0 0 0 0 0 0 0 0 
2 0 0 0 0 0 0 0 0 0 0 0 0 0 0 0 0 0 
1 0 0 0 0 0 0 0 0 0 0 0 0 0 0 0 0 0 
0 0 0 0 0 0 0 0 0 0 0 0 0 0 0 0 0 0 
0 0 0 0 0 0 0 0 0 0 0 0 0 0 0 0 0 0 
5000 4976 4957 4809 4574 4316 3896 3492 2961 2470 2033 1664 1289 982 723 535 356 226 
4586 4233 3624 2746 1788 1086 574 280 91 33 9 3 0 0 0 0 0 0 
3794 2825 1586 550 107 20 0 0 0 0 0 0 0 0 0 0 0 0 
2999 1619 605 72 3 0 0 0 0 0 0 0 0 0 0 0 0 0 
2210 790 172 9 0 0 0 0 0 0 0 0 0 0 0 0 0 0 
1563 340 38 0 0 0 0 0 0 0 0 0 0 0 0 0 0 0 
953 91 5 0 0 0 0 0 0 0 0 0 0 0 0 0 0 0 
618 23 0 0 0 0 0 0 0 0 0 0 0 0 0 0 0 0 
339 5 0 0 0 0 0 0 0 0 0 0 0 0 0 0 0 0 
180 1 0 0 0 0 0 0 0 0 0 0 0 0 0 0 0 0 
103 0 0 0 0 0 0 0 0 0 0 0 0 0 0 0 0 0 
46 0 0 0 0 0 0 0 0 0 0 0 0 0 0 0 0 0 
15 0 0 0 0 0 0 0 0 0 0 0 0 0 0 0 0 0 
5 0 0 0 0 0 0 0 0 0 0 0 0 0 0 0 0 0 
2 0 0 0 0 0 0 0 0 0 0 0 0 0 0 0 0 0 
0 0 0 0 0 0 0 0 0 0 0 0 0 0 0 0 0 0 
0 0 0 0 0 0 0 0 0 0 0 0 0 0 0 0 0 0 
0 0 0 0 0 0 0 0 0 0 0 0 0 0 0 0 0 0 
5000 4989 4970 4849 4694 4496 4217 3891 3524 3162 2810 2437 2129 1832 1530 1254 985 735 
4087 3325 2669 1820 1173 705 360 161 54 5 1 0 0 0 0 0 0 0 
3330 2050 1111 368 83 13 1 0 0 0 0 0 0 0 0 0 0 0 
2660 1197 394 41 3 0 0 0 0 0 0 0 0 0 0 0 0 0 
1995 582 94 0 0 0 0 0 0 0 0 0 0 0 0 0 0 0 
1434 229 14 0 0 0 0 0 0 0 0 0 0 0 0 0 0 0 
963 75 1 0 0 0 0 0 0 0 0 0 0 0 0 0 0 0 
614 21 1 0 0 0 0 0 0 0 0 0 0 0 0 0 0 0 
371 6 0 0 0 0 0 0 0 0 0 0 0 0 0 0 0 0 
228 1 0 0 0 0 0 0 0 0 0 0 0 0 0 0 0 0 
121 0 0 0 0 0 0 0 0 0 0 0 0 0 0 0 0 0 
76 0 0 0 0 0 0 0 0 0 0 0 0 0 0 0 0 0 
32 0 0 0 0 0 0 0 0 0 0 0 0 0 0 0 0 0 
17 0 0 0 0 0 0 0 0 0 0 0 0 0 0 0 0 0 
8 0 0 0 0 0 0 0 0 0 0 0 0 0 0 0 0 0 
1 0 0 0 0 0 0 0 0 0 0 0 0 0 0 0 0 0 
1 0 0 0 0 0 0 0 0 0 0 0 0 0 0 0 0 0 
0 0 0 0 0 0 0 0 0 0 0 0 0 0 0 0 0 0 
5000 4983 4962 4838 4584 4330 3925 3535 3037 2622 2156 1774 1435 1152 908 713 503 374 
4436 4112 3571 2769 1847 1171 609 328 120 44 19 3 0 1 0 0 0 0 
3583 2684 1502 545 102 26 2 1 1 0 0 0 0 0 0 0 0 0 
2782 1590 547 97 2 0 0 0 0 0 0 0 0 0 0 0 0 0 
1986 779 145 12 1 1 0 0 0 0 0 0 0 0 0 0 0 0 
1358 320 28 1 0 0 0 0 0 0 0 0 0 0 0 0 0 0 
840 108 1 0 0 0 0 0 0 0 0 0 0 0 0 0 0 0 
518 29 0 0 0 0 0 0 0 0 0 0 0 0 0 0 0 0 
279 4 0 0 0 0 0 0 0 0 0 0 0 0 0 0 0 0 
141 1 0 0 0 0 0 0 0 0 0 0 0 0 0 0 0 0 
71 0 0 0 0 0 0 0 0 0 0 0 0 0 0 0 0 0 
34 0 0 0 0 0 0 0 0 0 0 0 0 0 0 0 0 0 
11 0 0 0 0 0 0 0 0 0 0 0 0 0 0 0 0 0 
5 0 0 0 0 0 0 0 0 0 0 0 0 0 0 0 0 0 
1 0 0 0 0 0 0 0 0 0 0 0 0 0 0 0 0 0 
1 0 0 0 0 0 0 0 0 0 0 0 0 0 0 0 0 0 
0 0 0 0 0 0 0 0 0 0 0 0 0 0 0 0 0 0 
0 0 0 0 0 0 0 0 0 0 0 0 0 0 0 0 0 0 
5000 4994 4969 4890 4755 4578 4365 4123 3883 3582 3329 3022 2750 2428 2180 1887 1566 1200 
3656 2736 2089 1411 860 515 294 120 43 16 4 1 0 0 0 0 0 0 
2827 1491 736 214 37 2 0 0 0 0 0 0 0 0 0 0 0 0 
2173 854 271 21 0 0 0 0 0 0 0 0 0 0 0 0 0 0 
1652 432 69 1 0 0 0 0 0 0 0 0 0 0 0 0 0 0 
1209 185 10 0 0 0 0 0 0 0 0 0 0 0 0 0 0 0 
845 71 1 0 0 0 0 0 0 0 0 0 0 0 0 0 0 0 
597 13 0 0 0 0 0 0 0 0 0 0 0 0 0 0 0 0 
399 7 0 0 0 0 0 0 0 0 0 0 0 0 0 0 0 0 
272 1 0 0 0 0 0 0 0 0 0 0 0 0 0 0 0 0 
173 0 0 0 0 0 0 0 0 0 0 0 0 0 0 0 0 0 
95 0 0 0 0 0 0 0 0 0 0 0 0 0 0 0 0 0 
55 0 0 0 0 0 0 0 0 0 0 0 0 0 0 0 0 0 
25 0 0 0 0 0 0 0 0 0 0 0 0 0 0 0 0 0 
13 0 0 0 0 0 0 0 0 0 0 0 0 0 0 0 0 0 
3 0 0 0 0 0 0 0 0 0 0 0 0 0 0 0 0 0 
0 0 0 0 0 0 0 0 0 0 0 0 0 0 0 0 0 0 
0 0 0 0 0 0 0 0 0 0 0 0 0 0 0 0 0 0 
5000 4992 4978 4919 4829 4705 4568 4366 4172 3949 3664 3417 3142 2883 2601 2302 1929 1442 
3447 2221 1590 1034 646 375 199 115 31 10 2 0 0 0 0 0 0 0 
2582 1107 453 135 27 8 0 0 0 0 0 0 0 0 0 0 0 0 
1938 567 133 19 0 0 0 0 0 0 0 0 0 0 0 0 0 0 
1481 290 36 1 0 0 0 0 0 0 0 0 0 0 0 0 0 0 
1122 118 10 0 0 0 0 0 0 0 0 0 0 0 0 0 0 0 
810 51 2 0 0 0 0 0 0 0 0 0 0 0 0 0 0 0 
584 13 0 0 0 0 0 0 0 0 0 0 0 0 0 0 0 0 
409 2 0 0 0 0 0 0 0 0 0 0 0 0 0 0 0 0 
241 1 0 0 0 0 0 0 0 0 0 0 0 0 0 0 0 0 
151 0 0 0 0 0 0 0 0 0 0 0 0 0 0 0 0 0 
92 0 0 0 0 0 0 0 0 0 0 0 0 0 0 0 0 0 
55 0 0 0 0 0 0 0 0 0 0 0 0 0 0 0 0 0 
23 0 0 0 0 0 0 0 0 0 0 0 0 0 0 0 0 0 
11 0 0 0 0 0 0 0 0 0 0 0 0 0 0 0 0 0 
0 0 0 0 0 0 0 0 0 0 0 0 0 0 0 0 0 0 
0 0 0 0 0 0 0 0 0 0 0 0 0 0 0 0 0 0 
0 0 0 0 0 0 0 0 0 0 0 0 0 0 0 0 0 0 
5000 4999 4995 4973 4935 4912 4881 4831 4770 4708 4624 4509 4410 4254 4088 3860 3517 2977 
2015 151 71 32 14 12 6 2 1 1 0 0 0 0 0 0 0 0 
1446 46 15 1 0 0 0 0 0 0 0 0 0 0 0 0 0 0 
1088 20 3 0 0 0 0 0 0 0 0 0 0 0 0 0 0 0 
920 6 1 0 0 0 0 0 0 0 0 0 0 0 0 0 0 0 
731 3 0 0 0 0 0 0 0 0 0 0 0 0 0 0 0 0 
578 2 0 0 0 0 0 0 0 0 0 0 0 0 0 0 0 0 
446 0 0 0 0 0 0 0 0 0 0 0 0 0 0 0 0 0 
338 0 0 0 0 0 0 0 0 0 0 0 0 0 0 0 0 0 
267 0 0 0 0 0 0 0 0 0 0 0 0 0 0 0 0 0 
201 0 0 0 0 0 0 0 0 0 0 0 0 0 0 0 0 0 
148 0 0 0 0 0 0 0 0 0 0 0 0 0 0 0 0 0 
91 0 0 0 0 0 0 0 0 0 0 0 0 0 0 0 0 0 
54 0 0 0 0 0 0 0 0 0 0 0 0 0 0 0 0 0 
31 0 0 0 0 0 0 0 0 0 0 0 0 0 0 0 0 0 
13 0 0 0 0 0 0 0 0 0 0 0 0 0 0 0 0 0 
3 0 0 0 0 0 0 0 0 0 0 0 0 0 0 0 0 0 
0 0 0 0 0 0 0 0 0 0 0 0 0 0 0 0 0 0 
5000 4982 4946 4855 4596 4369 4028 3697 3251 2845 2415 2060 1698 1412 1137 893 640 481 
4355 3946 3343 2563 1659 1054 581 288 106 42 14 6 3 0 0 0 0 0 
3403 2378 1256 447 76 10 0 0 0 0 0 0 0 0 0 0 0 0 
2672 1390 478 87 6 1 0 0 0 0 0 0 0 0 0 0 0 0 
1927 659 127 10 0 0 0 0 0 0 0 0 0 0 0 0 0 0 
1334 277 37 3 0 0 0 0 0 0 0 0 0 0 0 0 0 0 
868 87 5 1 0 0 0 0 0 0 0 0 0 0 0 0 0 0 
524 34 2 1 0 0 0 0 0 0 0 0 0 0 0 0 0 0 
287 8 0 0 0 0 0 0 0 0 0 0 0 0 0 0 0 0 
174 2 0 0 0 0 0 0 0 0 0 0 0 0 0 0 0 0 
84 0 0 0 0 0 0 0 0 0 0 0 0 0 0 0 0 0 
47 0 0 0 0 0 0 0 0 0 0 0 0 0 0 0 0 0 
19 0 0 0 0 0 0 0 0 0 0 0 0 0 0 0 0 0 
10 0 0 0 0 0 0 0 0 0 0 0 0 0 0 0 0 0 
4 0 0 0 0 0 0 0 0 0 0 0 0 0 0 0 0 0 
0 0 0 0 0 0 0 0 0 0 0 0 0 0 0 0 0 0 
0 0 0 0 0 0 0 0 0 0 0 0 0 0 0 0 0 0 
0 0 0 0 0 0 0 0 0 0 0 0 0 0 0 0 0 0 
5000 4992 4981 4933 4851 4767 4639 4536 4375 4197 3949 3760 3537 3306 3031 2735 2331 1814 
3094 1556 1047 655 411 245 141 58 22 6 4 0 0 0 0 0 0 0 
2271 720 290 84 16 3 1 0 0 0 0 0 0 0 0 0 0 0 
1795 377 87 6 0 0 0 0 0 0 0 0 0 0 0 0 0 0 
1370 177 19 2 0 0 0 0 0 0 0 0 0 0 0 0 0 0 
1021 70 6 0 0 0 0 0 0 0 0 0 0 0 0 0 0 0 
793 37 1 0 0 0 0 0 0 0 0 0 0 0 0 0 0 0 
611 13 0 0 0 0 0 0 0 0 0 0 0 0 0 0 0 0 
436 2 0 0 0 0 0 0 0 0 0 0 0 0 0 0 0 0 
318 0 0 0 0 0 0 0 0 0 0 0 0 0 0 0 0 0 
216 0 0 0 0 0 0 0 0 0 0 0 0 0 0 0 0 0 
130 0 0 0 0 0 0 0 0 0 0 0 0 0 0 0 0 0 
78 0 0 0 0 0 0 0 0 0 0 0 0 0 0 0 0 0 
47 0 0 0 0 0 0 0 0 0 0 0 0 0 0 0 0 0 
21 0 0 0 0 0 0 0 0 0 0 0 0 0 0 0 0 0 
8 0 0 0 0 0 0 0 0 0 0 0 0 0 0 0 0 0 
1 0 0 0 0 0 0 0 0 0 0 0 0 0 0 0 0 0 
0 0 0 0 0 0 0 0 0 0 0 0 0 0 0 0 0 0 
5000 4991 4980 4942 4880 4811 4724 4637 4489 4321 4116 3936 3711 3460 3178 2823 2372 1806 
3117 1162 657 372 216 129 74 41 17 3 1 0 0 0 0 0 0 0 
2331 452 158 32 4 1 0 0 0 0 0 0 0 0 0 0 0 0 
1849 227 46 4 0 0 0 0 0 0 0 0 0 0 0 0 0 0 
1436 95 10 1 0 0 0 0 0 0 0 0 0 0 0 0 0 0 
1130 39 2 0 0 0 0 0 0 0 0 0 0 0 0 0 0 0 
891 16 1 1 0 0 0 0 0 0 0 0 0 0 0 0 0 0 
705 5 0 0 0 0 0 0 0 0 0 0 0 0 0 0 0 0 
535 0 0 0 0 0 0 0 0 0 0 0 0 0 0 0 0 0 
402 0 0 0 0 0 0 0 0 0 0 0 0 0 0 0 0 0 
266 0 0 0 0 0 0 0 0 0 0 0 0 0 0 0 0 0 
183 0 0 0 0 0 0 0 0 0 0 0 0 0 0 0 0 0 
112 0 0 0 0 0 0 0 0 0 0 0 0 0 0 0 0 0 
59 0 0 0 0 0 0 0 0 0 0 0 0 0 0 0 0 0 
27 0 0 0 0 0 0 0 0 0 0 0 0 0 0 0 0 0 
11 0 0 0 0 0 0 0 0 0 0 0 0 0 0 0 0 0 
3 0 0 0 0 0 0 0 0 0 0 0 0 0 0 0 0 0 
0 0 0 0 0 0 0 0 0 0 0 0 0 0 0 0 0 0 
5000 4994 4989 4972 4947 4904 4885 4842 4775 4705 4617 4521 4370 4203 4020 3800 3435 2819 
2189 12 5 2 1 0 0 0 0 0 0 0 0 0 0 0 0 0 
1557 0 0 0 0 0 0 0 0 0 0 0 0 0 0 0 0 0 
1197 0 0 0 0 0 0 0 0 0 0 0 0 0 0 0 0 0 
1003 0 0 0 0 0 0 0 0 0 0 0 0 0 0 0 0 0 
797 0 0 0 0 0 0 0 0 0 0 0 0 0 0 0 0 0 
666 0 0 0 0 0 0 0 0 0 0 0 0 0 0 0 0 0 
514 0 0 0 0 0 0 0 0 0 0 0 0 0 0 0 0 0 
401 0 0 0 0 0 0 0 0 0 0 0 0 0 0 0 0 0 
307 0 0 0 0 0 0 0 0 0 0 0 0 0 0 0 0 0 
229 0 0 0 0 0 0 0 0 0 0 0 0 0 0 0 0 0 
145 0 0 0 0 0 0 0 0 0 0 0 0 0 0 0 0 0 
92 0 0 0 0 0 0 0 0 0 0 0 0 0 0 0 0 0 
53 0 0 0 0 0 0 0 0 0 0 0 0 0 0 0 0 0 
23 0 0 0 0 0 0 0 0 0 0 0 0 0 0 0 0 0 
8 0 0 0 0 0 0 0 0 0 0 0 0 0 0 0 0 0 
1 0 0 0 0 0 0 0 0 0 0 0 0 0 0 0 0 0 
0 0 0 0 0 0 0 0 0 0 0 0 0 0 0 0 0 0 
5000 4993 4982 4947 4886 4819 4757 4648 4562 4406 4251 4042 3789 3541 3247 2852 2399 1755 
3153 709 346 184 104 56 34 17 7 0 0 0 0 0 0 0 0 0 
2431 244 60 10 2 1 0 0 0 0 0 0 0 0 0 0 0 0 
1974 107 18 0 0 0 0 0 0 0 0 0 0 0 0 0 0 0 
1599 48 4 0 0 0 0 0 0 0 0 0 0 0 0 0 0 0 
1283 22 0 0 0 0 0 0 0 0 0 0 0 0 0 0 0 0 
1021 13 0 0 0 0 0 0 0 0 0 0 0 0 0 0 0 0 
817 5 0 0 0 0 0 0 0 0 0 0 0 0 0 0 0 0 
599 0 0 0 0 0 0 0 0 0 0 0 0 0 0 0 0 0 
458 0 0 0 0 0 0 0 0 0 0 0 0 0 0 0 0 0 
321 0 0 0 0 0 0 0 0 0 0 0 0 0 0 0 0 0 
209 0 0 0 0 0 0 0 0 0 0 0 0 0 0 0 0 0 
133 0 0 0 0 0 0 0 0 0 0 0 0 0 0 0 0 0 
82 0 0 0 0 0 0 0 0 0 0 0 0 0 0 0 0 0 
35 0 0 0 0 0 0 0 0 0 0 0 0 0 0 0 0 0 
14 0 0 0 0 0 0 0 0 0 0 0 0 0 0 0 0 0 
4 0 0 0 0 0 0 0 0 0 0 0 0 0 0 0 0 0 
0 0 0 0 0 0 0 0 0 0 0 0 0 0 0 0 0 0 
5000 4994 4984 4970 4949 4891 4857 4801 4758 4684 4609 4475 4349 4201 4029 3745 3388 2774 
2204 1 0 0 0 0 0 0 0 0 0 0 0 0 0 0 0 0 
1595 0 0 0 0 0 0 0 0 0 0 0 0 0 0 0 0 0 
1275 0 0 0 0 0 0 0 0 0 0 0 0 0 0 0 0 0 
1034 0 0 0 0 0 0 0 0 0 0 0 0 0 0 0 0 0 
811 0 0 0 0 0 0 0 0 0 0 0 0 0 0 0 0 0 
699 0 0 0 0 0 0 0 0 0 0 0 0 0 0 0 0 0 
544 0 0 0 0 0 0 0 0 0 0 0 0 0 0 0 0 0 
414 0 0 0 0 0 0 0 0 0 0 0 0 0 0 0 0 0 
325 0 0 0 0 0 0 0 0 0 0 0 0 0 0 0 0 0 
235 0 0 0 0 0 0 0 0 0 0 0 0 0 0 0 0 0 
169 0 0 0 0 0 0 0 0 0 0 0 0 0 0 0 0 0 
104 0 0 0 0 0 0 0 0 0 0 0 0 0 0 0 0 0 
70 0 0 0 0 0 0 0 0 0 0 0 0 0 0 0 0 0 
35 0 0 0 0 0 0 0 0 0 0 0 0 0 0 0 0 0 
20 0 0 0 0 0 0 0 0 0 0 0 0 0 0 0 0 0 
5 0 0 0 0 0 0 0 0 0 0 0 0 0 0 0 0 0 
2 0 0 0 0 0 0 0 0 0 0 0 0 0 0 0 0 0 
5000 4996 4988 4968 4942 4902 4860 4813 4747 4691 4637 4509 4372 4212 4005 3762 3411 2821 
2166 1 0 0 0 0 0 0 0 0 0 0 0 0 0 0 0 0 
1605 0 0 0 0 0 0 0 0 0 0 0 0 0 0 0 0 0 
1254 0 0 0 0 0 0 0 0 0 0 0 0 0 0 0 0 0 
997 0 0 0 0 0 0 0 0 0 0 0 0 0 0 0 0 0 
831 0 0 0 0 0 0 0 0 0 0 0 0 0 0 0 0 0 
670 0 0 0 0 0 0 0 0 0 0 0 0 0 0 0 0 0 
521 0 0 0 0 0 0 0 0 0 0 0 0 0 0 0 0 0 
398 0 0 0 0 0 0 0 0 0 0 0 0 0 0 0 0 0 
301 0 0 0 0 0 0 0 0 0 0 0 0 0 0 0 0 0 
222 0 0 0 0 0 0 0 0 0 0 0 0 0 0 0 0 0 
160 0 0 0 0 0 0 0 0 0 0 0 0 0 0 0 0 0 
106 0 0 0 0 0 0 0 0 0 0 0 0 0 0 0 0 0 
75 0 0 0 0 0 0 0 0 0 0 0 0 0 0 0 0 0 
41 0 0 0 0 0 0 0 0 0 0 0 0 0 0 0 0 0 
14 0 0 0 0 0 0 0 0 0 0 0 0 0 0 0 0 0 
2 0 0 0 0 0 0 0 0 0 0 0 0 0 0 0 0 0 
0 0 0 0 0 0 0 0 0 0 0 0 0 0 0 0 0 0 
5000 4998 4995 4984 4974 4945 4907 4877 4852 4821 4762 4681 4601 4495 4379 4224 3964 3544 
1452 0 0 0 0 0 0 0 0 0 0 0 0 0 0 0 0 0 
1022 0 0 0 0 0 0 0 0 0 0 0 0 0 0 0 0 0 
809 0 0 0 0 0 0 0 0 0 0 0 0 0 0 0 0 0 
641 0 0 0 0 0 0 0 0 0 0 0 0 0 0 0 0 0 
527 0 0 0 0 0 0 0 0 0 0 0 0 0 0 0 0 0 
416 0 0 0 0 0 0 0 0 0 0 0 0 0 0 0 0 0 
346 0 0 0 0 0 0 0 0 0 0 0 0 0 0 0 0 0 
248 0 0 0 0 0 0 0 0 0 0 0 0 0 0 0 0 0 
181 0 0 0 0 0 0 0 0 0 0 0 0 0 0 0 0 0 
138 0 0 0 0 0 0 0 0 0 0 0 0 0 0 0 0 0 
101 0 0 0 0 0 0 0 0 0 0 0 0 0 0 0 0 0 
61 0 0 0 0 0 0 0 0 0 0 0 0 0 0 0 0 0 
33 0 0 0 0 0 0 0 0 0 0 0 0 0 0 0 0 0 
16 0 0 0 0 0 0 0 0 0 0 0 0 0 0 0 0 0 
5 0 0 0 0 0 0 0 0 0 0 0 0 0 0 0 0 0 
1 0 0 0 0 0 0 0 0 0 0 0 0 0 0 0 0 0 
0 0 0 0 0 0 0 0 0 0 0 0 0 0 0 0 0 0 
