160000 159703 159307 157629 155396 152947 149596 145413 140625 135218 128593 121348 113327 105044 96450 87531 78027 68599 58611 48279 37053 24933 
127329 79574 55786 36879 24257 15616 9683 5775 3241 1588 614 206 34 11 4 0 0 0 0 0 0 0 
106993 45553 21819 7906 2455 603 135 12 4 1 0 0 0 0 0 0 0 0 0 0 0 0 
90506 27886 9134 1734 222 16 0 0 0 0 0 0 0 0 0 0 0 0 0 0 0 0 
75532 15931 3301 254 7 0 0 0 0 0 0 0 0 0 0 0 0 0 0 0 0 0 
61800 8386 1019 19 0 0 0 0 0 0 0 0 0 0 0 0 0 0 0 0 0 0 
49695 4009 233 3 0 0 0 0 0 0 0 0 0 0 0 0 0 0 0 0 0 0 
39058 1649 52 0 0 0 0 0 0 0 0 0 0 0 0 0 0 0 0 0 0 0 
29847 602 6 0 0 0 0 0 0 0 0 0 0 0 0 0 0 0 0 0 0 0 
22264 165 1 0 0 0 0 0 0 0 0 0 0 0 0 0 0 0 0 0 0 0 
16237 39 0 0 0 0 0 0 0 0 0 0 0 0 0 0 0 0 0 0 0 0 
11347 6 0 0 0 0 0 0 0 0 0 0 0 0 0 0 0 0 0 0 0 0 
7707 0 0 0 0 0 0 0 0 0 0 0 0 0 0 0 0 0 0 0 0 0 
5034 0 0 0 0 0 0 0 0 0 0 0 0 0 0 0 0 0 0 0 0 0 
3155 0 0 0 0 0 0 0 0 0 0 0 0 0 0 0 0 0 0 0 0 0 
1792 0 0 0 0 0 0 0 0 0 0 0 0 0 0 0 0 0 0 0 0 0 
958 0 0 0 0 0 0 0 0 0 0 0 0 0 0 0 0 0 0 0 0 0 
449 0 0 0 0 0 0 0 0 0 0 0 0 0 0 0 0 0 0 0 0 0 
170 0 0 0 0 0 0 0 0 0 0 0 0 0 0 0 0 0 0 0 0 0 
56 0 0 0 0 0 0 0 0 0 0 0 0 0 0 0 0 0 0 0 0 0 
10 0 0 0 0 0 0 0 0 0 0 0 0 0 0 0 0 0 0 0 0 0 
2 0 0 0 0 0 0 0 0 0 0 0 0 0 0 0 0 0 0 0 0 0 
80000 79791 79472 78165 76464 74350 71713 68592 64818 60755 56316 51628 46669 41811 37033 32465 28048 23882 19710 15712 11603 7834 
68533 55168 43520 31692 22030 14687 9497 5770 3285 1674 727 253 87 20 6 1 0 0 0 0 0 0 
58003 35356 19559 8023 2517 640 127 32 0 2 0 0 0 0 0 0 0 0 0 0 0 0 
49043 22760 8966 1998 247 29 1 1 0 0 0 0 0 0 0 0 0 0 0 0 0 0 
40258 13353 3442 325 20 6 0 0 0 0 0 0 0 0 0 0 0 0 0 0 0 0 
32220 7295 1128 38 2 1 0 0 0 0 0 0 0 0 0 0 0 0 0 0 0 0 
24946 3505 309 4 0 0 0 0 0 0 0 0 0 0 0 0 0 0 0 0 0 0 
18923 1518 62 0 0 0 0 0 0 0 0 0 0 0 0 0 0 0 0 0 0 0 
13739 529 8 0 0 0 0 0 0 0 0 0 0 0 0 0 0 0 0 0 0 0 
9690 152 3 0 0 0 0 0 0 0 0 0 0 0 0 0 0 0 0 0 0 0 
6578 48 0 0 0 0 0 0 0 0 0 0 0 0 0 0 0 0 0 0 0 0 
4378 8 0 0 0 0 0 0 0 0 0 0 0 0 0 0 0 0 0 0 0 0 
2801 0 0 0 0 0 0 0 0 0 0 0 0 0 0 0 0 0 0 0 0 0 
1719 0 0 0 0 0 0 0 0 0 0 0 0 0 0 0 0 0 0 0 0 0 
1000 0 0 0 0 0 0 0 0 0 0 0 0 0 0 0 0 0 0 0 0 0 
513 0 0 0 0 0 0 0 0 0 0 0 0 0 0 0 0 0 0 0 0 0 
252 0 0 0 0 0 0 0 0 0 0 0 0 0 0 0 0 0 0 0 0 0 
95 0 0 0 0 0 0 0 0 0 0 0 0 0 0 0 0 0 0 0 0 0 
34 0 0 0 0 0 0 0 0 0 0 0 0 0 0 0 0 0 0 0 0 0 
13 0 0 0 0 0 0 0 0 0 0 0 0 0 0 0 0 0 0 0 0 0 
0 0 0 0 0 0 0 0 0 0 0 0 0 0 0 0 0 0 0 0 0 0 
0 0 0 0 0 0 0 0 0 0 0 0 0 0 0 0 0 0 0 0 0 0 
80000 79867 79756 79253 78719 78126 77446 76663 75617 74406 73076 71419 69519 67145 64296 61347 57485 53293 48430 42597 35215 24970 
53313 6781 2809 1408 793 474 305 187 95 39 17 3 4 1 0 0 0 0 0 0 0 0 
42834 2131 529 121 22 7 1 0 0 0 0 0 0 0 0 0 0 0 0 0 0 0 
35822 1055 167 14 1 0 0 0 0 0 0 0 0 0 0 0 0 0 0 0 0 0 
30388 551 60 5 0 0 0 0 0 0 0 0 0 0 0 0 0 0 0 0 0 0 
26035 310 17 0 0 0 0 0 0 0 0 0 0 0 0 0 0 0 0 0 0 0 
22023 148 4 0 0 0 0 0 0 0 0 0 0 0 0 0 0 0 0 0 0 0 
18566 62 1 0 0 0 0 0 0 0 0 0 0 0 0 0 0 0 0 0 0 0 
15396 23 0 0 0 0 0 0 0 0 0 0 0 0 0 0 0 0 0 0 0 0 
12639 8 0 0 0 0 0 0 0 0 0 0 0 0 0 0 0 0 0 0 0 0 
10059 1 0 0 0 0 0 0 0 0 0 0 0 0 0 0 0 0 0 0 0 0 
7930 0 0 0 0 0 0 0 0 0 0 0 0 0 0 0 0 0 0 0 0 0 
6030 0 0 0 0 0 0 0 0 0 0 0 0 0 0 0 0 0 0 0 0 0 
4431 0 0 0 0 0 0 0 0 0 0 0 0 0 0 0 0 0 0 0 0 0 
3208 0 0 0 0 0 0 0 0 0 0 0 0 0 0 0 0 0 0 0 0 0 
2070 0 0 0 0 0 0 0 0 0 0 0 0 0 0 0 0 0 0 0 0 0 
1282 0 0 0 0 0 0 0 0 0 0 0 0 0 0 0 0 0 0 0 0 0 
690 0 0 0 0 0 0 0 0 0 0 0 0 0 0 0 0 0 0 0 0 0 
336 0 0 0 0 0 0 0 0 0 0 0 0 0 0 0 0 0 0 0 0 0 
123 0 0 0 0 0 0 0 0 0 0 0 0 0 0 0 0 0 0 0 0 0 
22 0 0 0 0 0 0 0 0 0 0 0 0 0 0 0 0 0 0 0 0 0 
4 0 0 0 0 0 0 0 0 0 0 0 0 0 0 0 0 0 0 0 0 0 
40000 39882 39678 38842 37531 36182 34399 32273 29794 27260 24558 21759 18880 16353 13981 11908 9843 8182 6468 5095 3689 2497 
35848 32428 28126 22396 15985 11370 7185 4590 2576 1357 568 211 68 40 11 3 2 1 0 0 0 0 
30280 22488 14119 6565 2036 646 114 24 4 3 1 0 0 0 0 0 0 0 0 0 0 0 
25334 15041 6703 1833 196 42 3 1 0 0 0 0 0 0 0 0 0 0 0 0 0 0 
20123 9125 2580 325 13 1 0 0 0 0 0 0 0 0 0 0 0 0 0 0 0 0 
15652 4873 853 59 1 0 0 0 0 0 0 0 0 0 0 0 0 0 0 0 0 0 
11571 2410 236 12 0 0 0 0 0 0 0 0 0 0 0 0 0 0 0 0 0 0 
8417 1012 63 0 0 0 0 0 0 0 0 0 0 0 0 0 0 0 0 0 0 0 
5706 358 6 0 0 0 0 0 0 0 0 0 0 0 0 0 0 0 0 0 0 0 
3684 104 1 0 0 0 0 0 0 0 0 0 0 0 0 0 0 0 0 0 0 0 
2355 24 0 0 0 0 0 0 0 0 0 0 0 0 0 0 0 0 0 0 0 0 
1455 4 0 0 0 0 0 0 0 0 0 0 0 0 0 0 0 0 0 0 0 0 
838 1 0 0 0 0 0 0 0 0 0 0 0 0 0 0 0 0 0 0 0 0 
475 1 0 0 0 0 0 0 0 0 0 0 0 0 0 0 0 0 0 0 0 0 
223 1 0 0 0 0 0 0 0 0 0 0 0 0 0 0 0 0 0 0 0 0 
118 0 0 0 0 0 0 0 0 0 0 0 0 0 0 0 0 0 0 0 0 0 
50 0 0 0 0 0 0 0 0 0 0 0 0 0 0 0 0 0 0 0 0 0 
15 0 0 0 0 0 0 0 0 0 0 0 0 0 0 0 0 0 0 0 0 0 
3 0 0 0 0 0 0 0 0 0 0 0 0 0 0 0 0 0 0 0 0 0 
0 0 0 0 0 0 0 0 0 0 0 0 0 0 0 0 0 0 0 0 0 0 
0 0 0 0 0 0 0 0 0 0 0 0 0 0 0 0 0 0 0 0 0 0 
0 0 0 0 0 0 0 0 0 0 0 0 0 0 0 0 0 0 0 0 0 0 
40000 39939 39860 39513 39146 38816 38235 37685 37048 36208 35262 34307 32941 31612 30143 28405 26374 24133 21645 18678 15170 10777 
28019 10361 5851 3385 2061 1314 811 507 295 156 58 26 9 3 0 0 0 0 0 0 0 0 
22419 4519 1568 433 121 31 2 1 0 0 0 0 0 0 0 0 0 0 0 0 0 0 
18634 2485 573 90 10 1 0 0 0 0 0 0 0 0 0 0 0 0 0 0 0 0 
15643 1405 220 12 1 0 0 0 0 0 0 0 0 0 0 0 0 0 0 0 0 0 
13051 765 72 1 0 0 0 0 0 0 0 0 0 0 0 0 0 0 0 0 0 0 
10934 398 15 1 0 0 0 0 0 0 0 0 0 0 0 0 0 0 0 0 0 0 
8920 181 5 0 0 0 0 0 0 0 0 0 0 0 0 0 0 0 0 0 0 0 
7195 69 0 0 0 0 0 0 0 0 0 0 0 0 0 0 0 0 0 0 0 0 
5783 24 0 0 0 0 0 0 0 0 0 0 0 0 0 0 0 0 0 0 0 0 
4531 6 0 0 0 0 0 0 0 0 0 0 0 0 0 0 0 0 0 0 0 0 
3501 1 0 0 0 0 0 0 0 0 0 0 0 0 0 0 0 0 0 0 0 0 
2561 0 0 0 0 0 0 0 0 0 0 0 0 0 0 0 0 0 0 0 0 0 
1876 0 0 0 0 0 0 0 0 0 0 0 0 0 0 0 0 0 0 0 0 0 
1267 0 0 0 0 0 0 0 0 0 0 0 0 0 0 0 0 0 0 0 0 0 
861 0 0 0 0 0 0 0 0 0 0 0 0 0 0 0 0 0 0 0 0 0 
526 0 0 0 0 0 0 0 0 0 0 0 0 0 0 0 0 0 0 0 0 0 
297 0 0 0 0 0 0 0 0 0 0 0 0 0 0 0 0 0 0 0 0 0 
161 0 0 0 0 0 0 0 0 0 0 0 0 0 0 0 0 0 0 0 0 0 
63 0 0 0 0 0 0 0 0 0 0 0 0 0 0 0 0 0 0 0 0 0 
13 0 0 0 0 0 0 0 0 0 0 0 0 0 0 0 0 0 0 0 0 0 
1 0 0 0 0 0 0 0 0 0 0 0 0 0 0 0 0 0 0 0 0 0 
40000 39920 39829 39536 39199 38785 38330 37863 37195 36412 35476 34382 33148 31649 29987 28120 25893 23523 20646 17387 13635 8946 
29895 7659 3630 1868 1123 728 435 249 141 68 36 13 2 1 0 0 0 0 0 0 0 0 
24587 2876 754 176 47 14 2 1 1 0 0 0 0 0 0 0 0 0 0 0 0 0 
20763 1495 227 22 1 0 0 0 0 0 0 0 0 0 0 0 0 0 0 0 0 0 
17831 787 69 2 0 0 0 0 0 0 0 0 0 0 0 0 0 0 0 0 0 0 
15015 411 23 0 0 0 0 0 0 0 0 0 0 0 0 0 0 0 0 0 0 0 
12688 214 6 0 0 0 0 0 0 0 0 0 0 0 0 0 0 0 0 0 0 0 
10644 98 2 0 0 0 0 0 0 0 0 0 0 0 0 0 0 0 0 0 0 0 
8762 41 0 0 0 0 0 0 0 0 0 0 0 0 0 0 0 0 0 0 0 0 
7041 15 0 0 0 0 0 0 0 0 0 0 0 0 0 0 0 0 0 0 0 0 
5628 4 0 0 0 0 0 0 0 0 0 0 0 0 0 0 0 0 0 0 0 0 
4315 1 0 0 0 0 0 0 0 0 0 0 0 0 0 0 0 0 0 0 0 0 
3316 0 0 0 0 0 0 0 0 0 0 0 0 0 0 0 0 0 0 0 0 0 
2379 0 0 0 0 0 0 0 0 0 0 0 0 0 0 0 0 0 0 0 0 0 
1676 0 0 0 0 0 0 0 0 0 0 0 0 0 0 0 0 0 0 0 0 0 
1099 0 0 0 0 0 0 0 0 0 0 0 0 0 0 0 0 0 0 0 0 0 
662 0 0 0 0 0 0 0 0 0 0 0 0 0 0 0 0 0 0 0 0 0 
361 0 0 0 0 0 0 0 0 0 0 0 0 0 0 0 0 0 0 0 0 0 
172 0 0 0 0 0 0 0 0 0 0 0 0 0 0 0 0 0 0 0 0 0 
53 0 0 0 0 0 0 0 0 0 0 0 0 0 0 0 0 0 0 0 0 0 
9 0 0 0 0 0 0 0 0 0 0 0 0 0 0 0 0 0 0 0 0 0 
1 0 0 0 0 0 0 0 0 0 0 0 0 0 0 0 0 0 0 0 0 0 
40000 39952 39897 39657 39483 39225 38924 38600 38232 37752 37174 36605 35863 35058 33974 32824 31370 29600 27568 25050 21586 16287 
23357 30 8 3 2 1 0 0 0 0 0 0 0 0 0 0 0 0 0 0 0 0 
18270 5 0 0 0 0 0 0 0 0 0 0 0 0 0 0 0 0 0 0 0 0 
15093 2 0 0 0 0 0 0 0 0 0 0 0 0 0 0 0 0 0 0 0 0 
12641 2 0 0 0 0 0 0 0 0 0 0 0 0 0 0 0 0 0 0 0 0 
10767 1 0 0 0 0 0 0 0 0 0 0 0 0 0 0 0 0 0 0 0 0 
9217 1 0 0 0 0 0 0 0 0 0 0 0 0 0 0 0 0 0 0 0 0 
7789 1 0 0 0 0 0 0 0 0 0 0 0 0 0 0 0 0 0 0 0 0 
6373 0 0 0 0 0 0 0 0 0 0 0 0 0 0 0 0 0 0 0 0 0 
5318 0 0 0 0 0 0 0 0 0 0 0 0 0 0 0 0 0 0 0 0 0 
4322 0 0 0 0 0 0 0 0 0 0 0 0 0 0 0 0 0 0 0 0 0 
3404 0 0 0 0 0 0 0 0 0 0 0 0 0 0 0 0 0 0 0 0 0 
2681 0 0 0 0 0 0 0 0 0 0 0 0 0 0 0 0 0 0 0 0 0 
2055 0 0 0 0 0 0 0 0 0 0 0 0 0 0 0 0 0 0 0 0 0 
1503 0 0 0 0 0 0 0 0 0 0 0 0 0 0 0 0 0 0 0 0 0 
1045 0 0 0 0 0 0 0 0 0 0 0 0 0 0 0 0 0 0 0 0 0 
697 0 0 0 0 0 0 0 0 0 0 0 0 0 0 0 0 0 0 0 0 0 
404 0 0 0 0 0 0 0 0 0 0 0 0 0 0 0 0 0 0 0 0 0 
219 0 0 0 0 0 0 0 0 0 0 0 0 0 0 0 0 0 0 0 0 0 
79 0 0 0 0 0 0 0 0 0 0 0 0 0 0 0 0 0 0 0 0 0 
27 0 0 0 0 0 0 0 0 0 0 0 0 0 0 0 0 0 0 0 0 0 
2 0 0 0 0 0 0 0 0 0 0 0 0 0 0 0 0 0 0 0 0 0 
20000 19922 19817 19416 18460 17713 16527 15344 13723 12376 10791 9327 7759 6597 5443 4507 3651 2996 2288 1771 1290 898 
18370 17309 15665 13470 9839 7289 4726 3106 1698 890 373 156 72 45 19 9 4 2 1 0 0 0 
15496 12665 8617 4554 1336 452 110 34 4 3 2 1 1 0 0 0 0 0 0 0 0 0 
12926 8889 4374 1402 165 44 10 2 0 0 0 0 1 0 0 0 0 0 0 0 0 0 
9967 5297 1741 308 17 4 0 0 0 0 0 0 0 0 0 0 0 0 0 0 0 0 
7589 2875 541 58 3 1 0 0 0 0 0 0 0 0 0 0 0 0 0 0 0 0 
5361 1356 137 16 2 1 0 0 0 0 0 0 0 0 0 0 0 0 0 0 0 0 
3619 560 37 5 0 0 0 0 0 0 0 0 0 0 0 0 0 0 0 0 0 0 
2316 204 11 2 1 0 0 0 0 0 0 0 0 0 0 0 0 0 0 0 0 0 
1367 49 0 0 0 0 0 0 0 0 0 0 0 0 0 0 0 0 0 0 0 0 
813 22 0 0 0 0 0 0 0 0 0 0 0 0 0 0 0 0 0 0 0 0 
456 9 0 0 0 0 0 0 0 0 0 0 0 0 0 0 0 0 0 0 0 0 
255 3 1 0 0 0 0 0 0 0 0 0 0 0 0 0 0 0 0 0 0 0 
134 1 0 0 0 0 0 0 0 0 0 0 0 0 0 0 0 0 0 0 0 0 
60 1 0 0 0 0 0 0 0 0 0 0 0 0 0 0 0 0 0 0 0 0 
31 1 0 0 0 0 0 0 0 0 0 0 0 0 0 0 0 0 0 0 0 0 
14 0 0 0 0 0 0 0 0 0 0 0 0 0 0 0 0 0 0 0 0 0 
5 0 0 0 0 0 0 0 0 0 0 0 0 0 0 0 0 0 0 0 0 0 
2 0 0 0 0 0 0 0 0 0 0 0 0 0 0 0 0 0 0 0 0 0 
0 0 0 0 0 0 0 0 0 0 0 0 0 0 0 0 0 0 0 0 0 0 
0 0 0 0 0 0 0 0 0 0 0 0 0 0 0 0 0 0 0 0 0 0 
0 0 0 0 0 0 0 0 0 0 0 0 0 0 0 0 0 0 0 0 0 0 
20000 19964 19888 19586 19268 18850 18368 17715 17047 16305 15484 14547 13608 12641 11802 10883 9847 8824 7736 6552 5270 3802 
15453 10937 8326 5744 3902 2616 1681 1072 616 304 128 45 10 2 2 0 0 0 0 0 0 0 
12410 6513 3491 1388 460 118 23 5 0 0 0 0 0 0 0 0 0 0 0 0 0 0 
10231 4031 1595 344 37 4 0 0 0 0 0 0 0 0 0 0 0 0 0 0 0 0 
8367 2461 636 54 0 0 0 0 0 0 0 0 0 0 0 0 0 0 0 0 0 0 
6719 1350 202 3 0 0 0 0 0 0 0 0 0 0 0 0 0 0 0 0 0 0 
5310 656 49 1 0 0 0 0 0 0 0 0 0 0 0 0 0 0 0 0 0 0 
4029 316 13 0 0 0 0 0 0 0 0 0 0 0 0 0 0 0 0 0 0 0 
3022 119 3 0 0 0 0 0 0 0 0 0 0 0 0 0 0 0 0 0 0 0 
2200 24 0 0 0 0 0 0 0 0 0 0 0 0 0 0 0 0 0 0 0 0 
1567 2 0 0 0 0 0 0 0 0 0 0 0 0 0 0 0 0 0 0 0 0 
1172 0 0 0 0 0 0 0 0 0 0 0 0 0 0 0 0 0 0 0 0 0 
835 0 0 0 0 0 0 0 0 0 0 0 0 0 0 0 0 0 0 0 0 0 
577 0 0 0 0 0 0 0 0 0 0 0 0 0 0 0 0 0 0 0 0 0 
369 0 0 0 0 0 0 0 0 0 0 0 0 0 0 0 0 0 0 0 0 0 
229 0 0 0 0 0 0 0 0 0 0 0 0 0 0 0 0 0 0 0 0 0 
135 0 0 0 0 0 0 0 0 0 0 0 0 0 0 0 0 0 0 0 0 0 
65 0 0 0 0 0 0 0 0 0 0 0 0 0 0 0 0 0 0 0 0 0 
28 0 0 0 0 0 0 0 0 0 0 0 0 0 0 0 0 0 0 0 0 0 
11 0 0 0 0 0 0 0 0 0 0 0 0 0 0 0 0 0 0 0 0 0 
1 0 0 0 0 0 0 0 0 0 0 0 0 0 0 0 0 0 0 0 0 0 
0 0 0 0 0 0 0 0 0 0 0 0 0 0 0 0 0 0 0 0 0 0 
20000 19953 19907 19709 19421 19063 18690 18287 17716 17133 16429 15633 14803 13848 12918 11939 10804 9548 8267 6833 5271 3667 
15598 9259 6237 4014 2597 1716 1077 687 390 206 89 32 7 1 1 0 0 0 0 0 0 0 
12812 4672 2000 654 182 52 8 0 0 0 0 0 0 0 0 0 0 0 0 0 0 0 
10680 2738 786 147 19 2 0 0 0 0 0 0 0 0 0 0 0 0 0 0 0 0 
8790 1601 297 22 1 0 0 0 0 0 0 0 0 0 0 0 0 0 0 0 0 0 
7258 837 102 0 0 0 0 0 0 0 0 0 0 0 0 0 0 0 0 0 0 0 
5838 408 22 0 0 0 0 0 0 0 0 0 0 0 0 0 0 0 0 0 0 0 
4701 209 7 0 0 0 0 0 0 0 0 0 0 0 0 0 0 0 0 0 0 0 
3691 88 0 0 0 0 0 0 0 0 0 0 0 0 0 0 0 0 0 0 0 0 
2856 32 0 0 0 0 0 0 0 0 0 0 0 0 0 0 0 0 0 0 0 0 
2148 10 0 0 0 0 0 0 0 0 0 0 0 0 0 0 0 0 0 0 0 0 
1589 1 0 0 0 0 0 0 0 0 0 0 0 0 0 0 0 0 0 0 0 0 
1095 0 0 0 0 0 0 0 0 0 0 0 0 0 0 0 0 0 0 0 0 0 
772 0 0 0 0 0 0 0 0 0 0 0 0 0 0 0 0 0 0 0 0 0 
511 0 0 0 0 0 0 0 0 0 0 0 0 0 0 0 0 0 0 0 0 0 
292 0 0 0 0 0 0 0 0 0 0 0 0 0 0 0 0 0 0 0 0 0 
169 0 0 0 0 0 0 0 0 0 0 0 0 0 0 0 0 0 0 0 0 0 
96 0 0 0 0 0 0 0 0 0 0 0 0 0 0 0 0 0 0 0 0 0 
42 0 0 0 0 0 0 0 0 0 0 0 0 0 0 0 0 0 0 0 0 0 
11 0 0 0 0 0 0 0 0 0 0 0 0 0 0 0 0 0 0 0 0 0 
2 0 0 0 0 0 0 0 0 0 0 0 0 0 0 0 0 0 0 0 0 0 
0 0 0 0 0 0 0 0 0 0 0 0 0 0 0 0 0 0 0 0 0 0 
20000 19974 19939 19824 19728 19606 19428 19293 19056 18741 18554 18181 17791 17286 16736 16171 15363 14491 13489 12155 10477 7866 
11919 312 94 57 26 16 9 6 2 1 2 0 0 0 0 0 0 0 0 0 0 0 
9363 79 16 2 1 0 0 0 0 0 0 0 0 0 0 0 0 0 0 0 0 0 
7803 40 9 1 2 0 0 0 0 0 0 0 0 0 0 0 0 0 0 0 0 0 
6618 26 3 1 0 0 0 0 0 0 0 0 0 0 0 0 0 0 0 0 0 0 
5645 19 1 0 0 0 0 0 0 0 0 0 0 0 0 0 0 0 0 0 0 0 
4767 12 1 0 0 0 0 0 0 0 0 0 0 0 0 0 0 0 0 0 0 0 
4026 2 1 0 0 0 0 0 0 0 0 0 0 0 0 0 0 0 0 0 0 0 
3412 2 0 0 0 0 0 0 0 0 0 0 0 0 0 0 0 0 0 0 0 0 
2824 0 0 0 0 0 0 0 0 0 0 0 0 0 0 0 0 0 0 0 0 0 
2339 0 0 0 0 0 0 0 0 0 0 0 0 0 0 0 0 0 0 0 0 0 
1813 0 0 0 0 0 0 0 0 0 0 0 0 0 0 0 0 0 0 0 0 0 
1417 0 0 0 0 0 0 0 0 0 0 0 0 0 0 0 0 0 0 0 0 0 
1072 0 0 0 0 0 0 0 0 0 0 0 0 0 0 0 0 0 0 0 0 0 
795 0 0 0 0 0 0 0 0 0 0 0 0 0 0 0 0 0 0 0 0 0 
556 0 0 0 0 0 0 0 0 0 0 0 0 0 0 0 0 0 0 0 0 0 
368 0 0 0 0 0 0 0 0 0 0 0 0 0 0 0 0 0 0 0 0 0 
206 0 0 0 0 0 0 0 0 0 0 0 0 0 0 0 0 0 0 0 0 0 
113 0 0 0 0 0 0 0 0 0 0 0 0 0 0 0 0 0 0 0 0 0 
43 0 0 0 0 0 0 0 0 0 0 0 0 0 0 0 0 0 0 0 0 0 
8 0 0 0 0 0 0 0 0 0 0 0 0 0 0 0 0 0 0 0 0 0 
1 0 0 0 0 0 0 0 0 0 0 0 0 0 0 0 0 0 0 0 0 0 
20000 19963 19884 19664 19472 19185 18914 18533 18158 17575 16987 16260 15388 14453 13379 12216 10917 9551 8077 6524 4780 2981 
16334 7162 3961 2280 1424 876 570 355 211 115 55 15 3 1 1 0 0 0 0 0 0 0 
13760 3216 954 281 65 16 3 0 0 0 0 0 0 0 0 0 0 0 0 0 0 0 
11730 1703 359 53 3 0 0 0 0 0 0 0 0 0 0 0 0 0 0 0 0 0 
9995 933 116 8 0 0 0 0 0 0 0 0 0 0 0 0 0 0 0 0 0 0 
8409 501 37 1 0 0 0 0 0 0 0 0 0 0 0 0 0 0 0 0 0 0 
7187 278 9 0 0 0 0 0 0 0 0 0 0 0 0 0 0 0 0 0 0 0 
5925 118 2 0 0 0 0 0 0 0 0 0 0 0 0 0 0 0 0 0 0 0 
4781 58 1 0 0 0 0 0 0 0 0 0 0 0 0 0 0 0 0 0 0 0 
3872 24 0 0 0 0 0 0 0 0 0 0 0 0 0 0 0 0 0 0 0 0 
2876 3 0 0 0 0 0 0 0 0 0 0 0 0 0 0 0 0 0 0 0 0 
2144 1 0 0 0 0 0 0 0 0 0 0 0 0 0 0 0 0 0 0 0 0 
1550 0 0 0 0 0 0 0 0 0 0 0 0 0 0 0 0 0 0 0 0 0 
1099 0 0 0 0 0 0 0 0 0 0 0 0 0 0 0 0 0 0 0 0 0 
718 0 0 0 0 0 0 0 0 0 0 0 0 0 0 0 0 0 0 0 0 0 
475 0 0 0 0 0 0 0 0 0 0 0 0 0 0 0 0 0 0 0 0 0 
270 0 0 0 0 0 0 0 0 0 0 0 0 0 0 0 0 0 0 0 0 0 
148 0 0 0 0 0 0 0 0 0 0 0 0 0 0 0 0 0 0 0 0 0 
70 0 0 0 0 0 0 0 0 0 0 0 0 0 0 0 0 0 0 0 0 0 
18 0 0 0 0 0 0 0 0 0 0 0 0 0 0 0 0 0 0 0 0 0 
5 0 0 0 0 0 0 0 0 0 0 0 0 0 0 0 0 0 0 0 0 0 
1 0 0 0 0 0 0 0 0 0 0 0 0 0 0 0 0 0 0 0 0 0 
20000 19966 19943 19807 19682 19522 19363 19208 18961 18700 18359 18082 17622 17063 16457 15715 14826 13805 12611 11066 9265 6545 
13180 79 22 9 3 1 1 0 0 0 0 0 0 0 0 0 0 0 0 0 0 0 
10566 13 1 0 0 0 0 0 0 0 0 0 0 0 0 0 0 0 0 0 0 0 
8916 5 0 0 0 0 0 0 0 0 0 0 0 0 0 0 0 0 0 0 0 0 
7444 2 0 0 0 0 0 0 0 0 0 0 0 0 0 0 0 0 0 0 0 0 
6418 1 0 0 0 0 0 0 0 0 0 0 0 0 0 0 0 0 0 0 0 0 
5432 0 0 0 0 0 0 0 0 0 0 0 0 0 0 0 0 0 0 0 0 0 
4649 0 0 0 0 0 0 0 0 0 0 0 0 0 0 0 0 0 0 0 0 0 
3822 0 0 0 0 0 0 0 0 0 0 0 0 0 0 0 0 0 0 0 0 0 
3139 0 0 0 0 0 0 0 0 0 0 0 0 0 0 0 0 0 0 0 0 0 
2611 0 0 0 0 0 0 0 0 0 0 0 0 0 0 0 0 0 0 0 0 0 
2032 0 0 0 0 0 0 0 0 0 0 0 0 0 0 0 0 0 0 0 0 0 
1613 0 0 0 0 0 0 0 0 0 0 0 0 0 0 0 0 0 0 0 0 0 
1215 0 0 0 0 0 0 0 0 0 0 0 0 0 0 0 0 0 0 0 0 0 
878 0 0 0 0 0 0 0 0 0 0 0 0 0 0 0 0 0 0 0 0 0 
603 0 0 0 0 0 0 0 0 0 0 0 0 0 0 0 0 0 0 0 0 0 
366 0 0 0 0 0 0 0 0 0 0 0 0 0 0 0 0 0 0 0 0 0 
228 0 0 0 0 0 0 0 0 0 0 0 0 0 0 0 0 0 0 0 0 0 
116 0 0 0 0 0 0 0 0 0 0 0 0 0 0 0 0 0 0 0 0 0 
49 0 0 0 0 0 0 0 0 0 0 0 0 0 0 0 0 0 0 0 0 0 
17 0 0 0 0 0 0 0 0 0 0 0 0 0 0 0 0 0 0 0 0 0 
1 0 0 0 0 0 0 0 0 0 0 0 0 0 0 0 0 0 0 0 0 0 
20000 19968 19927 19815 19685 19563 19367 19181 18955 18710 18448 18000 17569 17044 16397 15655 14835 13828 12552 11119 9208 6314 
13358 42 9 4 1 2 2 2 2 1 1 0 0 0 0 0 0 0 0 0 0 0 
10687 6 0 0 0 0 0 0 0 0 0 0 0 0 0 0 0 0 0 0 0 0 
8927 1 0 0 0 0 0 0 0 0 0 0 0 0 0 0 0 0 0 0 0 0 
7552 2 0 0 0 0 0 0 0 0 0 0 0 0 0 0 0 0 0 0 0 0 
6446 1 0 0 0 0 0 0 0 0 0 0 0 0 0 0 0 0 0 0 0 0 
5438 1 0 0 0 0 0 0 0 0 0 0 0 0 0 0 0 0 0 0 0 0 
4594 0 0 0 0 0 0 0 0 0 0 0 0 0 0 0 0 0 0 0 0 0 
3910 0 0 0 0 0 0 0 0 0 0 0 0 0 0 0 0 0 0 0 0 0 
3182 0 0 0 0 0 0 0 0 0 0 0 0 0 0 0 0 0 0 0 0 0 
2612 0 0 0 0 0 0 0 0 0 0 0 0 0 0 0 0 0 0 0 0 0 
2089 0 0 0 0 0 0 0 0 0 0 0 0 0 0 0 0 0 0 0 0 0 
1567 0 0 0 0 0 0 0 0 0 0 0 0 0 0 0 0 0 0 0 0 0 
1171 0 0 0 0 0 0 0 0 0 0 0 0 0 0 0 0 0 0 0 0 0 
872 0 0 0 0 0 0 0 0 0 0 0 0 0 0 0 0 0 0 0 0 0 
592 0 0 0 0 0 0 0 0 0 0 0 0 0 0 0 0 0 0 0 0 0 
388 0 0 0 0 0 0 0 0 0 0 0 0 0 0 0 0 0 0 0 0 0 
230 0 0 0 0 0 0 0 0 0 0 0 0 0 0 0 0 0 0 0 0 0 
110 0 0 0 0 0 0 0 0 0 0 0 0 0 0 0 0 0 0 0 0 0 
45 0 0 0 0 0 0 0 0 0 0 0 0 0 0 0 0 0 0 0 0 0 
11 0 0 0 0 0 0 0 0 0 0 0 0 0 0 0 0 0 0 0 0 0 
2 0 0 0 0 0 0 0 0 0 0 0 0 0 0 0 0 0 0 0 0 0 
20000 19964 19950 19849 19762 19664 19559 19401 19224 19063 18831 18553 18221 17906 17472 16972 16405 15668 14794 13721 12241 9781 
10100 0 0 0 0 0 0 0 0 0 0 0 0 0 0 0 0 0 0 0 0 0 
7687 0 0 0 0 0 0 0 0 0 0 0 0 0 0 0 0 0 0 0 0 0 
6310 0 0 0 0 0 0 0 0 0 0 0 0 0 0 0 0 0 0 0 0 0 
5337 0 0 0 0 0 0 0 0 0 0 0 0 0 0 0 0 0 0 0 0 0 
4580 0 0 0 0 0 0 0 0 0 0 0 0 0 0 0 0 0 0 0 0 0 
3827 0 0 0 0 0 0 0 0 0 0 0 0 0 0 0 0 0 0 0 0 0 
3244 0 0 0 0 0 0 0 0 0 0 0 0 0 0 0 0 0 0 0 0 0 
2676 0 0 0 0 0 0 0 0 0 0 0 0 0 0 0 0 0 0 0 0 0 
2231 0 0 0 0 0 0 0 0 0 0 0 0 0 0 0 0 0 0 0 0 0 
1840 0 0 0 0 0 0 0 0 0 0 0 0 0 0 0 0 0 0 0 0 0 
1471 0 0 0 0 0 0 0 0 0 0 0 0 0 0 0 0 0 0 0 0 0 
1182 0 0 0 0 0 0 0 0 0 0 0 0 0 0 0 0 0 0 0 0 0 
858 0 0 0 0 0 0 0 0 0 0 0 0 0 0 0 0 0 0 0 0 0 
623 0 0 0 0 0 0 0 0 0 0 0 0 0 0 0 0 0 0 0 0 0 
424 0 0 0 0 0 0 0 0 0 0 0 0 0 0 0 0 0 0 0 0 0 
287 0 0 0 0 0 0 0 0 0 0 0 0 0 0 0 0 0 0 0 0 0 
172 0 0 0 0 0 0 0 0 0 0 0 0 0 0 0 0 0 0 0 0 0 
95 0 0 0 0 0 0 0 0 0 0 0 0 0 0 0 0 0 0 0 0 0 
40 0 0 0 0 0 0 0 0 0 0 0 0 0 0 0 0 0 0 0 0 0 
15 0 0 0 0 0 0 0 0 0 0 0 0 0 0 0 0 0 0 0 0 0 
0 0 0 0 0 0 0 0 0 0 0 0 0 0 0 0 0 0 0 0 0 0 
10000 9967 9873 9670 9170 8771 8112 7527 6594 5822 4922 4234 3417 2865 2266 1849 1436 1130 852 661 467 341 
9351 8950 8275 7365 5452 4110 2678 1764 928 523 207 74 35 20 10 6 7 5 1 0 0 0 
7820 6650 4703 2776 801 310 66 26 9 5 0 0 0 0 0 0 0 0 0 0 0 0 
6528 4740 2426 886 93 33 5 2 0 0 0 0 0 0 0 0 0 0 0 0 0 0 
4979 2806 922 186 19 9 1 1 0 0 0 0 0 0 0 0 0 0 0 0 0 0 
3744 1565 314 38 1 0 0 0 0 0 0 0 0 0 0 0 0 0 0 0 0 0 
2548 686 86 16 0 0 0 0 0 0 0 0 0 0 0 0 0 0 0 0 0 0 
1648 290 38 4 1 0 0 0 0 0 0 0 0 0 0 0 0 0 0 0 0 0 
1021 122 17 2 0 0 0 0 0 0 0 0 0 0 0 0 0 0 0 0 0 0 
617 55 3 1 0 0 0 0 0 0 0 0 0 0 0 0 0 0 0 0 0 0 
318 17 0 0 0 0 0 0 0 0 0 0 0 0 0 0 0 0 0 0 0 0 
173 8 1 0 0 0 0 0 0 0 0 0 0 0 0 0 0 0 0 0 0 0 
86 2 0 0 0 0 0 0 0 0 0 0 0 0 0 0 0 0 0 0 0 0 
36 1 0 0 0 0 0 0 0 0 0 0 0 0 0 0 0 0 0 0 0 0 
17 0 0 0 0 0 0 0 0 0 0 0 0 0 0 0 0 0 0 0 0 0 
7 0 0 0 0 0 0 0 0 0 0 0 0 0 0 0 0 0 0 0 0 0 
5 0 0 0 0 0 0 0 0 0 0 0 0 0 0 0 0 0 0 0 0 0 
3 0 0 0 0 0 0 0 0 0 0 0 0 0 0 0 0 0 0 0 0 0 
0 0 0 0 0 0 0 0 0 0 0 0 0 0 0 0 0 0 0 0 0 0 
0 0 0 0 0 0 0 0 0 0 0 0 0 0 0 0 0 0 0 0 0 0 
0 0 0 0 0 0 0 0 0 0 0 0 0 0 0 0 0 0 0 0 0 0 
0 0 0 0 0 0 0 0 0 0 0 0 0 0 0 0 0 0 0 0 0 0 
10000 9971 9932 9714 9407 8989 8470 7884 7250 6560 5896 5107 4463 3836 3300 2781 2321 1931 1565 1220 915 605 
8950 7971 6952 5470 3973 2694 1709 1003 564 278 117 41 8 2 1 0 0 0 0 0 0 0 
7790 5815 3759 1854 660 191 43 4 0 0 0 0 0 0 0 0 0 0 0 0 0 0 
6549 3968 1988 529 68 4 2 0 0 0 0 0 0 0 0 0 0 0 0 0 0 0 
5274 2500 823 85 3 0 0 0 0 0 0 0 0 0 0 0 0 0 0 0 0 0 
4173 1353 256 7 0 0 0 0 0 0 0 0 0 0 0 0 0 0 0 0 0 0 
3079 645 67 0 0 0 0 0 0 0 0 0 0 0 0 0 0 0 0 0 0 0 
2207 288 14 1 0 0 0 0 0 0 0 0 0 0 0 0 0 0 0 0 0 0 
1466 91 5 0 0 0 0 0 0 0 0 0 0 0 0 0 0 0 0 0 0 0 
997 30 0 0 0 0 0 0 0 0 0 0 0 0 0 0 0 0 0 0 0 0 
618 7 0 0 0 0 0 0 0 0 0 0 0 0 0 0 0 0 0 0 0 0 
389 1 0 0 0 0 0 0 0 0 0 0 0 0 0 0 0 0 0 0 0 0 
237 1 0 0 0 0 0 0 0 0 0 0 0 0 0 0 0 0 0 0 0 0 
146 0 0 0 0 0 0 0 0 0 0 0 0 0 0 0 0 0 0 0 0 0 
79 0 0 0 0 0 0 0 0 0 0 0 0 0 0 0 0 0 0 0 0 0 
46 0 0 0 0 0 0 0 0 0 0 0 0 0 0 0 0 0 0 0 0 0 
24 0 0 0 0 0 0 0 0 0 0 0 0 0 0 0 0 0 0 0 0 0 
8 0 0 0 0 0 0 0 0 0 0 0 0 0 0 0 0 0 0 0 0 0 
3 0 0 0 0 0 0 0 0 0 0 0 0 0 0 0 0 0 0 0 0 0 
2 0 0 0 0 0 0 0 0 0 0 0 0 0 0 0 0 0 0 0 0 0 
1 0 0 0 0 0 0 0 0 0 0 0 0 0 0 0 0 0 0 0 0 0 
0 0 0 0 0 0 0 0 0 0 0 0 0 0 0 0 0 0 0 0 0 0 
10000 9974 9921 9711 9458 9121 8710 8286 7793 7270 6681 6128 5503 4936 4347 3865 3339 2819 2374 1962 1532 1082 
8548 7358 6170 4669 3352 2349 1531 977 568 309 135 45 23 7 4 1 0 1 0 0 0 0 
6985 4868 2963 1290 440 127 31 5 2 0 0 0 0 0 0 0 0 0 0 0 0 0 
5772 3223 1461 347 43 3 0 0 0 0 0 0 0 0 0 0 0 0 0 0 0 0 
4587 1908 589 66 2 0 0 0 0 0 0 0 0 0 0 0 0 0 0 0 0 0 
3594 1059 182 11 1 0 0 0 0 0 0 0 0 0 0 0 0 0 0 0 0 0 
2743 514 49 1 0 0 0 0 0 0 0 0 0 0 0 0 0 0 0 0 0 0 
1958 219 14 0 0 0 0 0 0 0 0 0 0 0 0 0 0 0 0 0 0 0 
1358 76 4 0 0 0 0 0 0 0 0 0 0 0 0 0 0 0 0 0 0 0 
967 20 1 0 0 0 0 0 0 0 0 0 0 0 0 0 0 0 0 0 0 0 
625 7 0 0 0 0 0 0 0 0 0 0 0 0 0 0 0 0 0 0 0 0 
429 1 0 0 0 0 0 0 0 0 0 0 0 0 0 0 0 0 0 0 0 0 
269 1 0 0 0 0 0 0 0 0 0 0 0 0 0 0 0 0 0 0 0 0 
156 0 0 0 0 0 0 0 0 0 0 0 0 0 0 0 0 0 0 0 0 0 
84 0 0 0 0 0 0 0 0 0 0 0 0 0 0 0 0 0 0 0 0 0 
50 0 0 0 0 0 0 0 0 0 0 0 0 0 0 0 0 0 0 0 0 0 
24 0 0 0 0 0 0 0 0 0 0 0 0 0 0 0 0 0 0 0 0 0 
9 0 0 0 0 0 0 0 0 0 0 0 0 0 0 0 0 0 0 0 0 0 
3 0 0 0 0 0 0 0 0 0 0 0 0 0 0 0 0 0 0 0 0 0 
0 0 0 0 0 0 0 0 0 0 0 0 0 0 0 0 0 0 0 0 0 0 
0 0 0 0 0 0 0 0 0 0 0 0 0 0 0 0 0 0 0 0 0 0 
0 0 0 0 0 0 0 0 0 0 0 0 0 0 0 0 0 0 0 0 0 0 
10000 9987 9976 9907 9814 9747 9643 9538 9387 9217 9115 8854 8656 8361 8061 7713 7291 6833 6336 5671 4835 3698 
6122 1795 1014 629 399 268 169 102 65 26 10 5 2 1 0 0 0 0 0 0 0 0 
4745 752 270 90 19 4 3 0 0 0 0 0 0 0 0 0 0 0 0 0 0 0 
3862 422 89 16 2 0 0 0 0 0 0 0 0 0 0 0 0 0 0 0 0 0 
3209 220 35 1 0 0 0 0 0 0 0 0 0 0 0 0 0 0 0 0 0 0 
2680 113 15 0 0 0 0 0 0 0 0 0 0 0 0 0 0 0 0 0 0 0 
2178 55 2 0 0 0 0 0 0 0 0 0 0 0 0 0 0 0 0 0 0 0 
1835 19 0 0 0 0 0 0 0 0 0 0 0 0 0 0 0 0 0 0 0 0 
1452 7 0 0 0 0 0 0 0 0 0 0 0 0 0 0 0 0 0 0 0 0 
1221 3 0 0 0 0 0 0 0 0 0 0 0 0 0 0 0 0 0 0 0 0 
927 1 0 0 0 0 0 0 0 0 0 0 0 0 0 0 0 0 0 0 0 0 
748 0 0 0 0 0 0 0 0 0 0 0 0 0 0 0 0 0 0 0 0 0 
568 0 0 0 0 0 0 0 0 0 0 0 0 0 0 0 0 0 0 0 0 0 
419 0 0 0 0 0 0 0 0 0 0 0 0 0 0 0 0 0 0 0 0 0 
286 0 0 0 0 0 0 0 0 0 0 0 0 0 0 0 0 0 0 0 0 0 
215 0 0 0 0 0 0 0 0 0 0 0 0 0 0 0 0 0 0 0 0 0 
136 0 0 0 0 0 0 0 0 0 0 0 0 0 0 0 0 0 0 0 0 0 
75 0 0 0 0 0 0 0 0 0 0 0 0 0 0 0 0 0 0 0 0 0 
42 0 0 0 0 0 0 0 0 0 0 0 0 0 0 0 0 0 0 0 0 0 
12 0 0 0 0 0 0 0 0 0 0 0 0 0 0 0 0 0 0 0 0 0 
5 0 0 0 0 0 0 0 0 0 0 0 0 0 0 0 0 0 0 0 0 0 
0 0 0 0 0 0 0 0 0 0 0 0 0 0 0 0 0 0 0 0 0 0 
10000 9969 9939 9764 9557 9310 8976 8641 8247 7800 7314 6735 6230 5615 5073 4454 3927 3397 2825 2285 1715 1169 
8448 6641 5129 3668 2494 1722 1081 741 415 220 91 34 16 7 4 2 1 0 0 0 0 0 
6990 4018 1999 740 200 79 19 5 1 0 0 0 0 0 0 0 0 0 0 0 0 0 
5823 2504 901 203 21 5 0 0 0 0 0 0 0 0 0 0 0 0 0 0 0 0 
4772 1464 334 34 1 0 0 0 0 0 0 0 0 0 0 0 0 0 0 0 0 0 
3787 794 99 3 0 0 0 0 0 0 0 0 0 0 0 0 0 0 0 0 0 0 
3004 391 20 0 0 0 0 0 0 0 0 0 0 0 0 0 0 0 0 0 0 0 
2325 181 6 0 0 0 0 0 0 0 0 0 0 0 0 0 0 0 0 0 0 0 
1730 68 1 0 0 0 0 0 0 0 0 0 0 0 0 0 0 0 0 0 0 0 
1265 18 0 0 0 0 0 0 0 0 0 0 0 0 0 0 0 0 0 0 0 0 
906 5 0 0 0 0 0 0 0 0 0 0 0 0 0 0 0 0 0 0 0 0 
622 1 0 0 0 0 0 0 0 0 0 0 0 0 0 0 0 0 0 0 0 0 
409 0 0 0 0 0 0 0 0 0 0 0 0 0 0 0 0 0 0 0 0 0 
261 0 0 0 0 0 0 0 0 0 0 0 0 0 0 0 0 0 0 0 0 0 
163 0 0 0 0 0 0 0 0 0 0 0 0 0 0 0 0 0 0 0 0 0 
89 0 0 0 0 0 0 0 0 0 0 0 0 0 0 0 0 0 0 0 0 0 
44 0 0 0 0 0 0 0 0 0 0 0 0 0 0 0 0 0 0 0 0 0 
26 0 0 0 0 0 0 0 0 0 0 0 0 0 0 0 0 0 0 0 0 0 
9 0 0 0 0 0 0 0 0 0 0 0 0 0 0 0 0 0 0 0 0 0 
4 0 0 0 0 0 0 0 0 0 0 0 0 0 0 0 0 0 0 0 0 0 
0 0 0 0 0 0 0 0 0 0 0 0 0 0 0 0 0 0 0 0 0 0 
0 0 0 0 0 0 0 0 0 0 0 0 0 0 0 0 0 0 0 0 0 0 
10000 9975 9968 9912 9849 9788 9685 9581 9461 9317 9162 8960 8749 8507 8179 7828 7380 6901 6284 5583 4656 3393 
6471 724 323 172 93 51 37 21 11 4 5 0 0 0 0 0 0 0 0 0 0 0 
5093 221 56 13 6 0 0 0 0 0 0 0 0 0 0 0 0 0 0 0 0 0 
4247 119 18 1 0 0 0 0 0 0 0 0 0 0 0 0 0 0 0 0 0 0 
3622 55 3 0 0 0 0 0 0 0 0 0 0 0 0 0 0 0 0 0 0 0 
3031 32 2 0 0 0 0 0 0 0 0 0 0 0 0 0 0 0 0 0 0 0 
2560 15 1 0 0 0 0 0 0 0 0 0 0 0 0 0 0 0 0 0 0 0 
2129 8 0 0 0 0 0 0 0 0 0 0 0 0 0 0 0 0 0 0 0 0 
1782 3 0 0 0 0 0 0 0 0 0 0 0 0 0 0 0 0 0 0 0 0 
1476 0 0 0 0 0 0 0 0 0 0 0 0 0 0 0 0 0 0 0 0 0 
1205 0 0 0 0 0 0 0 0 0 0 0 0 0 0 0 0 0 0 0 0 0 
969 0 0 0 0 0 0 0 0 0 0 0 0 0 0 0 0 0 0 0 0 0 
731 0 0 0 0 0 0 0 0 0 0 0 0 0 0 0 0 0 0 0 0 0 
563 0 0 0 0 0 0 0 0 0 0 0 0 0 0 0 0 0 0 0 0 0 
401 0 0 0 0 0 0 0 0 0 0 0 0 0 0 0 0 0 0 0 0 0 
274 0 0 0 0 0 0 0 0 0 0 0 0 0 0 0 0 0 0 0 0 0 
161 0 0 0 0 0 0 0 0 0 0 0 0 0 0 0 0 0 0 0 0 0 
94 0 0 0 0 0 0 0 0 0 0 0 0 0 0 0 0 0 0 0 0 0 
52 0 0 0 0 0 0 0 0 0 0 0 0 0 0 0 0 0 0 0 0 0 
23 0 0 0 0 0 0 0 0 0 0 0 0 0 0 0 0 0 0 0 0 0 
4 0 0 0 0 0 0 0 0 0 0 0 0 0 0 0 0 0 0 0 0 0 
0 0 0 0 0 0 0 0 0 0 0 0 0 0 0 0 0 0 0 0 0 0 
10000 9980 9966 9914 9826 9739 9624 9554 9418 9295 9136 8915 8715 8376 8068 7705 7253 6759 6168 5412 4423 3134 
6693 415 145 73 47 28 23 10 4 4 3 1 0 0 0 0 0 0 0 0 0 0 
5393 118 30 11 2 1 0 0 0 0 0 0 0 0 0 0 0 0 0 0 0 0 
4574 63 8 3 0 0 0 0 0 0 0 0 0 0 0 0 0 0 0 0 0 0 
3884 33 4 1 0 0 0 0 0 0 0 0 0 0 0 0 0 0 0 0 0 0 
3274 19 0 0 0 0 0 0 0 0 0 0 0 0 0 0 0 0 0 0 0 0 
2768 8 0 0 0 0 0 0 0 0 0 0 0 0 0 0 0 0 0 0 0 0 
2364 6 0 0 0 0 0 0 0 0 0 0 0 0 0 0 0 0 0 0 0 0 
1985 3 0 0 0 0 0 0 0 0 0 0 0 0 0 0 0 0 0 0 0 0 
1641 3 0 0 0 0 0 0 0 0 0 0 0 0 0 0 0 0 0 0 0 0 
1309 0 0 0 0 0 0 0 0 0 0 0 0 0 0 0 0 0 0 0 0 0 
1042 0 0 0 0 0 0 0 0 0 0 0 0 0 0 0 0 0 0 0 0 0 
804 0 0 0 0 0 0 0 0 0 0 0 0 0 0 0 0 0 0 0 0 0 
602 0 0 0 0 0 0 0 0 0 0 0 0 0 0 0 0 0 0 0 0 0 
456 0 0 0 0 0 0 0 0 0 0 0 0 0 0 0 0 0 0 0 0 0 
337 0 0 0 0 0 0 0 0 0 0 0 0 0 0 0 0 0 0 0 0 0 
201 0 0 0 0 0 0 0 0 0 0 0 0 0 0 0 0 0 0 0 0 0 
134 0 0 0 0 0 0 0 0 0 0 0 0 0 0 0 0 0 0 0 0 0 
65 0 0 0 0 0 0 0 0 0 0 0 0 0 0 0 0 0 0 0 0 0 
22 0 0 0 0 0 0 0 0 0 0 0 0 0 0 0 0 0 0 0 0 0 
5 0 0 0 0 0 0 0 0 0 0 0 0 0 0 0 0 0 0 0 0 0 
1 0 0 0 0 0 0 0 0 0 0 0 0 0 0 0 0 0 0 0 0 0 
10000 9990 9976 9922 9898 9829 9782 9714 9622 9550 9421 9302 9103 8932 8676 8462 8106 7778 7294 6736 5973 4714 
5226 2 1 1 0 0 0 0 0 0 0 0 0 0 0 0 0 0 0 0 0 0 
4038 0 0 0 0 0 0 0 0 0 0 0 0 0 0 0 0 0 0 0 0 0 
3325 0 0 0 0 0 0 0 0 0 0 0 0 0 0 0 0 0 0 0 0 0 
2731 0 0 0 0 0 0 0 0 0 0 0 0 0 0 0 0 0 0 0 0 0 
2315 0 0 0 0 0 0 0 0 0 0 0 0 0 0 0 0 0 0 0 0 0 
1971 0 0 0 0 0 0 0 0 0 0 0 0 0 0 0 0 0 0 0 0 0 
1658 0 0 0 0 0 0 0 0 0 0 0 0 0 0 0 0 0 0 0 0 0 
1381 0 0 0 0 0 0 0 0 0 0 0 0 0 0 0 0 0 0 0 0 0 
1139 0 0 0 0 0 0 0 0 0 0 0 0 0 0 0 0 0 0 0 0 0 
958 0 0 0 0 0 0 0 0 0 0 0 0 0 0 0 0 0 0 0 0 0 
748 0 0 0 0 0 0 0 0 0 0 0 0 0 0 0 0 0 0 0 0 0 
554 0 0 0 0 0 0 0 0 0 0 0 0 0 0 0 0 0 0 0 0 0 
413 0 0 0 0 0 0 0 0 0 0 0 0 0 0 0 0 0 0 0 0 0 
290 0 0 0 0 0 0 0 0 0 0 0 0 0 0 0 0 0 0 0 0 0 
199 0 0 0 0 0 0 0 0 0 0 0 0 0 0 0 0 0 0 0 0 0 
140 0 0 0 0 0 0 0 0 0 0 0 0 0 0 0 0 0 0 0 0 0 
71 0 0 0 0 0 0 0 0 0 0 0 0 0 0 0 0 0 0 0 0 0 
42 0 0 0 0 0 0 0 0 0 0 0 0 0 0 0 0 0 0 0 0 0 
13 0 0 0 0 0 0 0 0 0 0 0 0 0 0 0 0 0 0 0 0 0 
4 0 0 0 0 0 0 0 0 0 0 0 0 0 0 0 0 0 0 0 0 0 
0 0 0 0 0 0 0 0 0 0 0 0 0 0 0 0 0 0 0 0 0 0 
10000 9969 9944 9808 9635 9482 9243 9017 8668 8320 7902 7381 6821 6277 5632 5005 4308 3654 2927 2297 1596 932 
8645 5529 3608 2343 1493 966 610 402 237 119 43 18 4 0 0 0 0 0 0 0 0 0 
7376 2939 1069 356 75 18 2 1 1 0 0 0 0 0 0 0 0 0 0 0 0 0 
6330 1751 403 61 4 1 0 0 0 0 0 0 0 0 0 0 0 0 0 0 0 0 
5373 959 142 10 1 0 0 0 0 0 0 0 0 0 0 0 0 0 0 0 0 0 
4514 527 45 1 0 0 0 0 0 0 0 0 0 0 0 0 0 0 0 0 0 0 
3675 256 9 0 0 0 0 0 0 0 0 0 0 0 0 0 0 0 0 0 0 0 
2958 111 2 0 0 0 0 0 0 0 0 0 0 0 0 0 0 0 0 0 0 0 
2332 47 0 0 0 0 0 0 0 0 0 0 0 0 0 0 0 0 0 0 0 0 
1784 23 0 0 0 0 0 0 0 0 0 0 0 0 0 0 0 0 0 0 0 0 
1350 7 0 0 0 0 0 0 0 0 0 0 0 0 0 0 0 0 0 0 0 0 
936 1 0 0 0 0 0 0 0 0 0 0 0 0 0 0 0 0 0 0 0 0 
669 0 0 0 0 0 0 0 0 0 0 0 0 0 0 0 0 0 0 0 0 0 
440 0 0 0 0 0 0 0 0 0 0 0 0 0 0 0 0 0 0 0 0 0 
279 0 0 0 0 0 0 0 0 0 0 0 0 0 0 0 0 0 0 0 0 0 
171 0 0 0 0 0 0 0 0 0 0 0 0 0 0 0 0 0 0 0 0 0 
97 0 0 0 0 0 0 0 0 0 0 0 0 0 0 0 0 0 0 0 0 0 
40 0 0 0 0 0 0 0 0 0 0 0 0 0 0 0 0 0 0 0 0 0 
12 0 0 0 0 0 0 0 0 0 0 0 0 0 0 0 0 0 0 0 0 0 
6 0 0 0 0 0 0 0 0 0 0 0 0 0 0 0 0 0 0 0 0 0 
1 0 0 0 0 0 0 0 0 0 0 0 0 0 0 0 0 0 0 0 0 0 
0 0 0 0 0 0 0 0 0 0 0 0 0 0 0 0 0 0 0 0 0 0 
10000 9986 9955 9891 9807 9731 9664 9561 9408 9243 9086 8875 8610 8271 7924 7459 6994 6475 5796 4995 4016 2635 
7190 241 87 48 28 13 11 5 4 1 0 0 0 0 0 0 0 0 0 0 0 0 
5846 60 15 4 1 0 0 0 0 0 0 0 0 0 0 0 0 0 0 0 0 0 
4976 27 4 0 0 0 0 0 0 0 0 0 0 0 0 0 0 0 0 0 0 0 
4214 20 1 0 0 0 0 0 0 0 0 0 0 0 0 0 0 0 0 0 0 0 
3623 4 0 0 0 0 0 0 0 0 0 0 0 0 0 0 0 0 0 0 0 0 
3066 3 0 0 0 0 0 0 0 0 0 0 0 0 0 0 0 0 0 0 0 0 
2631 4 0 0 0 0 0 0 0 0 0 0 0 0 0 0 0 0 0 0 0 0 
2227 2 0 0 0 0 0 0 0 0 0 0 0 0 0 0 0 0 0 0 0 0 
1805 2 0 0 0 0 0 0 0 0 0 0 0 0 0 0 0 0 0 0 0 0 
1486 1 0 0 0 0 0 0 0 0 0 0 0 0 0 0 0 0 0 0 0 0 
1154 0 0 0 0 0 0 0 0 0 0 0 0 0 0 0 0 0 0 0 0 0 
894 0 0 0 0 0 0 0 0 0 0 0 0 0 0 0 0 0 0 0 0 0 
656 0 0 0 0 0 0 0 0 0 0 0 0 0 0 0 0 0 0 0 0 0 
493 0 0 0 0 0 0 0 0 0 0 0 0 0 0 0 0 0 0 0 0 0 
340 0 0 0 0 0 0 0 0 0 0 0 0 0 0 0 0 0 0 0 0 0 
223 0 0 0 0 0 0 0 0 0 0 0 0 0 0 0 0 0 0 0 0 0 
114 0 0 0 0 0 0 0 0 0 0 0 0 0 0 0 0 0 0 0 0 0 
59 0 0 0 0 0 0 0 0 0 0 0 0 0 0 0 0 0 0 0 0 0 
23 0 0 0 0 0 0 0 0 0 0 0 0 0 0 0 0 0 0 0 0 0 
11 0 0 0 0 0 0 0 0 0 0 0 0 0 0 0 0 0 0 0 0 0 
1 0 0 0 0 0 0 0 0 0 0 0 0 0 0 0 0 0 0 0 0 0 
10000 9982 9962 9874 9824 9726 9627 9531 9382 9236 9055 8808 8511 8156 7798 7395 6898 6349 5603 4786 3822 2465 
7399 130 45 25 11 5 5 3 2 1 0 0 0 0 0 0 0 0 0 0 0 0 
6020 27 3 1 0 0 0 0 0 0 0 0 0 0 0 0 0 0 0 0 0 0 
5184 11 2 0 0 0 0 0 0 0 0 0 0 0 0 0 0 0 0 0 0 0 
4416 6 1 0 0 0 0 0 0 0 0 0 0 0 0 0 0 0 0 0 0 0 
3816 4 0 0 0 0 0 0 0 0 0 0 0 0 0 0 0 0 0 0 0 0 
3229 2 0 0 0 0 0 0 0 0 0 0 0 0 0 0 0 0 0 0 0 0 
2758 0 0 0 0 0 0 0 0 0 0 0 0 0 0 0 0 0 0 0 0 0 
2313 0 0 0 0 0 0 0 0 0 0 0 0 0 0 0 0 0 0 0 0 0 
1934 0 0 0 0 0 0 0 0 0 0 0 0 0 0 0 0 0 0 0 0 0 
1568 0 0 0 0 0 0 0 0 0 0 0 0 0 0 0 0 0 0 0 0 0 
1242 0 0 0 0 0 0 0 0 0 0 0 0 0 0 0 0 0 0 0 0 0 
973 0 0 0 0 0 0 0 0 0 0 0 0 0 0 0 0 0 0 0 0 0 
715 0 0 0 0 0 0 0 0 0 0 0 0 0 0 0 0 0 0 0 0 0 
525 0 0 0 0 0 0 0 0 0 0 0 0 0 0 0 0 0 0 0 0 0 
349 0 0 0 0 0 0 0 0 0 0 0 0 0 0 0 0 0 0 0 0 0 
236 0 0 0 0 0 0 0 0 0 0 0 0 0 0 0 0 0 0 0 0 0 
136 0 0 0 0 0 0 0 0 0 0 0 0 0 0 0 0 0 0 0 0 0 
70 0 0 0 0 0 0 0 0 0 0 0 0 0 0 0 0 0 0 0 0 0 
34 0 0 0 0 0 0 0 0 0 0 0 0 0 0 0 0 0 0 0 0 0 
8 0 0 0 0 0 0 0 0 0 0 0 0 0 0 0 0 0 0 0 0 0 
1 0 0 0 0 0 0 0 0 0 0 0 0 0 0 0 0 0 0 0 0 0 
10000 9988 9974 9904 9853 9784 9728 9673 9588 9468 9363 9171 8974 8809 8506 8208 7871 7424 6936 6261 5395 4091 
5815 0 0 0 0 0 0 0 0 0 0 0 0 0 0 0 0 0 0 0 0 0 
4575 0 0 0 0 0 0 0 0 0 0 0 0 0 0 0 0 0 0 0 0 0 
3772 0 0 0 0 0 0 0 0 0 0 0 0 0 0 0 0 0 0 0 0 0 
3175 0 0 0 0 0 0 0 0 0 0 0 0 0 0 0 0 0 0 0 0 0 
2639 0 0 0 0 0 0 0 0 0 0 0 0 0 0 0 0 0 0 0 0 0 
2280 0 0 0 0 0 0 0 0 0 0 0 0 0 0 0 0 0 0 0 0 0 
1926 0 0 0 0 0 0 0 0 0 0 0 0 0 0 0 0 0 0 0 0 0 
1574 0 0 0 0 0 0 0 0 0 0 0 0 0 0 0 0 0 0 0 0 0 
1291 0 0 0 0 0 0 0 0 0 0 0 0 0 0 0 0 0 0 0 0 0 
1046 0 0 0 0 0 0 0 0 0 0 0 0 0 0 0 0 0 0 0 0 0 
834 0 0 0 0 0 0 0 0 0 0 0 0 0 0 0 0 0 0 0 0 0 
646 0 0 0 0 0 0 0 0 0 0 0 0 0 0 0 0 0 0 0 0 0 
485 0 0 0 0 0 0 0 0 0 0 0 0 0 0 0 0 0 0 0 0 0 
366 0 0 0 0 0 0 0 0 0 0 0 0 0 0 0 0 0 0 0 0 0 
247 0 0 0 0 0 0 0 0 0 0 0 0 0 0 0 0 0 0 0 0 0 
169 0 0 0 0 0 0 0 0 0 0 0 0 0 0 0 0 0 0 0 0 0 
100 0 0 0 0 0 0 0 0 0 0 0 0 0 0 0 0 0 0 0 0 0 
60 0 0 0 0 0 0 0 0 0 0 0 0 0 0 0 0 0 0 0 0 0 
22 0 0 0 0 0 0 0 0 0 0 0 0 0 0 0 0 0 0 0 0 0 
8 0 0 0 0 0 0 0 0 0 0 0 0 0 0 0 0 0 0 0 0 0 
1 0 0 0 0 0 0 0 0 0 0 0 0 0 0 0 0 0 0 0 0 0 
10000 9982 9970 9881 9798 9716 9607 9517 9357 9204 9027 8774 8495 8212 7821 7394 6891 6328 5632 4776 3785 2432 
7417 80 19 10 8 5 1 1 0 0 0 0 0 0 0 0 0 0 0 0 0 0 
6066 12 1 0 0 0 0 0 0 0 0 0 0 0 0 0 0 0 0 0 0 0 
5173 7 0 0 0 0 0 0 0 0 0 0 0 0 0 0 0 0 0 0 0 0 
4525 4 0 0 0 0 0 0 0 0 0 0 0 0 0 0 0 0 0 0 0 0 
3785 0 0 0 0 0 0 0 0 0 0 0 0 0 0 0 0 0 0 0 0 0 
3257 0 0 0 0 0 0 0 0 0 0 0 0 0 0 0 0 0 0 0 0 0 
2778 0 0 0 0 0 0 0 0 0 0 0 0 0 0 0 0 0 0 0 0 0 
2330 0 0 0 0 0 0 0 0 0 0 0 0 0 0 0 0 0 0 0 0 0 
1918 0 0 0 0 0 0 0 0 0 0 0 0 0 0 0 0 0 0 0 0 0 
1592 0 0 0 0 0 0 0 0 0 0 0 0 0 0 0 0 0 0 0 0 0 
1272 0 0 0 0 0 0 0 0 0 0 0 0 0 0 0 0 0 0 0 0 0 
982 0 0 0 0 0 0 0 0 0 0 0 0 0 0 0 0 0 0 0 0 0 
739 0 0 0 0 0 0 0 0 0 0 0 0 0 0 0 0 0 0 0 0 0 
534 0 0 0 0 0 0 0 0 0 0 0 0 0 0 0 0 0 0 0 0 0 
375 0 0 0 0 0 0 0 0 0 0 0 0 0 0 0 0 0 0 0 0 0 
245 0 0 0 0 0 0 0 0 0 0 0 0 0 0 0 0 0 0 0 0 0 
134 0 0 0 0 0 0 0 0 0 0 0 0 0 0 0 0 0 0 0 0 0 
83 0 0 0 0 0 0 0 0 0 0 0 0 0 0 0 0 0 0 0 0 0 
35 0 0 0 0 0 0 0 0 0 0 0 0 0 0 0 0 0 0 0 0 0 
12 0 0 0 0 0 0 0 0 0 0 0 0 0 0 0 0 0 0 0 0 0 
1 0 0 0 0 0 0 0 0 0 0 0 0 0 0 0 0 0 0 0 0 0 
10000 9980 9978 9925 9848 9792 9714 9641 9548 9406 9329 9139 8967 8720 8483 8181 7849 7457 6943 6241 5345 3983 
5916 0 0 0 0 0 0 0 0 0 0 0 0 0 0 0 0 0 0 0 0 0 
4590 0 0 0 0 0 0 0 0 0 0 0 0 0 0 0 0 0 0 0 0 0 
3797 0 0 0 0 0 0 0 0 0 0 0 0 0 0 0 0 0 0 0 0 0 
3188 0 0 0 0 0 0 0 0 0 0 0 0 0 0 0 0 0 0 0 0 0 
2677 0 0 0 0 0 0 0 0 0 0 0 0 0 0 0 0 0 0 0 0 0 
2249 0 0 0 0 0 0 0 0 0 0 0 0 0 0 0 0 0 0 0 0 0 
1934 0 0 0 0 0 0 0 0 0 0 0 0 0 0 0 0 0 0 0 0 0 
1627 0 0 0 0 0 0 0 0 0 0 0 0 0 0 0 0 0 0 0 0 0 
1369 0 0 0 0 0 0 0 0 0 0 0 0 0 0 0 0 0 0 0 0 0 
1079 0 0 0 0 0 0 0 0 0 0 0 0 0 0 0 0 0 0 0 0 0 
859 0 0 0 0 0 0 0 0 0 0 0 0 0 0 0 0 0 0 0 0 0 
657 0 0 0 0 0 0 0 0 0 0 0 0 0 0 0 0 0 0 0 0 0 
508 0 0 0 0 0 0 0 0 0 0 0 0 0 0 0 0 0 0 0 0 0 
402 0 0 0 0 0 0 0 0 0 0 0 0 0 0 0 0 0 0 0 0 0 
280 0 0 0 0 0 0 0 0 0 0 0 0 0 0 0 0 0 0 0 0 0 
183 0 0 0 0 0 0 0 0 0 0 0 0 0 0 0 0 0 0 0 0 0 
109 0 0 0 0 0 0 0 0 0 0 0 0 0 0 0 0 0 0 0 0 0 
69 0 0 0 0 0 0 0 0 0 0 0 0 0 0 0 0 0 0 0 0 0 
30 0 0 0 0 0 0 0 0 0 0 0 0 0 0 0 0 0 0 0 0 0 
7 0 0 0 0 0 0 0 0 0 0 0 0 0 0 0 0 0 0 0 0 0 
1 0 0 0 0 0 0 0 0 0 0 0 0 0 0 0 0 0 0 0 0 0 
10000 9987 9983 9928 9876 9805 9744 9651 9560 9434 9305 9170 8941 8750 8510 8242 7848 7456 6885 6266 5375 4015 
5910 0 0 0 0 0 0 0 0 0 0 0 0 0 0 0 0 0 0 0 0 0 
4526 0 0 0 0 0 0 0 0 0 0 0 0 0 0 0 0 0 0 0 0 0 
3752 0 0 0 0 0 0 0 0 0 0 0 0 0 0 0 0 0 0 0 0 0 
3183 0 0 0 0 0 0 0 0 0 0 0 0 0 0 0 0 0 0 0 0 0 
2674 0 0 0 0 0 0 0 0 0 0 0 0 0 0 0 0 0 0 0 0 0 
2255 0 0 0 0 0 0 0 0 0 0 0 0 0 0 0 0 0 0 0 0 0 
1939 0 0 0 0 0 0 0 0 0 0 0 0 0 0 0 0 0 0 0 0 0 
1558 0 0 0 0 0 0 0 0 0 0 0 0 0 0 0 0 0 0 0 0 0 
1298 0 0 0 0 0 0 0 0 0 0 0 0 0 0 0 0 0 0 0 0 0 
1090 0 0 0 0 0 0 0 0 0 0 0 0 0 0 0 0 0 0 0 0 0 
870 0 0 0 0 0 0 0 0 0 0 0 0 0 0 0 0 0 0 0 0 0 
697 0 0 0 0 0 0 0 0 0 0 0 0 0 0 0 0 0 0 0 0 0 
538 0 0 0 0 0 0 0 0 0 0 0 0 0 0 0 0 0 0 0 0 0 
393 0 0 0 0 0 0 0 0 0 0 0 0 0 0 0 0 0 0 0 0 0 
262 0 0 0 0 0 0 0 0 0 0 0 0 0 0 0 0 0 0 0 0 0 
166 0 0 0 0 0 0 0 0 0 0 0 0 0 0 0 0 0 0 0 0 0 
95 0 0 0 0 0 0 0 0 0 0 0 0 0 0 0 0 0 0 0 0 0 
49 0 0 0 0 0 0 0 0 0 0 0 0 0 0 0 0 0 0 0 0 0 
12 0 0 0 0 0 0 0 0 0 0 0 0 0 0 0 0 0 0 0 0 0 
1 0 0 0 0 0 0 0 0 0 0 0 0 0 0 0 0 0 0 0 0 0 
1 0 0 0 0 0 0 0 0 0 0 0 0 0 0 0 0 0 0 0 0 0 
10000 9990 9981 9932 9884 9861 9771 9722 9645 9599 9504 9373 9246 9128 8943 8763 8518 8248 7861 7399 6747 5591 
4372 0 0 0 0 0 0 0 0 0 0 0 0 0 0 0 0 0 0 0 0 0 
3243 0 0 0 0 0 0 0 0 0 0 0 0 0 0 0 0 0 0 0 0 0 
2652 0 0 0 0 0 0 0 0 0 0 0 0 0 0 0 0 0 0 0 0 0 
2223 0 0 0 0 0 0 0 0 0 0 0 0 0 0 0 0 0 0 0 0 0 
1847 0 0 0 0 0 0 0 0 0 0 0 0 0 0 0 0 0 0 0 0 0 
1572 0 0 0 0 0 0 0 0 0 0 0 0 0 0 0 0 0 0 0 0 0 
1319 0 0 0 0 0 0 0 0 0 0 0 0 0 0 0 0 0 0 0 0 0 
1127 0 0 0 0 0 0 0 0 0 0 0 0 0 0 0 0 0 0 0 0 0 
911 0 0 0 0 0 0 0 0 0 0 0 0 0 0 0 0 0 0 0 0 0 
762 0 0 0 0 0 0 0 0 0 0 0 0 0 0 0 0 0 0 0 0 0 
623 0 0 0 0 0 0 0 0 0 0 0 0 0 0 0 0 0 0 0 0 0 
489 0 0 0 0 0 0 0 0 0 0 0 0 0 0 0 0 0 0 0 0 0 
376 0 0 0 0 0 0 0 0 0 0 0 0 0 0 0 0 0 0 0 0 0 
278 0 0 0 0 0 0 0 0 0 0 0 0 0 0 0 0 0 0 0 0 0 
193 0 0 0 0 0 0 0 0 0 0 0 0 0 0 0 0 0 0 0 0 0 
135 0 0 0 0 0 0 0 0 0 0 0 0 0 0 0 0 0 0 0 0 0 
102 0 0 0 0 0 0 0 0 0 0 0 0 0 0 0 0 0 0 0 0 0 
43 0 0 0 0 0 0 0 0 0 0 0 0 0 0 0 0 0 0 0 0 0 
21 0 0 0 0 0 0 0 0 0 0 0 0 0 0 0 0 0 0 0 0 0 
5 0 0 0 0 0 0 0 0 0 0 0 0 0 0 0 0 0 0 0 0 0 
1 0 0 0 0 0 0 0 0 0 0 0 0 0 0 0 0 0 0 0 0 0 
5000 4977 4953 4866 4529 4345 4060 3753 3185 2786 2375 2032 1583 1304 990 796 603 475 335 256 179 131 
4714 4550 4290 3908 2900 2256 1433 941 508 283 118 52 25 21 3 3 3 3 1 0 0 0 
3907 3390 2397 1456 368 144 37 14 2 0 1 0 0 0 0 0 0 0 0 0 0 0 
3318 2478 1262 509 45 17 2 0 0 0 0 0 0 0 0 0 0 0 0 0 0 0 
2505 1430 520 123 4 1 0 0 0 0 0 0 0 0 0 0 0 0 0 0 0 0 
1845 795 172 27 0 0 0 0 0 0 0 0 0 0 0 0 0 0 0 0 0 0 
1221 324 51 14 0 0 0 0 0 0 0 0 0 0 0 0 0 0 0 0 0 0 
805 148 22 2 0 0 0 0 0 0 0 0 0 0 0 0 0 0 0 0 0 0 
474 58 7 1 0 0 0 0 0 0 0 0 0 0 0 0 0 0 0 0 0 0 
288 24 4 0 0 0 0 0 0 0 0 0 0 0 0 0 0 0 0 0 0 0 
130 3 0 0 0 0 0 0 0 0 0 0 0 0 0 0 0 0 0 0 0 0 
76 0 0 0 0 0 0 0 0 0 0 0 0 0 0 0 0 0 0 0 0 0 
32 2 0 0 0 0 0 0 0 0 0 0 0 0 0 0 0 0 0 0 0 0 
15 1 0 0 0 0 0 0 0 0 0 0 0 0 0 0 0 0 0 0 0 0 
4 0 0 0 0 0 0 0 0 0 0 0 0 0 0 0 0 0 0 0 0 0 
0 0 0 0 0 0 0 0 0 0 0 0 0 0 0 0 0 0 0 0 0 0 
0 0 0 0 0 0 0 0 0 0 0 0 0 0 0 0 0 0 0 0 0 0 
0 0 0 0 0 0 0 0 0 0 0 0 0 0 0 0 0 0 0 0 0 0 
0 0 0 0 0 0 0 0 0 0 0 0 0 0 0 0 0 0 0 0 0 0 
0 0 0 0 0 0 0 0 0 0 0 0 0 0 0 0 0 0 0 0 0 0 
0 0 0 0 0 0 0 0 0 0 0 0 0 0 0 0 0 0 0 0 0 0 
0 0 0 0 0 0 0 0 0 0 0 0 0 0 0 0 0 0 0 0 0 0 
5000 4992 4956 4851 4671 4399 4018 3608 3130 2699 2119 1744 1395 1070 849 663 520 404 290 206 127 73 
4707 4428 4036 3346 2443 1658 984 512 265 142 43 15 5 1 1 0 0 0 0 0 0 0 
4249 3584 2698 1414 567 163 37 9 1 1 0 0 0 0 0 0 0 0 0 0 0 0 
3796 2737 1506 450 75 10 1 0 0 0 0 0 0 0 0 0 0 0 0 0 0 0 
3152 1740 656 87 5 1 0 0 0 0 0 0 0 0 0 0 0 0 0 0 0 0 
2442 903 206 11 0 0 0 0 0 0 0 0 0 0 0 0 0 0 0 0 0 0 
1750 418 46 2 0 0 0 0 0 0 0 0 0 0 0 0 0 0 0 0 0 0 
1158 169 14 0 0 0 0 0 0 0 0 0 0 0 0 0 0 0 0 0 0 0 
694 51 3 0 0 0 0 0 0 0 0 0 0 0 0 0 0 0 0 0 0 0 
390 13 0 0 0 0 0 0 0 0 0 0 0 0 0 0 0 0 0 0 0 0 
218 1 0 0 0 0 0 0 0 0 0 0 0 0 0 0 0 0 0 0 0 0 
107 0 0 0 0 0 0 0 0 0 0 0 0 0 0 0 0 0 0 0 0 0 
55 0 0 0 0 0 0 0 0 0 0 0 0 0 0 0 0 0 0 0 0 0 
22 0 0 0 0 0 0 0 0 0 0 0 0 0 0 0 0 0 0 0 0 0 
14 0 0 0 0 0 0 0 0 0 0 0 0 0 0 0 0 0 0 0 0 0 
4 0 0 0 0 0 0 0 0 0 0 0 0 0 0 0 0 0 0 0 0 0 
0 0 0 0 0 0 0 0 0 0 0 0 0 0 0 0 0 0 0 0 0 0 
0 0 0 0 0 0 0 0 0 0 0 0 0 0 0 0 0 0 0 0 0 0 
0 0 0 0 0 0 0 0 0 0 0 0 0 0 0 0 0 0 0 0 0 0 
0 0 0 0 0 0 0 0 0 0 0 0 0 0 0 0 0 0 0 0 0 0 
0 0 0 0 0 0 0 0 0 0 0 0 0 0 0 0 0 0 0 0 0 0 
0 0 0 0 0 0 0 0 0 0 0 0 0 0 0 0 0 0 0 0 0 0 
5000 4988 4960 4841 4635 4425 4140 3803 3409 3015 2570 2222 1829 1494 1245 999 806 640 481 372 260 178 
4589 4340 3922 3256 2393 1685 1065 672 358 196 91 27 10 4 3 1 0 0 0 0 0 0 
3996 3341 2274 1171 401 126 34 11 1 0 0 0 0 0 0 0 0 0 0 0 0 0 
3437 2361 1199 340 49 11 2 0 0 0 0 0 0 0 0 0 0 0 0 0 0 0 
2699 1438 473 60 3 0 0 0 0 0 0 0 0 0 0 0 0 0 0 0 0 0 
2058 792 158 14 1 0 0 0 0 0 0 0 0 0 0 0 0 0 0 0 0 0 
1431 371 40 2 0 0 0 0 0 0 0 0 0 0 0 0 0 0 0 0 0 0 
1009 144 9 0 0 0 0 0 0 0 0 0 0 0 0 0 0 0 0 0 0 0 
643 52 1 0 0 0 0 0 0 0 0 0 0 0 0 0 0 0 0 0 0 0 
383 13 1 0 0 0 0 0 0 0 0 0 0 0 0 0 0 0 0 0 0 0 
241 5 0 0 0 0 0 0 0 0 0 0 0 0 0 0 0 0 0 0 0 0 
128 0 0 0 0 0 0 0 0 0 0 0 0 0 0 0 0 0 0 0 0 0 
76 0 0 0 0 0 0 0 0 0 0 0 0 0 0 0 0 0 0 0 0 0 
39 0 0 0 0 0 0 0 0 0 0 0 0 0 0 0 0 0 0 0 0 0 
20 0 0 0 0 0 0 0 0 0 0 0 0 0 0 0 0 0 0 0 0 0 
10 0 0 0 0 0 0 0 0 0 0 0 0 0 0 0 0 0 0 0 0 0 
6 0 0 0 0 0 0 0 0 0 0 0 0 0 0 0 0 0 0 0 0 0 
1 0 0 0 0 0 0 0 0 0 0 0 0 0 0 0 0 0 0 0 0 0 
1 0 0 0 0 0 0 0 0 0 0 0 0 0 0 0 0 0 0 0 0 0 
0 0 0 0 0 0 0 0 0 0 0 0 0 0 0 0 0 0 0 0 0 0 
0 0 0 0 0 0 0 0 0 0 0 0 0 0 0 0 0 0 0 0 0 0 
0 0 0 0 0 0 0 0 0 0 0 0 0 0 0 0 0 0 0 0 0 0 
5000 4988 4975 4884 4762 4614 4447 4242 3995 3716 3445 3161 2876 2617 2367 2170 1908 1667 1453 1225 988 728 
4059 3321 2705 2007 1417 969 618 384 218 128 51 13 5 2 0 0 0 0 0 0 0 0 
3419 2257 1344 593 198 53 10 2 0 0 0 0 0 0 0 0 0 0 0 0 0 0 
2830 1434 656 163 23 1 0 0 0 0 0 0 0 0 0 0 0 0 0 0 0 0 
2274 893 267 30 0 0 0 0 0 0 0 0 0 0 0 0 0 0 0 0 0 0 
1839 517 88 0 0 0 0 0 0 0 0 0 0 0 0 0 0 0 0 0 0 0 
1384 255 21 0 0 0 0 0 0 0 0 0 0 0 0 0 0 0 0 0 0 0 
1042 98 4 0 0 0 0 0 0 0 0 0 0 0 0 0 0 0 0 0 0 0 
725 45 1 0 0 0 0 0 0 0 0 0 0 0 0 0 0 0 0 0 0 0 
501 10 0 0 0 0 0 0 0 0 0 0 0 0 0 0 0 0 0 0 0 0 
347 2 0 0 0 0 0 0 0 0 0 0 0 0 0 0 0 0 0 0 0 0 
243 0 0 0 0 0 0 0 0 0 0 0 0 0 0 0 0 0 0 0 0 0 
147 0 0 0 0 0 0 0 0 0 0 0 0 0 0 0 0 0 0 0 0 0 
72 0 0 0 0 0 0 0 0 0 0 0 0 0 0 0 0 0 0 0 0 0 
49 0 0 0 0 0 0 0 0 0 0 0 0 0 0 0 0 0 0 0 0 0 
27 0 0 0 0 0 0 0 0 0 0 0 0 0 0 0 0 0 0 0 0 0 
7 0 0 0 0 0 0 0 0 0 0 0 0 0 0 0 0 0 0 0 0 0 
3 0 0 0 0 0 0 0 0 0 0 0 0 0 0 0 0 0 0 0 0 0 
1 0 0 0 0 0 0 0 0 0 0 0 0 0 0 0 0 0 0 0 0 0 
0 0 0 0 0 0 0 0 0 0 0 0 0 0 0 0 0 0 0 0 0 0 
0 0 0 0 0 0 0 0 0 0 0 0 0 0 0 0 0 0 0 0 0 0 
0 0 0 0 0 0 0 0 0 0 0 0 0 0 0 0 0 0 0 0 0 0 
5000 4992 4955 4832 4635 4447 4180 3889 3565 3199 2797 2426 2099 1775 1493 1273 1032 885 702 561 397 275 
4543 4227 3784 3146 2294 1710 1098 705 375 196 79 40 19 6 3 1 0 0 0 0 0 0 
3790 3047 2024 1029 337 108 20 3 1 0 0 0 0 0 0 0 0 0 0 0 0 0 
3163 2083 993 297 40 5 0 0 0 0 0 0 0 0 0 0 0 0 0 0 0 0 
2432 1224 374 58 4 0 0 0 0 0 0 0 0 0 0 0 0 0 0 0 0 0 
1869 716 126 10 1 0 0 0 0 0 0 0 0 0 0 0 0 0 0 0 0 0 
1375 333 33 2 0 0 0 0 0 0 0 0 0 0 0 0 0 0 0 0 0 0 
946 136 6 0 0 0 0 0 0 0 0 0 0 0 0 0 0 0 0 0 0 0 
671 39 1 0 0 0 0 0 0 0 0 0 0 0 0 0 0 0 0 0 0 0 
418 10 0 0 0 0 0 0 0 0 0 0 0 0 0 0 0 0 0 0 0 0 
272 6 1 0 0 0 0 0 0 0 0 0 0 0 0 0 0 0 0 0 0 0 
172 0 0 0 0 0 0 0 0 0 0 0 0 0 0 0 0 0 0 0 0 0 
112 0 0 0 0 0 0 0 0 0 0 0 0 0 0 0 0 0 0 0 0 0 
47 0 0 0 0 0 0 0 0 0 0 0 0 0 0 0 0 0 0 0 0 0 
22 0 0 0 0 0 0 0 0 0 0 0 0 0 0 0 0 0 0 0 0 0 
6 0 0 0 0 0 0 0 0 0 0 0 0 0 0 0 0 0 0 0 0 0 
2 0 0 0 0 0 0 0 0 0 0 0 0 0 0 0 0 0 0 0 0 0 
1 0 0 0 0 0 0 0 0 0 0 0 0 0 0 0 0 0 0 0 0 0 
0 0 0 0 0 0 0 0 0 0 0 0 0 0 0 0 0 0 0 0 0 0 
0 0 0 0 0 0 0 0 0 0 0 0 0 0 0 0 0 0 0 0 0 0 
0 0 0 0 0 0 0 0 0 0 0 0 0 0 0 0 0 0 0 0 0 0 
0 0 0 0 0 0 0 0 0 0 0 0 0 0 0 0 0 0 0 0 0 0 
5000 4987 4974 4908 4849 4772 4649 4525 4406 4227 4081 3900 3669 3458 3225 3027 2794 2579 2324 2013 1680 1249 
3565 2365 1722 1207 826 566 365 237 139 68 28 11 4 3 0 0 0 0 0 0 0 0 
2819 1344 705 280 80 26 5 1 0 0 0 0 0 0 0 0 0 0 0 0 0 0 
2288 800 302 61 10 1 0 0 0 0 0 0 0 0 0 0 0 0 0 0 0 0 
1850 477 129 8 0 0 0 0 0 0 0 0 0 0 0 0 0 0 0 0 0 0 
1449 267 36 1 0 0 0 0 0 0 0 0 0 0 0 0 0 0 0 0 0 0 
1131 127 10 1 0 0 0 0 0 0 0 0 0 0 0 0 0 0 0 0 0 0 
910 47 2 0 0 0 0 0 0 0 0 0 0 0 0 0 0 0 0 0 0 0 
696 23 0 0 0 0 0 0 0 0 0 0 0 0 0 0 0 0 0 0 0 0 
508 9 0 0 0 0 0 0 0 0 0 0 0 0 0 0 0 0 0 0 0 0 
394 1 0 0 0 0 0 0 0 0 0 0 0 0 0 0 0 0 0 0 0 0 
281 0 0 0 0 0 0 0 0 0 0 0 0 0 0 0 0 0 0 0 0 0 
192 0 0 0 0 0 0 0 0 0 0 0 0 0 0 0 0 0 0 0 0 0 
138 0 0 0 0 0 0 0 0 0 0 0 0 0 0 0 0 0 0 0 0 0 
82 0 0 0 0 0 0 0 0 0 0 0 0 0 0 0 0 0 0 0 0 0 
54 0 0 0 0 0 0 0 0 0 0 0 0 0 0 0 0 0 0 0 0 0 
21 0 0 0 0 0 0 0 0 0 0 0 0 0 0 0 0 0 0 0 0 0 
18 0 0 0 0 0 0 0 0 0 0 0 0 0 0 0 0 0 0 0 0 0 
10 0 0 0 0 0 0 0 0 0 0 0 0 0 0 0 0 0 0 0 0 0 
3 0 0 0 0 0 0 0 0 0 0 0 0 0 0 0 0 0 0 0 0 0 
1 0 0 0 0 0 0 0 0 0 0 0 0 0 0 0 0 0 0 0 0 0 
0 0 0 0 0 0 0 0 0 0 0 0 0 0 0 0 0 0 0 0 0 0 
5000 4990 4979 4932 4871 4810 4699 4652 4527 4388 4227 4049 3883 3687 3470 3221 2973 2724 2447 2170 1783 1311 
3550 1864 1219 756 503 337 212 124 77 36 17 5 2 0 0 0 0 0 0 0 0 0 
2860 994 427 148 57 10 2 0 0 0 0 0 0 0 0 0 0 0 0 0 0 0 
2367 568 175 23 1 0 0 0 0 0 0 0 0 0 0 0 0 0 0 0 0 0 
1975 331 65 1 0 0 0 0 0 0 0 0 0 0 0 0 0 0 0 0 0 0 
1605 176 20 1 0 0 0 0 0 0 0 0 0 0 0 0 0 0 0 0 0 0 
1310 81 1 0 0 0 0 0 0 0 0 0 0 0 0 0 0 0 0 0 0 0 
1054 41 2 0 0 0 0 0 0 0 0 0 0 0 0 0 0 0 0 0 0 0 
828 14 0 0 0 0 0 0 0 0 0 0 0 0 0 0 0 0 0 0 0 0 
669 9 0 0 0 0 0 0 0 0 0 0 0 0 0 0 0 0 0 0 0 0 
515 1 0 0 0 0 0 0 0 0 0 0 0 0 0 0 0 0 0 0 0 0 
384 0 0 0 0 0 0 0 0 0 0 0 0 0 0 0 0 0 0 0 0 0 
277 0 0 0 0 0 0 0 0 0 0 0 0 0 0 0 0 0 0 0 0 0 
201 0 0 0 0 0 0 0 0 0 0 0 0 0 0 0 0 0 0 0 0 0 
129 0 0 0 0 0 0 0 0 0 0 0 0 0 0 0 0 0 0 0 0 0 
81 0 0 0 0 0 0 0 0 0 0 0 0 0 0 0 0 0 0 0 0 0 
51 0 0 0 0 0 0 0 0 0 0 0 0 0 0 0 0 0 0 0 0 0 
29 0 0 0 0 0 0 0 0 0 0 0 0 0 0 0 0 0 0 0 0 0 
18 0 0 0 0 0 0 0 0 0 0 0 0 0 0 0 0 0 0 0 0 0 
3 0 0 0 0 0 0 0 0 0 0 0 0 0 0 0 0 0 0 0 0 0 
1 0 0 0 0 0 0 0 0 0 0 0 0 0 0 0 0 0 0 0 0 0 
0 0 0 0 0 0 0 0 0 0 0 0 0 0 0 0 0 0 0 0 0 0 
5000 4987 4977 4961 4949 4915 4882 4821 4808 4764 4709 4622 4556 4456 4337 4213 4041 3844 3609 3331 2979 2351 
2612 41 10 5 4 2 1 0 0 0 0 0 0 0 0 0 0 0 0 0 0 0 
1988 10 4 0 0 0 0 0 0 0 0 0 0 0 0 0 0 0 0 0 0 0 
1670 5 2 0 0 0 0 0 0 0 0 0 0 0 0 0 0 0 0 0 0 0 
1408 1 0 0 0 0 0 0 0 0 0 0 0 0 0 0 0 0 0 0 0 0 
1203 0 0 0 0 0 0 0 0 0 0 0 0 0 0 0 0 0 0 0 0 0 
1004 0 0 0 0 0 0 0 0 0 0 0 0 0 0 0 0 0 0 0 0 0 
843 0 0 0 0 0 0 0 0 0 0 0 0 0 0 0 0 0 0 0 0 0 
703 0 0 0 0 0 0 0 0 0 0 0 0 0 0 0 0 0 0 0 0 0 
592 0 0 0 0 0 0 0 0 0 0 0 0 0 0 0 0 0 0 0 0 0 
488 0 0 0 0 0 0 0 0 0 0 0 0 0 0 0 0 0 0 0 0 0 
397 0 0 0 0 0 0 0 0 0 0 0 0 0 0 0 0 0 0 0 0 0 
281 0 0 0 0 0 0 0 0 0 0 0 0 0 0 0 0 0 0 0 0 0 
208 0 0 0 0 0 0 0 0 0 0 0 0 0 0 0 0 0 0 0 0 0 
157 0 0 0 0 0 0 0 0 0 0 0 0 0 0 0 0 0 0 0 0 0 
110 0 0 0 0 0 0 0 0 0 0 0 0 0 0 0 0 0 0 0 0 0 
69 0 0 0 0 0 0 0 0 0 0 0 0 0 0 0 0 0 0 0 0 0 
36 0 0 0 0 0 0 0 0 0 0 0 0 0 0 0 0 0 0 0 0 0 
20 0 0 0 0 0 0 0 0 0 0 0 0 0 0 0 0 0 0 0 0 0 
8 0 0 0 0 0 0 0 0 0 0 0 0 0 0 0 0 0 0 0 0 0 
4 0 0 0 0 0 0 0 0 0 0 0 0 0 0 0 0 0 0 0 0 0 
2 0 0 0 0 0 0 0 0 0 0 0 0 0 0 0 0 0 0 0 0 0 
5000 4994 4959 4854 4704 4501 4316 4060 3756 3497 3176 2836 2532 2195 1882 1621 1346 1115 887 699 526 353 
4470 3973 3415 2714 1937 1370 903 587 327 172 73 35 13 6 5 2 0 0 0 0 0 0 
3741 2714 1657 725 227 71 12 3 1 0 0 0 0 0 0 0 0 0 0 0 0 0 
3081 1791 806 224 20 4 1 0 0 0 0 0 0 0 0 0 0 0 0 0 0 0 
2400 1002 310 40 0 0 0 0 0 0 0 0 0 0 0 0 0 0 0 0 0 0 
1890 565 104 8 0 0 0 0 0 0 0 0 0 0 0 0 0 0 0 0 0 0 
1436 288 24 1 0 0 0 0 0 0 0 0 0 0 0 0 0 0 0 0 0 0 
1027 111 10 0 0 0 0 0 0 0 0 0 0 0 0 0 0 0 0 0 0 0 
698 37 2 0 0 0 0 0 0 0 0 0 0 0 0 0 0 0 0 0 0 0 
479 19 2 0 0 0 0 0 0 0 0 0 0 0 0 0 0 0 0 0 0 0 
294 4 0 0 0 0 0 0 0 0 0 0 0 0 0 0 0 0 0 0 0 0 
171 0 0 0 0 0 0 0 0 0 0 0 0 0 0 0 0 0 0 0 0 0 
98 0 0 0 0 0 0 0 0 0 0 0 0 0 0 0 0 0 0 0 0 0 
51 0 0 0 0 0 0 0 0 0 0 0 0 0 0 0 0 0 0 0 0 0 
24 0 0 0 0 0 0 0 0 0 0 0 0 0 0 0 0 0 0 0 0 0 
9 0 0 0 0 0 0 0 0 0 0 0 0 0 0 0 0 0 0 0 0 0 
5 0 0 0 0 0 0 0 0 0 0 0 0 0 0 0 0 0 0 0 0 0 
2 0 0 0 0 0 0 0 0 0 0 0 0 0 0 0 0 0 0 0 0 0 
0 0 0 0 0 0 0 0 0 0 0 0 0 0 0 0 0 0 0 0 0 0 
0 0 0 0 0 0 0 0 0 0 0 0 0 0 0 0 0 0 0 0 0 0 
0 0 0 0 0 0 0 0 0 0 0 0 0 0 0 0 0 0 0 0 0 0 
0 0 0 0 0 0 0 0 0 0 0 0 0 0 0 0 0 0 0 0 0 0 
5000 4992 4980 4936 4890 4852 4789 4731 4654 4554 4449 4336 4216 4056 3867 3659 3439 3166 2898 2536 2098 1508 
3392 1116 612 364 228 147 98 57 24 13 8 2 1 1 0 0 0 0 0 0 0 0 
2655 499 173 55 22 5 1 0 0 0 0 0 0 0 0 0 0 0 0 0 0 0 
2159 265 61 11 3 0 0 0 0 0 0 0 0 0 0 0 0 0 0 0 0 0 
1792 162 24 2 0 0 0 0 0 0 0 0 0 0 0 0 0 0 0 0 0 0 
1493 85 8 1 0 0 0 0 0 0 0 0 0 0 0 0 0 0 0 0 0 0 
1277 54 2 0 0 0 0 0 0 0 0 0 0 0 0 0 0 0 0 0 0 0 
1068 27 1 0 0 0 0 0 0 0 0 0 0 0 0 0 0 0 0 0 0 0 
852 11 0 0 0 0 0 0 0 0 0 0 0 0 0 0 0 0 0 0 0 0 
656 5 0 0 0 0 0 0 0 0 0 0 0 0 0 0 0 0 0 0 0 0 
548 0 0 0 0 0 0 0 0 0 0 0 0 0 0 0 0 0 0 0 0 0 
420 0 0 0 0 0 0 0 0 0 0 0 0 0 0 0 0 0 0 0 0 0 
326 0 0 0 0 0 0 0 0 0 0 0 0 0 0 0 0 0 0 0 0 0 
236 0 0 0 0 0 0 0 0 0 0 0 0 0 0 0 0 0 0 0 0 0 
155 0 0 0 0 0 0 0 0 0 0 0 0 0 0 0 0 0 0 0 0 0 
98 0 0 0 0 0 0 0 0 0 0 0 0 0 0 0 0 0 0 0 0 0 
54 0 0 0 0 0 0 0 0 0 0 0 0 0 0 0 0 0 0 0 0 0 
38 0 0 0 0 0 0 0 0 0 0 0 0 0 0 0 0 0 0 0 0 0 
22 0 0 0 0 0 0 0 0 0 0 0 0 0 0 0 0 0 0 0 0 0 
5 0 0 0 0 0 0 0 0 0 0 0 0 0 0 0 0 0 0 0 0 0 
0 0 0 0 0 0 0 0 0 0 0 0 0 0 0 0 0 0 0 0 0 0 
0 0 0 0 0 0 0 0 0 0 0 0 0 0 0 0 0 0 0 0 0 0 
5000 4994 4976 4933 4916 4872 4813 4722 4696 4575 4458 4322 4195 4051 3841 3624 3422 3153 2835 2433 1931 1321 
3572 816 389 207 122 87 51 36 25 11 4 2 0 0 0 0 0 0 0 0 0 0 
2865 259 64 24 2 0 0 0 0 0 0 0 0 0 0 0 0 0 0 0 0 0 
2343 144 22 6 2 0 0 0 0 0 0 0 0 0 0 0 0 0 0 0 0 0 
2017 68 7 1 0 0 0 0 0 0 0 0 0 0 0 0 0 0 0 0 0 0 
1708 39 3 0 0 0 0 0 0 0 0 0 0 0 0 0 0 0 0 0 0 0 
1445 22 2 0 0 0 0 0 0 0 0 0 0 0 0 0 0 0 0 0 0 0 
1191 5 1 0 0 0 0 0 0 0 0 0 0 0 0 0 0 0 0 0 0 0 
1004 3 0 0 0 0 0 0 0 0 0 0 0 0 0 0 0 0 0 0 0 0 
866 1 0 0 0 0 0 0 0 0 0 0 0 0 0 0 0 0 0 0 0 0 
672 0 0 0 0 0 0 0 0 0 0 0 0 0 0 0 0 0 0 0 0 0 
530 0 0 0 0 0 0 0 0 0 0 0 0 0 0 0 0 0 0 0 0 0 
405 0 0 0 0 0 0 0 0 0 0 0 0 0 0 0 0 0 0 0 0 0 
304 0 0 0 0 0 0 0 0 0 0 0 0 0 0 0 0 0 0 0 0 0 
226 0 0 0 0 0 0 0 0 0 0 0 0 0 0 0 0 0 0 0 0 0 
140 0 0 0 0 0 0 0 0 0 0 0 0 0 0 0 0 0 0 0 0 0 
95 0 0 0 0 0 0 0 0 0 0 0 0 0 0 0 0 0 0 0 0 0 
61 0 0 0 0 0 0 0 0 0 0 0 0 0 0 0 0 0 0 0 0 0 
34 0 0 0 0 0 0 0 0 0 0 0 0 0 0 0 0 0 0 0 0 0 
12 0 0 0 0 0 0 0 0 0 0 0 0 0 0 0 0 0 0 0 0 0 
2 0 0 0 0 0 0 0 0 0 0 0 0 0 0 0 0 0 0 0 0 0 
0 0 0 0 0 0 0 0 0 0 0 0 0 0 0 0 0 0 0 0 0 0 
5000 4992 4990 4956 4934 4897 4871 4830 4766 4710 4663 4607 4517 4407 4288 4135 3981 3773 3546 3223 2786 2183 
2773 3 1 0 0 0 0 0 0 0 0 0 0 0 0 0 0 0 0 0 0 0 
2171 0 0 0 0 0 0 0 0 0 0 0 0 0 0 0 0 0 0 0 0 0 
1812 0 0 0 0 0 0 0 0 0 0 0 0 0 0 0 0 0 0 0 0 0 
1519 0 0 0 0 0 0 0 0 0 0 0 0 0 0 0 0 0 0 0 0 0 
1297 0 0 0 0 0 0 0 0 0 0 0 0 0 0 0 0 0 0 0 0 0 
1094 0 0 0 0 0 0 0 0 0 0 0 0 0 0 0 0 0 0 0 0 0 
922 0 0 0 0 0 0 0 0 0 0 0 0 0 0 0 0 0 0 0 0 0 
765 0 0 0 0 0 0 0 0 0 0 0 0 0 0 0 0 0 0 0 0 0 
626 0 0 0 0 0 0 0 0 0 0 0 0 0 0 0 0 0 0 0 0 0 
495 0 0 0 0 0 0 0 0 0 0 0 0 0 0 0 0 0 0 0 0 0 
386 0 0 0 0 0 0 0 0 0 0 0 0 0 0 0 0 0 0 0 0 0 
327 0 0 0 0 0 0 0 0 0 0 0 0 0 0 0 0 0 0 0 0 0 
250 0 0 0 0 0 0 0 0 0 0 0 0 0 0 0 0 0 0 0 0 0 
193 0 0 0 0 0 0 0 0 0 0 0 0 0 0 0 0 0 0 0 0 0 
131 0 0 0 0 0 0 0 0 0 0 0 0 0 0 0 0 0 0 0 0 0 
79 0 0 0 0 0 0 0 0 0 0 0 0 0 0 0 0 0 0 0 0 0 
54 0 0 0 0 0 0 0 0 0 0 0 0 0 0 0 0 0 0 0 0 0 
29 0 0 0 0 0 0 0 0 0 0 0 0 0 0 0 0 0 0 0 0 0 
14 0 0 0 0 0 0 0 0 0 0 0 0 0 0 0 0 0 0 0 0 0 
4 0 0 0 0 0 0 0 0 0 0 0 0 0 0 0 0 0 0 0 0 0 
0 0 0 0 0 0 0 0 0 0 0 0 0 0 0 0 0 0 0 0 0 0 
5000 4991 4983 4965 4916 4867 4824 4750 4682 4602 4470 4382 4199 4014 3845 3668 3396 3107 2769 2298 1801 1182 
3700 488 189 98 56 37 30 16 10 4 2 1 0 1 0 0 0 0 0 0 0 0 
3028 147 22 5 3 1 0 0 0 0 0 0 0 0 0 0 0 0 0 0 0 0 
2590 75 13 1 0 0 0 0 0 0 0 0 0 0 0 0 0 0 0 0 0 0 
2194 40 4 0 0 0 0 0 0 0 0 0 0 0 0 0 0 0 0 0 0 0 
1874 25 2 0 0 0 0 0 0 0 0 0 0 0 0 0 0 0 0 0 0 0 
1553 12 1 0 0 0 0 0 0 0 0 0 0 0 0 0 0 0 0 0 0 0 
1294 2 0 0 0 0 0 0 0 0 0 0 0 0 0 0 0 0 0 0 0 0 
1111 2 0 0 0 0 0 0 0 0 0 0 0 0 0 0 0 0 0 0 0 0 
921 0 0 0 0 0 0 0 0 0 0 0 0 0 0 0 0 0 0 0 0 0 
738 0 0 0 0 0 0 0 0 0 0 0 0 0 0 0 0 0 0 0 0 0 
629 0 0 0 0 0 0 0 0 0 0 0 0 0 0 0 0 0 0 0 0 0 
473 0 0 0 0 0 0 0 0 0 0 0 0 0 0 0 0 0 0 0 0 0 
346 0 0 0 0 0 0 0 0 0 0 0 0 0 0 0 0 0 0 0 0 0 
235 0 0 0 0 0 0 0 0 0 0 0 0 0 0 0 0 0 0 0 0 0 
148 0 0 0 0 0 0 0 0 0 0 0 0 0 0 0 0 0 0 0 0 0 
93 0 0 0 0 0 0 0 0 0 0 0 0 0 0 0 0 0 0 0 0 0 
39 0 0 0 0 0 0 0 0 0 0 0 0 0 0 0 0 0 0 0 0 0 
23 0 0 0 0 0 0 0 0 0 0 0 0 0 0 0 0 0 0 0 0 0 
12 0 0 0 0 0 0 0 0 0 0 0 0 0 0 0 0 0 0 0 0 0 
1 0 0 0 0 0 0 0 0 0 0 0 0 0 0 0 0 0 0 0 0 0 
0 0 0 0 0 0 0 0 0 0 0 0 0 0 0 0 0 0 0 0 0 0 
5000 4989 4984 4959 4934 4897 4875 4825 4776 4724 4633 4578 4474 4372 4230 4101 3892 3691 3429 3126 2648 1959 
2964 1 0 0 0 0 0 0 0 0 0 0 0 0 0 0 0 0 0 0 0 0 
2310 0 0 0 0 0 0 0 0 0 0 0 0 0 0 0 0 0 0 0 0 0 
1939 0 0 0 0 0 0 0 0 0 0 0 0 0 0 0 0 0 0 0 0 0 
1590 0 0 0 0 0 0 0 0 0 0 0 0 0 0 0 0 0 0 0 0 0 
1348 0 0 0 0 0 0 0 0 0 0 0 0 0 0 0 0 0 0 0 0 0 
1144 0 0 0 0 0 0 0 0 0 0 0 0 0 0 0 0 0 0 0 0 0 
958 0 0 0 0 0 0 0 0 0 0 0 0 0 0 0 0 0 0 0 0 0 
804 0 0 0 0 0 0 0 0 0 0 0 0 0 0 0 0 0 0 0 0 0 
684 0 0 0 0 0 0 0 0 0 0 0 0 0 0 0 0 0 0 0 0 0 
558 0 0 0 0 0 0 0 0 0 0 0 0 0 0 0 0 0 0 0 0 0 
456 0 0 0 0 0 0 0 0 0 0 0 0 0 0 0 0 0 0 0 0 0 
348 0 0 0 0 0 0 0 0 0 0 0 0 0 0 0 0 0 0 0 0 0 
278 0 0 0 0 0 0 0 0 0 0 0 0 0 0 0 0 0 0 0 0 0 
201 0 0 0 0 0 0 0 0 0 0 0 0 0 0 0 0 0 0 0 0 0 
136 0 0 0 0 0 0 0 0 0 0 0 0 0 0 0 0 0 0 0 0 0 
84 0 0 0 0 0 0 0 0 0 0 0 0 0 0 0 0 0 0 0 0 0 
54 0 0 0 0 0 0 0 0 0 0 0 0 0 0 0 0 0 0 0 0 0 
29 0 0 0 0 0 0 0 0 0 0 0 0 0 0 0 0 0 0 0 0 0 
12 0 0 0 0 0 0 0 0 0 0 0 0 0 0 0 0 0 0 0 0 0 
5 0 0 0 0 0 0 0 0 0 0 0 0 0 0 0 0 0 0 0 0 0 
1 0 0 0 0 0 0 0 0 0 0 0 0 0 0 0 0 0 0 0 0 0 
5000 4995 4987 4963 4924 4905 4867 4842 4759 4722 4651 4553 4458 4342 4205 4067 3878 3646 3417 3088 2648 1971 
2946 0 0 0 0 0 0 0 0 0 0 0 0 0 0 0 0 0 0 0 0 0 
2327 1 0 0 0 0 0 0 0 0 0 0 0 0 0 0 0 0 0 0 0 0 
1947 1 0 0 0 0 0 0 0 0 0 0 0 0 0 0 0 0 0 0 0 0 
1622 0 0 0 0 0 0 0 0 0 0 0 0 0 0 0 0 0 0 0 0 0 
1365 0 0 0 0 0 0 0 0 0 0 0 0 0 0 0 0 0 0 0 0 0 
1158 0 0 0 0 0 0 0 0 0 0 0 0 0 0 0 0 0 0 0 0 0 
1025 0 0 0 0 0 0 0 0 0 0 0 0 0 0 0 0 0 0 0 0 0 
830 0 0 0 0 0 0 0 0 0 0 0 0 0 0 0 0 0 0 0 0 0 
701 0 0 0 0 0 0 0 0 0 0 0 0 0 0 0 0 0 0 0 0 0 
582 0 0 0 0 0 0 0 0 0 0 0 0 0 0 0 0 0 0 0 0 0 
470 0 0 0 0 0 0 0 0 0 0 0 0 0 0 0 0 0 0 0 0 0 
360 0 0 0 0 0 0 0 0 0 0 0 0 0 0 0 0 0 0 0 0 0 
269 0 0 0 0 0 0 0 0 0 0 0 0 0 0 0 0 0 0 0 0 0 
199 0 0 0 0 0 0 0 0 0 0 0 0 0 0 0 0 0 0 0 0 0 
138 0 0 0 0 0 0 0 0 0 0 0 0 0 0 0 0 0 0 0 0 0 
90 0 0 0 0 0 0 0 0 0 0 0 0 0 0 0 0 0 0 0 0 0 
50 0 0 0 0 0 0 0 0 0 0 0 0 0 0 0 0 0 0 0 0 0 
21 0 0 0 0 0 0 0 0 0 0 0 0 0 0 0 0 0 0 0 0 0 
10 0 0 0 0 0 0 0 0 0 0 0 0 0 0 0 0 0 0 0 0 0 
0 0 0 0 0 0 0 0 0 0 0 0 0 0 0 0 0 0 0 0 0 0 
0 0 0 0 0 0 0 0 0 0 0 0 0 0 0 0 0 0 0 0 0 0 
5000 4998 4985 4968 4944 4930 4898 4851 4834 4800 4761 4725 4653 4558 4484 4358 4249 4095 3900 3670 3351 2732 
2231 0 0 0 0 0 0 0 0 0 0 0 0 0 0 0 0 0 0 0 0 0 
1678 0 0 0 0 0 0 0 0 0 0 0 0 0 0 0 0 0 0 0 0 0 
1351 0 0 0 0 0 0 0 0 0 0 0 0 0 0 0 0 0 0 0 0 0 
1133 0 0 0 0 0 0 0 0 0 0 0 0 0 0 0 0 0 0 0 0 0 
930 0 0 0 0 0 0 0 0 0 0 0 0 0 0 0 0 0 0 0 0 0 
792 0 0 0 0 0 0 0 0 0 0 0 0 0 0 0 0 0 0 0 0 0 
654 0 0 0 0 0 0 0 0 0 0 0 0 0 0 0 0 0 0 0 0 0 
553 0 0 0 0 0 0 0 0 0 0 0 0 0 0 0 0 0 0 0 0 0 
450 0 0 0 0 0 0 0 0 0 0 0 0 0 0 0 0 0 0 0 0 0 
384 0 0 0 0 0 0 0 0 0 0 0 0 0 0 0 0 0 0 0 0 0 
287 0 0 0 0 0 0 0 0 0 0 0 0 0 0 0 0 0 0 0 0 0 
233 0 0 0 0 0 0 0 0 0 0 0 0 0 0 0 0 0 0 0 0 0 
175 0 0 0 0 0 0 0 0 0 0 0 0 0 0 0 0 0 0 0 0 0 
141 0 0 0 0 0 0 0 0 0 0 0 0 0 0 0 0 0 0 0 0 0 
103 0 0 0 0 0 0 0 0 0 0 0 0 0 0 0 0 0 0 0 0 0 
74 0 0 0 0 0 0 0 0 0 0 0 0 0 0 0 0 0 0 0 0 0 
46 0 0 0 0 0 0 0 0 0 0 0 0 0 0 0 0 0 0 0 0 0 
26 0 0 0 0 0 0 0 0 0 0 0 0 0 0 0 0 0 0 0 0 0 
12 0 0 0 0 0 0 0 0 0 0 0 0 0 0 0 0 0 0 0 0 0 
3 0 0 0 0 0 0 0 0 0 0 0 0 0 0 0 0 0 0 0 0 0 
0 0 0 0 0 0 0 0 0 0 0 0 0 0 0 0 0 0 0 0 0 0 
5000 4984 4962 4878 4782 4670 4493 4324 4062 3813 3539 3240 2944 2619 2263 1920 1646 1364 1040 779 551 338 
4442 3644 2791 2001 1313 877 564 356 194 122 65 22 9 3 3 1 1 0 0 0 0 0 
3811 2223 1052 442 106 25 10 2 0 0 0 0 0 0 0 0 0 0 0 0 0 0 
3274 1413 454 110 3 1 2 0 0 0 0 0 0 0 0 0 0 0 0 0 0 0 
2661 768 141 18 0 0 0 0 0 0 0 0 0 0 0 0 0 0 0 0 0 0 
2182 392 47 3 0 0 0 0 0 0 0 0 0 0 0 0 0 0 0 0 0 0 
1716 195 11 0 0 0 0 0 0 0 0 0 0 0 0 0 0 0 0 0 0 0 
1297 67 1 0 0 0 0 0 0 0 0 0 0 0 0 0 0 0 0 0 0 0 
966 24 0 0 0 0 0 0 0 0 0 0 0 0 0 0 0 0 0 0 0 0 
673 6 0 0 0 0 0 0 0 0 0 0 0 0 0 0 0 0 0 0 0 0 
480 2 0 0 0 0 0 0 0 0 0 0 0 0 0 0 0 0 0 0 0 0 
321 0 0 0 0 0 0 0 0 0 0 0 0 0 0 0 0 0 0 0 0 0 
195 0 0 0 0 0 0 0 0 0 0 0 0 0 0 0 0 0 0 0 0 0 
117 0 0 0 0 0 0 0 0 0 0 0 0 0 0 0 0 0 0 0 0 0 
80 0 0 0 0 0 0 0 0 0 0 0 0 0 0 0 0 0 0 0 0 0 
42 0 0 0 0 0 0 0 0 0 0 0 0 0 0 0 0 0 0 0 0 0 
29 0 0 0 0 0 0 0 0 0 0 0 0 0 0 0 0 0 0 0 0 0 
16 0 0 0 0 0 0 0 0 0 0 0 0 0 0 0 0 0 0 0 0 0 
2 0 0 0 0 0 0 0 0 0 0 0 0 0 0 0 0 0 0 0 0 0 
1 0 0 0 0 0 0 0 0 0 0 0 0 0 0 0 0 0 0 0 0 0 
0 0 0 0 0 0 0 0 0 0 0 0 0 0 0 0 0 0 0 0 0 0 
0 0 0 0 0 0 0 0 0 0 0 0 0 0 0 0 0 0 0 0 0 0 
5000 4992 4978 4942 4906 4856 4821 4743 4695 4590 4491 4402 4248 4126 3929 3664 3428 3128 2776 2366 1839 1165 
3706 384 121 62 43 23 16 8 6 5 4 1 0 0 0 0 0 0 0 0 0 0 
3068 121 26 10 4 2 0 0 0 0 0 0 0 0 0 0 0 0 0 0 0 0 
2558 57 8 1 0 1 0 0 0 0 0 0 0 0 0 0 0 0 0 0 0 0 
2182 31 4 1 0 0 0 0 0 0 0 0 0 0 0 0 0 0 0 0 0 0 
1862 18 1 0 0 0 0 0 0 0 0 0 0 0 0 0 0 0 0 0 0 0 
1596 12 0 0 0 0 0 0 0 0 0 0 0 0 0 0 0 0 0 0 0 0 
1320 5 0 0 0 0 0 0 0 0 0 0 0 0 0 0 0 0 0 0 0 0 
1132 3 0 0 0 0 0 0 0 0 0 0 0 0 0 0 0 0 0 0 0 0 
902 2 0 0 0 0 0 0 0 0 0 0 0 0 0 0 0 0 0 0 0 0 
722 0 0 0 0 0 0 0 0 0 0 0 0 0 0 0 0 0 0 0 0 0 
564 0 0 0 0 0 0 0 0 0 0 0 0 0 0 0 0 0 0 0 0 0 
434 0 0 0 0 0 0 0 0 0 0 0 0 0 0 0 0 0 0 0 0 0 
328 0 0 0 0 0 0 0 0 0 0 0 0 0 0 0 0 0 0 0 0 0 
221 0 0 0 0 0 0 0 0 0 0 0 0 0 0 0 0 0 0 0 0 0 
138 0 0 0 0 0 0 0 0 0 0 0 0 0 0 0 0 0 0 0 0 0 
96 0 0 0 0 0 0 0 0 0 0 0 0 0 0 0 0 0 0 0 0 0 
62 0 0 0 0 0 0 0 0 0 0 0 0 0 0 0 0 0 0 0 0 0 
33 0 0 0 0 0 0 0 0 0 0 0 0 0 0 0 0 0 0 0 0 0 
8 0 0 0 0 0 0 0 0 0 0 0 0 0 0 0 0 0 0 0 0 0 
3 0 0 0 0 0 0 0 0 0 0 0 0 0 0 0 0 0 0 0 0 0 
0 0 0 0 0 0 0 0 0 0 0 0 0 0 0 0 0 0 0 0 0 0 
5000 4990 4977 4919 4888 4836 4800 4732 4612 4542 4442 4319 4148 3968 3746 3501 3247 2915 2532 2117 1618 1012 
3861 256 96 45 24 14 10 6 5 3 0 0 0 0 0 0 0 0 0 0 0 0 
3270 62 19 2 0 0 0 0 0 0 0 0 0 0 0 0 0 0 0 0 0 0 
2815 23 7 0 0 0 0 0 0 0 0 0 0 0 0 0 0 0 0 0 0 0 
2452 15 3 0 0 0 0 0 0 0 0 0 0 0 0 0 0 0 0 0 0 0 
2096 8 1 0 0 0 0 0 0 0 0 0 0 0 0 0 0 0 0 0 0 0 
1790 6 0 0 0 0 0 0 0 0 0 0 0 0 0 0 0 0 0 0 0 0 
1541 2 0 0 0 0 0 0 0 0 0 0 0 0 0 0 0 0 0 0 0 0 
1319 2 0 0 0 0 0 0 0 0 0 0 0 0 0 0 0 0 0 0 0 0 
1085 0 0 0 0 0 0 0 0 0 0 0 0 0 0 0 0 0 0 0 0 0 
874 1 0 0 0 0 0 0 0 0 0 0 0 0 0 0 0 0 0 0 0 0 
710 0 0 0 0 0 0 0 0 0 0 0 0 0 0 0 0 0 0 0 0 0 
557 0 0 0 0 0 0 0 0 0 0 0 0 0 0 0 0 0 0 0 0 0 
413 0 0 0 0 0 0 0 0 0 0 0 0 0 0 0 0 0 0 0 0 0 
318 1 0 0 0 0 0 0 0 0 0 0 0 0 0 0 0 0 0 0 0 0 
201 1 0 0 0 0 0 0 0 0 0 0 0 0 0 0 0 0 0 0 0 0 
112 0 0 0 0 0 0 0 0 0 0 0 0 0 0 0 0 0 0 0 0 0 
62 0 0 0 0 0 0 0 0 0 0 0 0 0 0 0 0 0 0 0 0 0 
34 0 0 0 0 0 0 0 0 0 0 0 0 0 0 0 0 0 0 0 0 0 
12 0 0 0 0 0 0 0 0 0 0 0 0 0 0 0 0 0 0 0 0 0 
4 0 0 0 0 0 0 0 0 0 0 0 0 0 0 0 0 0 0 0 0 0 
1 0 0 0 0 0 0 0 0 0 0 0 0 0 0 0 0 0 0 0 0 0 
5000 4993 4986 4965 4926 4885 4872 4801 4751 4707 4623 4519 4433 4314 4176 3995 3787 3570 3275 2929 2465 1729 
3215 1 0 0 0 0 0 0 0 0 0 0 0 0 0 0 0 0 0 0 0 0 
2520 0 0 0 0 0 0 0 0 0 0 0 0 0 0 0 0 0 0 0 0 0 
2098 0 0 0 0 0 0 0 0 0 0 0 0 0 0 0 0 0 0 0 0 0 
1733 0 0 0 0 0 0 0 0 0 0 0 0 0 0 0 0 0 0 0 0 0 
1466 0 0 0 0 0 0 0 0 0 0 0 0 0 0 0 0 0 0 0 0 0 
1263 0 0 0 0 0 0 0 0 0 0 0 0 0 0 0 0 0 0 0 0 0 
1090 0 0 0 0 0 0 0 0 0 0 0 0 0 0 0 0 0 0 0 0 0 
889 0 0 0 0 0 0 0 0 0 0 0 0 0 0 0 0 0 0 0 0 0 
734 0 0 0 0 0 0 0 0 0 0 0 0 0 0 0 0 0 0 0 0 0 
583 0 0 0 0 0 0 0 0 0 0 0 0 0 0 0 0 0 0 0 0 0 
483 0 0 0 0 0 0 0 0 0 0 0 0 0 0 0 0 0 0 0 0 0 
376 0 0 0 0 0 0 0 0 0 0 0 0 0 0 0 0 0 0 0 0 0 
293 0 0 0 0 0 0 0 0 0 0 0 0 0 0 0 0 0 0 0 0 0 
222 0 0 0 0 0 0 0 0 0 0 0 0 0 0 0 0 0 0 0 0 0 
144 0 0 0 0 0 0 0 0 0 0 0 0 0 0 0 0 0 0 0 0 0 
91 0 0 0 0 0 0 0 0 0 0 0 0 0 0 0 0 0 0 0 0 0 
52 0 0 0 0 0 0 0 0 0 0 0 0 0 0 0 0 0 0 0 0 0 
32 0 0 0 0 0 0 0 0 0 0 0 0 0 0 0 0 0 0 0 0 0 
11 0 0 0 0 0 0 0 0 0 0 0 0 0 0 0 0 0 0 0 0 0 
3 0 0 0 0 0 0 0 0 0 0 0 0 0 0 0 0 0 0 0 0 0 
0 0 0 0 0 0 0 0 0 0 0 0 0 0 0 0 0 0 0 0 0 0 
5000 4993 4976 4946 4902 4826 4778 4718 4662 4583 4459 4327 4165 3982 3773 3519 3220 2839 2479 2074 1525 896 
3965 147 47 28 11 8 5 3 1 0 1 0 0 0 0 0 0 0 0 0 0 0 
3339 39 7 4 0 0 0 0 0 0 0 0 0 0 0 0 0 0 0 0 0 0 
2889 21 1 0 0 0 0 0 0 0 0 0 0 0 0 0 0 0 0 0 0 0 
2529 9 0 0 0 0 0 0 0 0 0 0 0 0 0 0 0 0 0 0 0 0 
2201 4 1 0 0 0 0 0 0 0 0 0 0 0 0 0 0 0 0 0 0 0 
1897 0 0 0 0 0 0 0 0 0 0 0 0 0 0 0 0 0 0 0 0 0 
1572 0 0 0 0 0 0 0 0 0 0 0 0 0 0 0 0 0 0 0 0 0 
1280 0 0 0 0 0 0 0 0 0 0 0 0 0 0 0 0 0 0 0 0 0 
1089 0 0 0 0 0 0 0 0 0 0 0 0 0 0 0 0 0 0 0 0 0 
870 0 0 0 0 0 0 0 0 0 0 0 0 0 0 0 0 0 0 0 0 0 
729 0 0 0 0 0 0 0 0 0 0 0 0 0 0 0 0 0 0 0 0 0 
532 0 0 0 0 0 0 0 0 0 0 0 0 0 0 0 0 0 0 0 0 0 
401 0 0 0 0 0 0 0 0 0 0 0 0 0 0 0 0 0 0 0 0 0 
296 0 0 0 0 0 0 0 0 0 0 0 0 0 0 0 0 0 0 0 0 0 
183 0 0 0 0 0 0 0 0 0 0 0 0 0 0 0 0 0 0 0 0 0 
125 0 0 0 0 0 0 0 0 0 0 0 0 0 0 0 0 0 0 0 0 0 
74 0 0 0 0 0 0 0 0 0 0 0 0 0 0 0 0 0 0 0 0 0 
32 0 0 0 0 0 0 0 0 0 0 0 0 0 0 0 0 0 0 0 0 0 
15 0 0 0 0 0 0 0 0 0 0 0 0 0 0 0 0 0 0 0 0 0 
3 0 0 0 0 0 0 0 0 0 0 0 0 0 0 0 0 0 0 0 0 0 
0 0 0 0 0 0 0 0 0 0 0 0 0 0 0 0 0 0 0 0 0 0 
5000 4991 4970 4945 4917 4871 4835 4803 4735 4672 4604 4494 4372 4227 4075 3914 3719 3480 3181 2813 2300 1621 
3322 0 0 0 0 0 0 0 0 0 0 0 0 0 0 0 0 0 0 0 0 0 
2645 0 0 0 0 0 0 0 0 0 0 0 0 0 0 0 0 0 0 0 0 0 
2226 0 0 0 0 0 0 0 0 0 0 0 0 0 0 0 0 0 0 0 0 0 
1880 0 0 0 0 0 0 0 0 0 0 0 0 0 0 0 0 0 0 0 0 0 
1620 0 0 0 0 0 0 0 0 0 0 0 0 0 0 0 0 0 0 0 0 0 
1353 0 0 0 0 0 0 0 0 0 0 0 0 0 0 0 0 0 0 0 0 0 
1131 0 0 0 0 0 0 0 0 0 0 0 0 0 0 0 0 0 0 0 0 0 
975 0 0 0 0 0 0 0 0 0 0 0 0 0 0 0 0 0 0 0 0 0 
796 0 0 0 0 0 0 0 0 0 0 0 0 0 0 0 0 0 0 0 0 0 
647 0 0 0 0 0 0 0 0 0 0 0 0 0 0 0 0 0 0 0 0 0 
527 0 0 0 0 0 0 0 0 0 0 0 0 0 0 0 0 0 0 0 0 0 
422 0 0 0 0 0 0 0 0 0 0 0 0 0 0 0 0 0 0 0 0 0 
303 0 0 0 0 0 0 0 0 0 0 0 0 0 0 0 0 0 0 0 0 0 
230 0 0 0 0 0 0 0 0 0 0 0 0 0 0 0 0 0 0 0 0 0 
149 0 0 0 0 0 0 0 0 0 0 0 0 0 0 0 0 0 0 0 0 0 
104 0 0 0 0 0 0 0 0 0 0 0 0 0 0 0 0 0 0 0 0 0 
62 0 0 0 0 0 0 0 0 0 0 0 0 0 0 0 0 0 0 0 0 0 
40 0 0 0 0 0 0 0 0 0 0 0 0 0 0 0 0 0 0 0 0 0 
22 0 0 0 0 0 0 0 0 0 0 0 0 0 0 0 0 0 0 0 0 0 
7 0 0 0 0 0 0 0 0 0 0 0 0 0 0 0 0 0 0 0 0 0 
0 0 0 0 0 0 0 0 0 0 0 0 0 0 0 0 0 0 0 0 0 0 
5000 4993 4987 4941 4919 4888 4844 4823 4732 4681 4603 4522 4387 4278 4127 3955 3765 3465 3159 2783 2307 1594 
3335 0 0 0 0 0 0 0 0 0 0 0 0 0 0 0 0 0 0 0 0 0 
2634 0 0 0 0 0 0 0 0 0 0 0 0 0 0 0 0 0 0 0 0 0 
2239 0 0 0 0 0 0 0 0 0 0 0 0 0 0 0 0 0 0 0 0 0 
1849 0 0 0 0 0 0 0 0 0 0 0 0 0 0 0 0 0 0 0 0 0 
1599 0 0 0 0 0 0 0 0 0 0 0 0 0 0 0 0 0 0 0 0 0 
1332 0 0 0 0 0 0 0 0 0 0 0 0 0 0 0 0 0 0 0 0 0 
1138 0 0 0 0 0 0 0 0 0 0 0 0 0 0 0 0 0 0 0 0 0 
959 0 0 0 0 0 0 0 0 0 0 0 0 0 0 0 0 0 0 0 0 0 
772 0 0 0 0 0 0 0 0 0 0 0 0 0 0 0 0 0 0 0 0 0 
641 0 0 0 0 0 0 0 0 0 0 0 0 0 0 0 0 0 0 0 0 0 
478 0 0 0 0 0 0 0 0 0 0 0 0 0 0 0 0 0 0 0 0 0 
395 0 0 0 0 0 0 0 0 0 0 0 0 0 0 0 0 0 0 0 0 0 
287 0 0 0 0 0 0 0 0 0 0 0 0 0 0 0 0 0 0 0 0 0 
219 0 0 0 0 0 0 0 0 0 0 0 0 0 0 0 0 0 0 0 0 0 
163 0 0 0 0 0 0 0 0 0 0 0 0 0 0 0 0 0 0 0 0 0 
107 0 0 0 0 0 0 0 0 0 0 0 0 0 0 0 0 0 0 0 0 0 
62 0 0 0 0 0 0 0 0 0 0 0 0 0 0 0 0 0 0 0 0 0 
24 0 0 0 0 0 0 0 0 0 0 0 0 0 0 0 0 0 0 0 0 0 
11 0 0 0 0 0 0 0 0 0 0 0 0 0 0 0 0 0 0 0 0 0 
3 0 0 0 0 0 0 0 0 0 0 0 0 0 0 0 0 0 0 0 0 0 
0 0 0 0 0 0 0 0 0 0 0 0 0 0 0 0 0 0 0 0 0 0 
5000 4992 4992 4959 4936 4918 4869 4846 4814 4754 4688 4616 4568 4481 4401 4283 4123 3923 3708 3417 2996 2385 
2568 0 0 0 0 0 0 0 0 0 0 0 0 0 0 0 0 0 0 0 0 0 
1971 0 0 0 0 0 0 0 0 0 0 0 0 0 0 0 0 0 0 0 0 0 
1632 0 0 0 0 0 0 0 0 0 0 0 0 0 0 0 0 0 0 0 0 0 
1337 0 0 0 0 0 0 0 0 0 0 0 0 0 0 0 0 0 0 0 0 0 
1092 0 0 0 0 0 0 0 0 0 0 0 0 0 0 0 0 0 0 0 0 0 
964 0 0 0 0 0 0 0 0 0 0 0 0 0 0 0 0 0 0 0 0 0 
804 0 0 0 0 0 0 0 0 0 0 0 0 0 0 0 0 0 0 0 0 0 
642 0 0 0 0 0 0 0 0 0 0 0 0 0 0 0 0 0 0 0 0 0 
545 0 0 0 0 0 0 0 0 0 0 0 0 0 0 0 0 0 0 0 0 0 
445 0 0 0 0 0 0 0 0 0 0 0 0 0 0 0 0 0 0 0 0 0 
378 0 0 0 0 0 0 0 0 0 0 0 0 0 0 0 0 0 0 0 0 0 
283 0 0 0 0 0 0 0 0 0 0 0 0 0 0 0 0 0 0 0 0 0 
228 0 0 0 0 0 0 0 0 0 0 0 0 0 0 0 0 0 0 0 0 0 
163 0 0 0 0 0 0 0 0 0 0 0 0 0 0 0 0 0 0 0 0 0 
123 0 0 0 0 0 0 0 0 0 0 0 0 0 0 0 0 0 0 0 0 0 
73 0 0 0 0 0 0 0 0 0 0 0 0 0 0 0 0 0 0 0 0 0 
46 0 0 0 0 0 0 0 0 0 0 0 0 0 0 0 0 0 0 0 0 0 
27 0 0 0 0 0 0 0 0 0 0 0 0 0 0 0 0 0 0 0 0 0 
7 0 0 0 0 0 0 0 0 0 0 0 0 0 0 0 0 0 0 0 0 0 
3 0 0 0 0 0 0 0 0 0 0 0 0 0 0 0 0 0 0 0 0 0 
0 0 0 0 0 0 0 0 0 0 0 0 0 0 0 0 0 0 0 0 0 0 
5000 4988 4976 4952 4905 4841 4787 4705 4631 4535 4456 4312 4150 3993 3756 3518 3213 2865 2496 2014 1512 907 
3958 86 28 15 8 5 3 2 0 0 0 0 0 0 0 0 0 0 0 0 0 0 
3392 25 5 1 0 0 0 0 0 0 0 0 0 0 0 0 0 0 0 0 0 0 
2945 12 1 0 0 0 0 0 0 0 0 0 0 0 0 0 0 0 0 0 0 0 
2563 5 0 0 0 0 0 0 0 0 0 0 0 0 0 0 0 0 0 0 0 0 
2185 3 0 0 0 0 0 0 0 0 0 0 0 0 0 0 0 0 0 0 0 0 
1883 2 0 0 0 0 0 0 0 0 0 0 0 0 0 0 0 0 0 0 0 0 
1612 1 0 0 0 0 0 0 0 0 0 0 0 0 0 0 0 0 0 0 0 0 
1355 1 0 0 0 0 0 0 0 0 0 0 0 0 0 0 0 0 0 0 0 0 
1097 0 0 0 0 0 0 0 0 0 0 0 0 0 0 0 0 0 0 0 0 0 
893 0 0 0 0 0 0 0 0 0 0 0 0 0 0 0 0 0 0 0 0 0 
699 0 0 0 0 0 0 0 0 0 0 0 0 0 0 0 0 0 0 0 0 0 
532 0 0 0 0 0 0 0 0 0 0 0 0 0 0 0 0 0 0 0 0 0 
397 0 0 0 0 0 0 0 0 0 0 0 0 0 0 0 0 0 0 0 0 0 
299 0 0 0 0 0 0 0 0 0 0 0 0 0 0 0 0 0 0 0 0 0 
194 0 0 0 0 0 0 0 0 0 0 0 0 0 0 0 0 0 0 0 0 0 
130 0 0 0 0 0 0 0 0 0 0 0 0 0 0 0 0 0 0 0 0 0 
94 0 0 0 0 0 0 0 0 0 0 0 0 0 0 0 0 0 0 0 0 0 
43 0 0 0 0 0 0 0 0 0 0 0 0 0 0 0 0 0 0 0 0 0 
12 0 0 0 0 0 0 0 0 0 0 0 0 0 0 0 0 0 0 0 0 0 
2 0 0 0 0 0 0 0 0 0 0 0 0 0 0 0 0 0 0 0 0 0 
0 0 0 0 0 0 0 0 0 0 0 0 0 0 0 0 0 0 0 0 0 0 
5000 4996 4979 4955 4907 4887 4848 4770 4730 4656 4567 4489 4379 4228 4077 3910 3696 3470 3150 2769 2309 1620 
3339 0 0 0 0 0 0 0 0 0 0 0 0 0 0 0 0 0 0 0 0 0 
2647 0 0 0 0 0 0 0 0 0 0 0 0 0 0 0 0 0 0 0 0 0 
2237 0 0 0 0 0 0 0 0 0 0 0 0 0 0 0 0 0 0 0 0 0 
1892 0 0 0 0 0 0 0 0 0 0 0 0 0 0 0 0 0 0 0 0 0 
1586 0 0 0 0 0 0 0 0 0 0 0 0 0 0 0 0 0 0 0 0 0 
1405 0 0 0 0 0 0 0 0 0 0 0 0 0 0 0 0 0 0 0 0 0 
1157 0 0 0 0 0 0 0 0 0 0 0 0 0 0 0 0 0 0 0 0 0 
998 0 0 0 0 0 0 0 0 0 0 0 0 0 0 0 0 0 0 0 0 0 
822 0 0 0 0 0 0 0 0 0 0 0 0 0 0 0 0 0 0 0 0 0 
663 0 0 0 0 0 0 0 0 0 0 0 0 0 0 0 0 0 0 0 0 0 
536 0 0 0 0 0 0 0 0 0 0 0 0 0 0 0 0 0 0 0 0 0 
434 0 0 0 0 0 0 0 0 0 0 0 0 0 0 0 0 0 0 0 0 0 
310 0 0 0 0 0 0 0 0 0 0 0 0 0 0 0 0 0 0 0 0 0 
230 0 0 0 0 0 0 0 0 0 0 0 0 0 0 0 0 0 0 0 0 0 
147 0 0 0 0 0 0 0 0 0 0 0 0 0 0 0 0 0 0 0 0 0 
104 0 0 0 0 0 0 0 0 0 0 0 0 0 0 0 0 0 0 0 0 0 
53 0 0 0 0 0 0 0 0 0 0 0 0 0 0 0 0 0 0 0 0 0 
29 0 0 0 0 0 0 0 0 0 0 0 0 0 0 0 0 0 0 0 0 0 
14 0 0 0 0 0 0 0 0 0 0 0 0 0 0 0 0 0 0 0 0 0 
4 0 0 0 0 0 0 0 0 0 0 0 0 0 0 0 0 0 0 0 0 0 
1 0 0 0 0 0 0 0 0 0 0 0 0 0 0 0 0 0 0 0 0 0 
5000 4990 4981 4955 4921 4865 4845 4779 4729 4666 4569 4488 4389 4236 4088 3905 3693 3423 3152 2783 2296 1623 
3314 0 0 0 0 0 0 0 0 0 0 0 0 0 0 0 0 0 0 0 0 0 
2650 0 0 0 0 0 0 0 0 0 0 0 0 0 0 0 0 0 0 0 0 0 
2228 0 0 0 0 0 0 0 0 0 0 0 0 0 0 0 0 0 0 0 0 0 
1937 0 0 0 0 0 0 0 0 0 0 0 0 0 0 0 0 0 0 0 0 0 
1619 0 0 0 0 0 0 0 0 0 0 0 0 0 0 0 0 0 0 0 0 0 
1390 0 0 0 0 0 0 0 0 0 0 0 0 0 0 0 0 0 0 0 0 0 
1173 0 0 0 0 0 0 0 0 0 0 0 0 0 0 0 0 0 0 0 0 0 
996 0 0 0 0 0 0 0 0 0 0 0 0 0 0 0 0 0 0 0 0 0 
824 0 0 0 0 0 0 0 0 0 0 0 0 0 0 0 0 0 0 0 0 0 
661 0 0 0 0 0 0 0 0 0 0 0 0 0 0 0 0 0 0 0 0 0 
534 0 0 0 0 0 0 0 0 0 0 0 0 0 0 0 0 0 0 0 0 0 
402 0 0 0 0 0 0 0 0 0 0 0 0 0 0 0 0 0 0 0 0 0 
305 0 0 0 0 0 0 0 0 0 0 0 0 0 0 0 0 0 0 0 0 0 
230 0 0 0 0 0 0 0 0 0 0 0 0 0 0 0 0 0 0 0 0 0 
151 0 0 0 0 0 0 0 0 0 0 0 0 0 0 0 0 0 0 0 0 0 
95 0 0 0 0 0 0 0 0 0 0 0 0 0 0 0 0 0 0 0 0 0 
61 0 0 0 0 0 0 0 0 0 0 0 0 0 0 0 0 0 0 0 0 0 
38 0 0 0 0 0 0 0 0 0 0 0 0 0 0 0 0 0 0 0 0 0 
12 0 0 0 0 0 0 0 0 0 0 0 0 0 0 0 0 0 0 0 0 0 
3 0 0 0 0 0 0 0 0 0 0 0 0 0 0 0 0 0 0 0 0 0 
1 0 0 0 0 0 0 0 0 0 0 0 0 0 0 0 0 0 0 0 0 0 
5000 4997 4989 4969 4956 4924 4887 4841 4814 4749 4714 4661 4584 4487 4389 4260 4100 3931 3692 3398 3015 2415 
2553 0 0 0 0 0 0 0 0 0 0 0 0 0 0 0 0 0 0 0 0 0 
1923 0 0 0 0 0 0 0 0 0 0 0 0 0 0 0 0 0 0 0 0 0 
1619 0 0 0 0 0 0 0 0 0 0 0 0 0 0 0 0 0 0 0 0 0 
1363 0 0 0 0 0 0 0 0 0 0 0 0 0 0 0 0 0 0 0 0 0 
1139 0 0 0 0 0 0 0 0 0 0 0 0 0 0 0 0 0 0 0 0 0 
942 0 0 0 0 0 0 0 0 0 0 0 0 0 0 0 0 0 0 0 0 0 
785 0 0 0 0 0 0 0 0 0 0 0 0 0 0 0 0 0 0 0 0 0 
681 0 0 0 0 0 0 0 0 0 0 0 0 0 0 0 0 0 0 0 0 0 
533 0 0 0 0 0 0 0 0 0 0 0 0 0 0 0 0 0 0 0 0 0 
442 0 0 0 0 0 0 0 0 0 0 0 0 0 0 0 0 0 0 0 0 0 
342 0 0 0 0 0 0 0 0 0 0 0 0 0 0 0 0 0 0 0 0 0 
275 0 0 0 0 0 0 0 0 0 0 0 0 0 0 0 0 0 0 0 0 0 
199 0 0 0 0 0 0 0 0 0 0 0 0 0 0 0 0 0 0 0 0 0 
161 0 0 0 0 0 0 0 0 0 0 0 0 0 0 0 0 0 0 0 0 0 
109 0 0 0 0 0 0 0 0 0 0 0 0 0 0 0 0 0 0 0 0 0 
75 0 0 0 0 0 0 0 0 0 0 0 0 0 0 0 0 0 0 0 0 0 
48 0 0 0 0 0 0 0 0 0 0 0 0 0 0 0 0 0 0 0 0 0 
26 0 0 0 0 0 0 0 0 0 0 0 0 0 0 0 0 0 0 0 0 0 
8 0 0 0 0 0 0 0 0 0 0 0 0 0 0 0 0 0 0 0 0 0 
3 0 0 0 0 0 0 0 0 0 0 0 0 0 0 0 0 0 0 0 0 0 
2 0 0 0 0 0 0 0 0 0 0 0 0 0 0 0 0 0 0 0 0 0 
5000 4992 4987 4957 4904 4875 4804 4779 4715 4653 4562 4440 4327 4211 4090 3874 3664 3438 3169 2838 2321 1617 
3353 0 0 0 0 0 0 0 0 0 0 0 0 0 0 0 0 0 0 0 0 0 
2642 0 0 0 0 0 0 0 0 0 0 0 0 0 0 0 0 0 0 0 0 0 
2192 0 0 0 0 0 0 0 0 0 0 0 0 0 0 0 0 0 0 0 0 0 
1886 0 0 0 0 0 0 0 0 0 0 0 0 0 0 0 0 0 0 0 0 0 
1605 0 0 0 0 0 0 0 0 0 0 0 0 0 0 0 0 0 0 0 0 0 
1377 0 0 0 0 0 0 0 0 0 0 0 0 0 0 0 0 0 0 0 0 0 
1168 0 0 0 0 0 0 0 0 0 0 0 0 0 0 0 0 0 0 0 0 0 
1006 0 0 0 0 0 0 0 0 0 0 0 0 0 0 0 0 0 0 0 0 0 
822 0 0 0 0 0 0 0 0 0 0 0 0 0 0 0 0 0 0 0 0 0 
689 0 0 0 0 0 0 0 0 0 0 0 0 0 0 0 0 0 0 0 0 0 
567 0 0 0 0 0 0 0 0 0 0 0 0 0 0 0 0 0 0 0 0 0 
448 0 0 0 0 0 0 0 0 0 0 0 0 0 0 0 0 0 0 0 0 0 
341 0 0 0 0 0 0 0 0 0 0 0 0 0 0 0 0 0 0 0 0 0 
241 0 0 0 0 0 0 0 0 0 0 0 0 0 0 0 0 0 0 0 0 0 
177 0 0 0 0 0 0 0 0 0 0 0 0 0 0 0 0 0 0 0 0 0 
122 0 0 0 0 0 0 0 0 0 0 0 0 0 0 0 0 0 0 0 0 0 
80 0 0 0 0 0 0 0 0 0 0 0 0 0 0 0 0 0 0 0 0 0 
47 0 0 0 0 0 0 0 0 0 0 0 0 0 0 0 0 0 0 0 0 0 
17 0 0 0 0 0 0 0 0 0 0 0 0 0 0 0 0 0 0 0 0 0 
1 0 0 0 0 0 0 0 0 0 0 0 0 0 0 0 0 0 0 0 0 0 
2 0 0 0 0 0 0 0 0 0 0 0 0 0 0 0 0 0 0 0 0 0 
5000 4992 4990 4954 4924 4897 4871 4834 4795 4744 4689 4614 4541 4429 4358 4236 4075 3871 3662 3369 2982 2376 
2607 0 0 0 0 0 0 0 0 0 0 0 0 0 0 0 0 0 0 0 0 0 
1948 0 0 0 0 0 0 0 0 0 0 0 0 0 0 0 0 0 0 0 0 0 
1651 0 0 0 0 0 0 0 0 0 0 0 0 0 0 0 0 0 0 0 0 0 
1362 0 0 0 0 0 0 0 0 0 0 0 0 0 0 0 0 0 0 0 0 0 
1174 0 0 0 0 0 0 0 0 0 0 0 0 0 0 0 0 0 0 0 0 0 
999 0 0 0 0 0 0 0 0 0 0 0 0 0 0 0 0 0 0 0 0 0 
835 0 0 0 0 0 0 0 0 0 0 0 0 0 0 0 0 0 0 0 0 0 
701 0 0 0 0 0 0 0 0 0 0 0 0 0 0 0 0 0 0 0 0 0 
594 0 0 0 0 0 0 0 0 0 0 0 0 0 0 0 0 0 0 0 0 0 
485 0 0 0 0 0 0 0 0 0 0 0 0 0 0 0 0 0 0 0 0 0 
392 0 0 0 0 0 0 0 0 0 0 0 0 0 0 0 0 0 0 0 0 0 
322 0 0 0 0 0 0 0 0 0 0 0 0 0 0 0 0 0 0 0 0 0 
245 0 0 0 0 0 0 0 0 0 0 0 0 0 0 0 0 0 0 0 0 0 
174 0 0 0 0 0 0 0 0 0 0 0 0 0 0 0 0 0 0 0 0 0 
117 0 0 0 0 0 0 0 0 0 0 0 0 0 0 0 0 0 0 0 0 0 
95 0 0 0 0 0 0 0 0 0 0 0 0 0 0 0 0 0 0 0 0 0 
54 0 0 0 0 0 0 0 0 0 0 0 0 0 0 0 0 0 0 0 0 0 
28 0 0 0 0 0 0 0 0 0 0 0 0 0 0 0 0 0 0 0 0 0 
9 0 0 0 0 0 0 0 0 0 0 0 0 0 0 0 0 0 0 0 0 0 
4 0 0 0 0 0 0 0 0 0 0 0 0 0 0 0 0 0 0 0 0 0 
1 0 0 0 0 0 0 0 0 0 0 0 0 0 0 0 0 0 0 0 0 0 
5000 4994 4995 4967 4947 4914 4869 4842 4824 4783 4712 4668 4578 4511 4380 4246 4089 3912 3699 3424 3037 2423 
2538 0 0 0 0 0 0 0 0 0 0 0 0 0 0 0 0 0 0 0 0 0 
1935 0 0 0 0 0 0 0 0 0 0 0 0 0 0 0 0 0 0 0 0 0 
1589 0 0 0 0 0 0 0 0 0 0 0 0 0 0 0 0 0 0 0 0 0 
1342 0 0 0 0 0 0 0 0 0 0 0 0 0 0 0 0 0 0 0 0 0 
1129 0 0 0 0 0 0 0 0 0 0 0 0 0 0 0 0 0 0 0 0 0 
964 0 0 0 0 0 0 0 0 0 0 0 0 0 0 0 0 0 0 0 0 0 
807 0 0 0 0 0 0 0 0 0 0 0 0 0 0 0 0 0 0 0 0 0 
659 0 0 0 0 0 0 0 0 0 0 0 0 0 0 0 0 0 0 0 0 0 
544 0 0 0 0 0 0 0 0 0 0 0 0 0 0 0 0 0 0 0 0 0 
453 0 0 0 0 0 0 0 0 0 0 0 0 0 0 0 0 0 0 0 0 0 
351 0 0 0 0 0 0 0 0 0 0 0 0 0 0 0 0 0 0 0 0 0 
273 0 0 0 0 0 0 0 0 0 0 0 0 0 0 0 0 0 0 0 0 0 
203 0 0 0 0 0 0 0 0 0 0 0 0 0 0 0 0 0 0 0 0 0 
153 0 0 0 0 0 0 0 0 0 0 0 0 0 0 0 0 0 0 0 0 0 
98 0 0 0 0 0 0 0 0 0 0 0 0 0 0 0 0 0 0 0 0 0 
70 0 0 0 0 0 0 0 0 0 0 0 0 0 0 0 0 0 0 0 0 0 
35 0 0 0 0 0 0 0 0 0 0 0 0 0 0 0 0 0 0 0 0 0 
24 0 0 0 0 0 0 0 0 0 0 0 0 0 0 0 0 0 0 0 0 0 
12 0 0 0 0 0 0 0 0 0 0 0 0 0 0 0 0 0 0 0 0 0 
7 0 0 0 0 0 0 0 0 0 0 0 0 0 0 0 0 0 0 0 0 0 
0 0 0 0 0 0 0 0 0 0 0 0 0 0 0 0 0 0 0 0 0 0 
5000 4998 4985 4970 4953 4933 4910 4882 4869 4820 4778 4739 4674 4633 4534 4462 4363 4238 4086 3895 3604 3113 
1870 0 0 0 0 0 0 0 0 0 0 0 0 0 0 0 0 0 0 0 0 0 
1399 0 0 0 0 0 0 0 0 0 0 0 0 0 0 0 0 0 0 0 0 0 
1119 0 0 0 0 0 0 0 0 0 0 0 0 0 0 0 0 0 0 0 0 0 
914 0 0 0 0 0 0 0 0 0 0 0 0 0 0 0 0 0 0 0 0 0 
784 0 0 0 0 0 0 0 0 0 0 0 0 0 0 0 0 0 0 0 0 0 
670 0 0 0 0 0 0 0 0 0 0 0 0 0 0 0 0 0 0 0 0 0 
575 0 0 0 0 0 0 0 0 0 0 0 0 0 0 0 0 0 0 0 0 0 
472 0 0 0 0 0 0 0 0 0 0 0 0 0 0 0 0 0 0 0 0 0 
412 0 0 0 0 0 0 0 0 0 0 0 0 0 0 0 0 0 0 0 0 0 
318 0 0 0 0 0 0 0 0 0 0 0 0 0 0 0 0 0 0 0 0 0 
277 0 0 0 0 0 0 0 0 0 0 0 0 0 0 0 0 0 0 0 0 0 
222 0 0 0 0 0 0 0 0 0 0 0 0 0 0 0 0 0 0 0 0 0 
172 0 0 0 0 0 0 0 0 0 0 0 0 0 0 0 0 0 0 0 0 0 
119 0 0 0 0 0 0 0 0 0 0 0 0 0 0 0 0 0 0 0 0 0 
98 0 0 0 0 0 0 0 0 0 0 0 0 0 0 0 0 0 0 0 0 0 
65 0 0 0 0 0 0 0 0 0 0 0 0 0 0 0 0 0 0 0 0 0 
39 0 0 0 0 0 0 0 0 0 0 0 0 0 0 0 0 0 0 0 0 0 
23 0 0 0 0 0 0 0 0 0 0 0 0 0 0 0 0 0 0 0 0 0 
10 0 0 0 0 0 0 0 0 0 0 0 0 0 0 0 0 0 0 0 0 0 
3 0 0 0 0 0 0 0 0 0 0 0 0 0 0 0 0 0 0 0 0 0 
0 0 0 0 0 0 0 0 0 0 0 0 0 0 0 0 0 0 0 0 0 0 
